,outputs,label_tokens,true_numeric_labels,true_label_present_in_prompt,correct,predicted_label_present_in_prompt,prompt_labels,prompt_example_indices,id,n_shots,run_number,unlimiformer,nspw
360,description,description,2,True,True,True,"{2: 151, 1: 172, 5: 122, 3: 154, 4: 141, 0: 10}","[4097, 1548, 5419, 4731, 3902, 3380, 4432, 3710, 3542, 3991, 4880, 2494, 2930, 1237, 5356, 235, 4127, 3911, 217, 3274, 932, 1468, 2624, 2837, 3687, 1483, 2116, 3691, 4885, 1822, 1115, 1952, 4887, 876, 2002, 4576, 3443, 5286, 2441, 4713, 121, 2388, 292, 5439, 83, 4206, 4866, 1120, 5436, 1558, 1312, 2596, 3921, 1887, 388, 2130, 1360, 1525, 4673, 4770, 3790, 1675, 2897, 556, 4577, 4946, 2628, 1915, 2862, 5186, 4722, 3211, 2127, 2225, 352, 1392, 1877, 2901, 1025, 4799, 1285, 2739, 5107, 4436, 415, 2864, 15, 2351, 4600, 2046, 3401, 650, 3938, 1545, 226, 4522, 992, 5069, 534, 18, 335, 3566, 3064, 2698, 989, 123, 1932, 4178, 3670, 4847, 1514, 2273, 1786, 574, 2856, 3256, 618, 4694, 5405, 4404, 2676, 3762, 5255, 3755, 2485, 5321, 536, 233, 3760, 1837, 4431, 3948, 5252, 3797, 1538, 13, 1387, 1886, 1994, 2954, 4108, 3432, 3881, 4477, 2919, 4613, 5175, 714, 1719, 4590, 3976, 3180, 2250, 2329, 3919, 5171, 3330, 2506, 3126, 3434, 223, 1272, 1304, 2738, 3311, 1290, 3073, 3199, 5388, 1989, 2828, 1431, 2509, 1643, 3373, 2821, 1188, 2859, 1955, 510, 1486, 595, 2764, 2793, 2298, 708, 1768, 5056, 5179, 4869, 2794, 2360, 4895, 1094, 5372, 2311, 2488, 1066, 2618, 429, 571, 2244, 2290, 1380, 2387, 68, 2439, 1878, 3749, 4145, 3746, 4125, 1315, 2150, 4656, 348, 770, 3019, 2275, 587, 315, 4120, 36, 2855, 3651, 2566, 4293, 640, 1490, 4054, 4959, 1835, 2354, 3522, 4901, 1243, 1571, 3332, 652, 2068, 1808, 5156, 1114, 4716, 2121, 5117, 4747, 4593, 451, 3953, 2782, 2461, 5091, 4920, 4668, 3397, 5247, 1260, 297, 2704, 3504, 3203, 2900, 384, 157, 4868, 3488, 5245, 3173, 1647, 3273, 1192, 3908, 38, 3992, 749, 5294, 3848, 860, 2479, 2459, 867, 3218, 4838, 4482, 20, 1521, 1641, 122, 3118, 2063, 2400, 3519, 1063, 2035, 3442, 2890, 1763, 2119, 5400, 1961, 4854, 2292, 2772, 527, 4917, 4955, 2172, 1186, 4006, 1388, 4382, 4717, 2798, 831, 1206, 189, 5149, 4021, 507, 3599, 3197, 5148, 539, 2171, 2575, 1615, 4032, 2592, 5425, 350, 201, 2074, 3364, 3764, 2122, 3738, 1086, 4460, 400, 63, 1662, 286, 291, 693, 3484, 2629, 4674, 2334, 1913, 4762, 2824, 4767, 4750, 4965, 1785, 2069, 583, 1797, 5051, 4848, 2634, 1507, 4085, 5159, 3279, 3927, 4, 550, 5447, 207, 2799, 551, 5144, 2563, 146, 4989, 4400, 2113, 434, 27, 4129, 3768, 3668, 3459, 3091, 1215, 4091, 1681, 2872, 4014, 4194, 779, 4029, 3756, 4760, 2476, 1749, 4658, 4871, 4348, 2757, 646, 1897, 2195, 316, 716, 4208, 5383, 825, 5370, 3078, 3778, 1702, 3984, 3847, 1150, 4300, 649, 4808, 3775, 4935, 3159, 687, 1223, 946, 4538, 4535, 3077, 5359, 780, 477, 2524, 371, 5142, 3611, 62, 1069, 4193, 883, 4130, 4328, 622, 4974, 1436, 4519, 1762, 4238, 3012, 3554, 4026, 3342, 4182, 5410, 1407, 2736, 913, 4045, 182, 1382, 3625, 1351, 3839, 3583, 2938, 46, 829, 5326, 2230, 612, 5021, 3121, 1127, 3006, 1852, 329, 118, 3794, 4081, 72, 1330, 519, 1195, 2017, 1920, 314, 1129, 3544, 1000, 282, 4041, 2857, 324, 2210, 5283, 2272, 4438, 10, 5341, 4447, 5120, 4167, 1047, 742, 4222, 2916, 3377, 2533, 2707, 2819, 42, 3054, 703, 1519, 1891, 1740, 2997, 347, 5190, 3489, 4284, 833, 4467, 2603, 4198, 4987, 4303, 2483, 435, 4121, 2536, 3048, 2561, 4425, 3177, 2774, 5313, 5078, 1804, 2780, 317, 1372, 1842, 2517, 35, 4283, 3692, 794, 4047, 4496, 4319, 1623, 896, 4416, 3383, 2217, 2330, 2026, 2565, 890, 1423, 3773, 2941, 4926, 2977, 256, 2755, 3724, 1697, 3141, 3189, 2520, 402, 1159, 1593, 508, 1536, 2376, 2842, 691, 3596, 2321, 1576, 5411, 2201, 2532, 4138, 4631, 3815, 4657, 2905, 3472, 4518, 4823, 4810, 2892, 4073, 2806, 3715, 31, 2372, 1782, 2133, 1893, 3932, 4602, 3997, 1607, 1238, 4296, 1350, 4498, 4735, 1489, 4877, 845, 1630, 3469, 4143, 4002, 106, 2773, 2881, 287, 2062, 1757, 4230, 1627, 830, 563, 1196, 2460, 5333, 2472, 1067, 1377, 4844, 3515, 4552, 958, 4347, 1170, 1543, 3120, 2239, 28, 4909, 3026, 515, 3293, 1948, 4948, 76, 970, 840, 4011, 2675, 4050, 37, 108, 4651, 3319, 3660, 5160, 4768, 1911, 5345, 23, 4419, 1815, 447, 581, 4426, 893, 2756, 1864, 4418, 4444, 1411, 3446, 3278, 1618, 4786, 3998, 2055, 2795, 4841, 1599, 1044, 2418, 2206, 1394, 3409, 4428, 5301, 5139, 4504, 3974, 4123, 2414, 3527, 4244, 4985, 3310, 3975, 1318, 952, 4822, 3414, 2223, 1506, 627, 3094, 1236, 4642, 2481, 1629, 4509, 4265, 3829, 4149, 3249, 426, 3817, 2571, 3894, 4662, 744, 4561, 1926, 3576, 2655, 1714, 2072, 1559, 3358, 4741, 2526, 2896, 5132, 613, 4331, 1969, 1727, 1293, 871, 5264, 4669, 1505, 1095]",360,750,1,False,750
17,human,human,3,True,True,True,"{2: 151, 1: 172, 5: 122, 3: 154, 4: 141, 0: 10}","[4097, 1548, 5419, 4731, 3902, 3380, 4432, 3710, 3542, 3991, 4880, 2494, 2930, 1237, 5356, 235, 4127, 3911, 217, 3274, 932, 1468, 2624, 2837, 3687, 1483, 2116, 3691, 4885, 1822, 1115, 1952, 4887, 876, 2002, 4576, 3443, 5286, 2441, 4713, 121, 2388, 292, 5439, 83, 4206, 4866, 1120, 5436, 1558, 1312, 2596, 3921, 1887, 388, 2130, 1360, 1525, 4673, 4770, 3790, 1675, 2897, 556, 4577, 4946, 2628, 1915, 2862, 5186, 4722, 3211, 2127, 2225, 352, 1392, 1877, 2901, 1025, 4799, 1285, 2739, 5107, 4436, 415, 2864, 15, 2351, 4600, 2046, 3401, 650, 3938, 1545, 226, 4522, 992, 5069, 534, 18, 335, 3566, 3064, 2698, 989, 123, 1932, 4178, 3670, 4847, 1514, 2273, 1786, 574, 2856, 3256, 618, 4694, 5405, 4404, 2676, 3762, 5255, 3755, 2485, 5321, 536, 233, 3760, 1837, 4431, 3948, 5252, 3797, 1538, 13, 1387, 1886, 1994, 2954, 4108, 3432, 3881, 4477, 2919, 4613, 5175, 714, 1719, 4590, 3976, 3180, 2250, 2329, 3919, 5171, 3330, 2506, 3126, 3434, 223, 1272, 1304, 2738, 3311, 1290, 3073, 3199, 5388, 1989, 2828, 1431, 2509, 1643, 3373, 2821, 1188, 2859, 1955, 510, 1486, 595, 2764, 2793, 2298, 708, 1768, 5056, 5179, 4869, 2794, 2360, 4895, 1094, 5372, 2311, 2488, 1066, 2618, 429, 571, 2244, 2290, 1380, 2387, 68, 2439, 1878, 3749, 4145, 3746, 4125, 1315, 2150, 4656, 348, 770, 3019, 2275, 587, 315, 4120, 36, 2855, 3651, 2566, 4293, 640, 1490, 4054, 4959, 1835, 2354, 3522, 4901, 1243, 1571, 3332, 652, 2068, 1808, 5156, 1114, 4716, 2121, 5117, 4747, 4593, 451, 3953, 2782, 2461, 5091, 4920, 4668, 3397, 5247, 1260, 297, 2704, 3504, 3203, 2900, 384, 157, 4868, 3488, 5245, 3173, 1647, 3273, 1192, 3908, 38, 3992, 749, 5294, 3848, 860, 2479, 2459, 867, 3218, 4838, 4482, 20, 1521, 1641, 122, 3118, 2063, 2400, 3519, 1063, 2035, 3442, 2890, 1763, 2119, 5400, 1961, 4854, 2292, 2772, 527, 4917, 4955, 2172, 1186, 4006, 1388, 4382, 4717, 2798, 831, 1206, 189, 5149, 4021, 507, 3599, 3197, 5148, 539, 2171, 2575, 1615, 4032, 2592, 5425, 350, 201, 2074, 3364, 3764, 2122, 3738, 1086, 4460, 400, 63, 1662, 286, 291, 693, 3484, 2629, 4674, 2334, 1913, 4762, 2824, 4767, 4750, 4965, 1785, 2069, 583, 1797, 5051, 4848, 2634, 1507, 4085, 5159, 3279, 3927, 4, 550, 5447, 207, 2799, 551, 5144, 2563, 146, 4989, 4400, 2113, 434, 27, 4129, 3768, 3668, 3459, 3091, 1215, 4091, 1681, 2872, 4014, 4194, 779, 4029, 3756, 4760, 2476, 1749, 4658, 4871, 4348, 2757, 646, 1897, 2195, 316, 716, 4208, 5383, 825, 5370, 3078, 3778, 1702, 3984, 3847, 1150, 4300, 649, 4808, 3775, 4935, 3159, 687, 1223, 946, 4538, 4535, 3077, 5359, 780, 477, 2524, 371, 5142, 3611, 62, 1069, 4193, 883, 4130, 4328, 622, 4974, 1436, 4519, 1762, 4238, 3012, 3554, 4026, 3342, 4182, 5410, 1407, 2736, 913, 4045, 182, 1382, 3625, 1351, 3839, 3583, 2938, 46, 829, 5326, 2230, 612, 5021, 3121, 1127, 3006, 1852, 329, 118, 3794, 4081, 72, 1330, 519, 1195, 2017, 1920, 314, 1129, 3544, 1000, 282, 4041, 2857, 324, 2210, 5283, 2272, 4438, 10, 5341, 4447, 5120, 4167, 1047, 742, 4222, 2916, 3377, 2533, 2707, 2819, 42, 3054, 703, 1519, 1891, 1740, 2997, 347, 5190, 3489, 4284, 833, 4467, 2603, 4198, 4987, 4303, 2483, 435, 4121, 2536, 3048, 2561, 4425, 3177, 2774, 5313, 5078, 1804, 2780, 317, 1372, 1842, 2517, 35, 4283, 3692, 794, 4047, 4496, 4319, 1623, 896, 4416, 3383, 2217, 2330, 2026, 2565, 890, 1423, 3773, 2941, 4926, 2977, 256, 2755, 3724, 1697, 3141, 3189, 2520, 402, 1159, 1593, 508, 1536, 2376, 2842, 691, 3596, 2321, 1576, 5411, 2201, 2532, 4138, 4631, 3815, 4657, 2905, 3472, 4518, 4823, 4810, 2892, 4073, 2806, 3715, 31, 2372, 1782, 2133, 1893, 3932, 4602, 3997, 1607, 1238, 4296, 1350, 4498, 4735, 1489, 4877, 845, 1630, 3469, 4143, 4002, 106, 2773, 2881, 287, 2062, 1757, 4230, 1627, 830, 563, 1196, 2460, 5333, 2472, 1067, 1377, 4844, 3515, 4552, 958, 4347, 1170, 1543, 3120, 2239, 28, 4909, 3026, 515, 3293, 1948, 4948, 76, 970, 840, 4011, 2675, 4050, 37, 108, 4651, 3319, 3660, 5160, 4768, 1911, 5345, 23, 4419, 1815, 447, 581, 4426, 893, 2756, 1864, 4418, 4444, 1411, 3446, 3278, 1618, 4786, 3998, 2055, 2795, 4841, 1599, 1044, 2418, 2206, 1394, 3409, 4428, 5301, 5139, 4504, 3974, 4123, 2414, 3527, 4244, 4985, 3310, 3975, 1318, 952, 4822, 3414, 2223, 1506, 627, 3094, 1236, 4642, 2481, 1629, 4509, 4265, 3829, 4149, 3249, 426, 3817, 2571, 3894, 4662, 744, 4561, 1926, 3576, 2655, 1714, 2072, 1559, 3358, 4741, 2526, 2896, 5132, 613, 4331, 1969, 1727, 1293, 871, 5264, 4669, 1505, 1095]",17,750,1,False,750
361,numeric,description,2,True,False,True,"{2: 151, 1: 172, 5: 122, 3: 154, 4: 141, 0: 10}","[4097, 1548, 5419, 4731, 3902, 3380, 4432, 3710, 3542, 3991, 4880, 2494, 2930, 1237, 5356, 235, 4127, 3911, 217, 3274, 932, 1468, 2624, 2837, 3687, 1483, 2116, 3691, 4885, 1822, 1115, 1952, 4887, 876, 2002, 4576, 3443, 5286, 2441, 4713, 121, 2388, 292, 5439, 83, 4206, 4866, 1120, 5436, 1558, 1312, 2596, 3921, 1887, 388, 2130, 1360, 1525, 4673, 4770, 3790, 1675, 2897, 556, 4577, 4946, 2628, 1915, 2862, 5186, 4722, 3211, 2127, 2225, 352, 1392, 1877, 2901, 1025, 4799, 1285, 2739, 5107, 4436, 415, 2864, 15, 2351, 4600, 2046, 3401, 650, 3938, 1545, 226, 4522, 992, 5069, 534, 18, 335, 3566, 3064, 2698, 989, 123, 1932, 4178, 3670, 4847, 1514, 2273, 1786, 574, 2856, 3256, 618, 4694, 5405, 4404, 2676, 3762, 5255, 3755, 2485, 5321, 536, 233, 3760, 1837, 4431, 3948, 5252, 3797, 1538, 13, 1387, 1886, 1994, 2954, 4108, 3432, 3881, 4477, 2919, 4613, 5175, 714, 1719, 4590, 3976, 3180, 2250, 2329, 3919, 5171, 3330, 2506, 3126, 3434, 223, 1272, 1304, 2738, 3311, 1290, 3073, 3199, 5388, 1989, 2828, 1431, 2509, 1643, 3373, 2821, 1188, 2859, 1955, 510, 1486, 595, 2764, 2793, 2298, 708, 1768, 5056, 5179, 4869, 2794, 2360, 4895, 1094, 5372, 2311, 2488, 1066, 2618, 429, 571, 2244, 2290, 1380, 2387, 68, 2439, 1878, 3749, 4145, 3746, 4125, 1315, 2150, 4656, 348, 770, 3019, 2275, 587, 315, 4120, 36, 2855, 3651, 2566, 4293, 640, 1490, 4054, 4959, 1835, 2354, 3522, 4901, 1243, 1571, 3332, 652, 2068, 1808, 5156, 1114, 4716, 2121, 5117, 4747, 4593, 451, 3953, 2782, 2461, 5091, 4920, 4668, 3397, 5247, 1260, 297, 2704, 3504, 3203, 2900, 384, 157, 4868, 3488, 5245, 3173, 1647, 3273, 1192, 3908, 38, 3992, 749, 5294, 3848, 860, 2479, 2459, 867, 3218, 4838, 4482, 20, 1521, 1641, 122, 3118, 2063, 2400, 3519, 1063, 2035, 3442, 2890, 1763, 2119, 5400, 1961, 4854, 2292, 2772, 527, 4917, 4955, 2172, 1186, 4006, 1388, 4382, 4717, 2798, 831, 1206, 189, 5149, 4021, 507, 3599, 3197, 5148, 539, 2171, 2575, 1615, 4032, 2592, 5425, 350, 201, 2074, 3364, 3764, 2122, 3738, 1086, 4460, 400, 63, 1662, 286, 291, 693, 3484, 2629, 4674, 2334, 1913, 4762, 2824, 4767, 4750, 4965, 1785, 2069, 583, 1797, 5051, 4848, 2634, 1507, 4085, 5159, 3279, 3927, 4, 550, 5447, 207, 2799, 551, 5144, 2563, 146, 4989, 4400, 2113, 434, 27, 4129, 3768, 3668, 3459, 3091, 1215, 4091, 1681, 2872, 4014, 4194, 779, 4029, 3756, 4760, 2476, 1749, 4658, 4871, 4348, 2757, 646, 1897, 2195, 316, 716, 4208, 5383, 825, 5370, 3078, 3778, 1702, 3984, 3847, 1150, 4300, 649, 4808, 3775, 4935, 3159, 687, 1223, 946, 4538, 4535, 3077, 5359, 780, 477, 2524, 371, 5142, 3611, 62, 1069, 4193, 883, 4130, 4328, 622, 4974, 1436, 4519, 1762, 4238, 3012, 3554, 4026, 3342, 4182, 5410, 1407, 2736, 913, 4045, 182, 1382, 3625, 1351, 3839, 3583, 2938, 46, 829, 5326, 2230, 612, 5021, 3121, 1127, 3006, 1852, 329, 118, 3794, 4081, 72, 1330, 519, 1195, 2017, 1920, 314, 1129, 3544, 1000, 282, 4041, 2857, 324, 2210, 5283, 2272, 4438, 10, 5341, 4447, 5120, 4167, 1047, 742, 4222, 2916, 3377, 2533, 2707, 2819, 42, 3054, 703, 1519, 1891, 1740, 2997, 347, 5190, 3489, 4284, 833, 4467, 2603, 4198, 4987, 4303, 2483, 435, 4121, 2536, 3048, 2561, 4425, 3177, 2774, 5313, 5078, 1804, 2780, 317, 1372, 1842, 2517, 35, 4283, 3692, 794, 4047, 4496, 4319, 1623, 896, 4416, 3383, 2217, 2330, 2026, 2565, 890, 1423, 3773, 2941, 4926, 2977, 256, 2755, 3724, 1697, 3141, 3189, 2520, 402, 1159, 1593, 508, 1536, 2376, 2842, 691, 3596, 2321, 1576, 5411, 2201, 2532, 4138, 4631, 3815, 4657, 2905, 3472, 4518, 4823, 4810, 2892, 4073, 2806, 3715, 31, 2372, 1782, 2133, 1893, 3932, 4602, 3997, 1607, 1238, 4296, 1350, 4498, 4735, 1489, 4877, 845, 1630, 3469, 4143, 4002, 106, 2773, 2881, 287, 2062, 1757, 4230, 1627, 830, 563, 1196, 2460, 5333, 2472, 1067, 1377, 4844, 3515, 4552, 958, 4347, 1170, 1543, 3120, 2239, 28, 4909, 3026, 515, 3293, 1948, 4948, 76, 970, 840, 4011, 2675, 4050, 37, 108, 4651, 3319, 3660, 5160, 4768, 1911, 5345, 23, 4419, 1815, 447, 581, 4426, 893, 2756, 1864, 4418, 4444, 1411, 3446, 3278, 1618, 4786, 3998, 2055, 2795, 4841, 1599, 1044, 2418, 2206, 1394, 3409, 4428, 5301, 5139, 4504, 3974, 4123, 2414, 3527, 4244, 4985, 3310, 3975, 1318, 952, 4822, 3414, 2223, 1506, 627, 3094, 1236, 4642, 2481, 1629, 4509, 4265, 3829, 4149, 3249, 426, 3817, 2571, 3894, 4662, 744, 4561, 1926, 3576, 2655, 1714, 2072, 1559, 3358, 4741, 2526, 2896, 5132, 613, 4331, 1969, 1727, 1293, 871, 5264, 4669, 1505, 1095]",361,750,1,False,750
411,numeric,entity,1,True,False,True,"{2: 151, 1: 172, 5: 122, 3: 154, 4: 141, 0: 10}","[4097, 1548, 5419, 4731, 3902, 3380, 4432, 3710, 3542, 3991, 4880, 2494, 2930, 1237, 5356, 235, 4127, 3911, 217, 3274, 932, 1468, 2624, 2837, 3687, 1483, 2116, 3691, 4885, 1822, 1115, 1952, 4887, 876, 2002, 4576, 3443, 5286, 2441, 4713, 121, 2388, 292, 5439, 83, 4206, 4866, 1120, 5436, 1558, 1312, 2596, 3921, 1887, 388, 2130, 1360, 1525, 4673, 4770, 3790, 1675, 2897, 556, 4577, 4946, 2628, 1915, 2862, 5186, 4722, 3211, 2127, 2225, 352, 1392, 1877, 2901, 1025, 4799, 1285, 2739, 5107, 4436, 415, 2864, 15, 2351, 4600, 2046, 3401, 650, 3938, 1545, 226, 4522, 992, 5069, 534, 18, 335, 3566, 3064, 2698, 989, 123, 1932, 4178, 3670, 4847, 1514, 2273, 1786, 574, 2856, 3256, 618, 4694, 5405, 4404, 2676, 3762, 5255, 3755, 2485, 5321, 536, 233, 3760, 1837, 4431, 3948, 5252, 3797, 1538, 13, 1387, 1886, 1994, 2954, 4108, 3432, 3881, 4477, 2919, 4613, 5175, 714, 1719, 4590, 3976, 3180, 2250, 2329, 3919, 5171, 3330, 2506, 3126, 3434, 223, 1272, 1304, 2738, 3311, 1290, 3073, 3199, 5388, 1989, 2828, 1431, 2509, 1643, 3373, 2821, 1188, 2859, 1955, 510, 1486, 595, 2764, 2793, 2298, 708, 1768, 5056, 5179, 4869, 2794, 2360, 4895, 1094, 5372, 2311, 2488, 1066, 2618, 429, 571, 2244, 2290, 1380, 2387, 68, 2439, 1878, 3749, 4145, 3746, 4125, 1315, 2150, 4656, 348, 770, 3019, 2275, 587, 315, 4120, 36, 2855, 3651, 2566, 4293, 640, 1490, 4054, 4959, 1835, 2354, 3522, 4901, 1243, 1571, 3332, 652, 2068, 1808, 5156, 1114, 4716, 2121, 5117, 4747, 4593, 451, 3953, 2782, 2461, 5091, 4920, 4668, 3397, 5247, 1260, 297, 2704, 3504, 3203, 2900, 384, 157, 4868, 3488, 5245, 3173, 1647, 3273, 1192, 3908, 38, 3992, 749, 5294, 3848, 860, 2479, 2459, 867, 3218, 4838, 4482, 20, 1521, 1641, 122, 3118, 2063, 2400, 3519, 1063, 2035, 3442, 2890, 1763, 2119, 5400, 1961, 4854, 2292, 2772, 527, 4917, 4955, 2172, 1186, 4006, 1388, 4382, 4717, 2798, 831, 1206, 189, 5149, 4021, 507, 3599, 3197, 5148, 539, 2171, 2575, 1615, 4032, 2592, 5425, 350, 201, 2074, 3364, 3764, 2122, 3738, 1086, 4460, 400, 63, 1662, 286, 291, 693, 3484, 2629, 4674, 2334, 1913, 4762, 2824, 4767, 4750, 4965, 1785, 2069, 583, 1797, 5051, 4848, 2634, 1507, 4085, 5159, 3279, 3927, 4, 550, 5447, 207, 2799, 551, 5144, 2563, 146, 4989, 4400, 2113, 434, 27, 4129, 3768, 3668, 3459, 3091, 1215, 4091, 1681, 2872, 4014, 4194, 779, 4029, 3756, 4760, 2476, 1749, 4658, 4871, 4348, 2757, 646, 1897, 2195, 316, 716, 4208, 5383, 825, 5370, 3078, 3778, 1702, 3984, 3847, 1150, 4300, 649, 4808, 3775, 4935, 3159, 687, 1223, 946, 4538, 4535, 3077, 5359, 780, 477, 2524, 371, 5142, 3611, 62, 1069, 4193, 883, 4130, 4328, 622, 4974, 1436, 4519, 1762, 4238, 3012, 3554, 4026, 3342, 4182, 5410, 1407, 2736, 913, 4045, 182, 1382, 3625, 1351, 3839, 3583, 2938, 46, 829, 5326, 2230, 612, 5021, 3121, 1127, 3006, 1852, 329, 118, 3794, 4081, 72, 1330, 519, 1195, 2017, 1920, 314, 1129, 3544, 1000, 282, 4041, 2857, 324, 2210, 5283, 2272, 4438, 10, 5341, 4447, 5120, 4167, 1047, 742, 4222, 2916, 3377, 2533, 2707, 2819, 42, 3054, 703, 1519, 1891, 1740, 2997, 347, 5190, 3489, 4284, 833, 4467, 2603, 4198, 4987, 4303, 2483, 435, 4121, 2536, 3048, 2561, 4425, 3177, 2774, 5313, 5078, 1804, 2780, 317, 1372, 1842, 2517, 35, 4283, 3692, 794, 4047, 4496, 4319, 1623, 896, 4416, 3383, 2217, 2330, 2026, 2565, 890, 1423, 3773, 2941, 4926, 2977, 256, 2755, 3724, 1697, 3141, 3189, 2520, 402, 1159, 1593, 508, 1536, 2376, 2842, 691, 3596, 2321, 1576, 5411, 2201, 2532, 4138, 4631, 3815, 4657, 2905, 3472, 4518, 4823, 4810, 2892, 4073, 2806, 3715, 31, 2372, 1782, 2133, 1893, 3932, 4602, 3997, 1607, 1238, 4296, 1350, 4498, 4735, 1489, 4877, 845, 1630, 3469, 4143, 4002, 106, 2773, 2881, 287, 2062, 1757, 4230, 1627, 830, 563, 1196, 2460, 5333, 2472, 1067, 1377, 4844, 3515, 4552, 958, 4347, 1170, 1543, 3120, 2239, 28, 4909, 3026, 515, 3293, 1948, 4948, 76, 970, 840, 4011, 2675, 4050, 37, 108, 4651, 3319, 3660, 5160, 4768, 1911, 5345, 23, 4419, 1815, 447, 581, 4426, 893, 2756, 1864, 4418, 4444, 1411, 3446, 3278, 1618, 4786, 3998, 2055, 2795, 4841, 1599, 1044, 2418, 2206, 1394, 3409, 4428, 5301, 5139, 4504, 3974, 4123, 2414, 3527, 4244, 4985, 3310, 3975, 1318, 952, 4822, 3414, 2223, 1506, 627, 3094, 1236, 4642, 2481, 1629, 4509, 4265, 3829, 4149, 3249, 426, 3817, 2571, 3894, 4662, 744, 4561, 1926, 3576, 2655, 1714, 2072, 1559, 3358, 4741, 2526, 2896, 5132, 613, 4331, 1969, 1727, 1293, 871, 5264, 4669, 1505, 1095]",411,750,1,False,750
67,description,description,2,True,True,True,"{2: 151, 1: 172, 5: 122, 3: 154, 4: 141, 0: 10}","[4097, 1548, 5419, 4731, 3902, 3380, 4432, 3710, 3542, 3991, 4880, 2494, 2930, 1237, 5356, 235, 4127, 3911, 217, 3274, 932, 1468, 2624, 2837, 3687, 1483, 2116, 3691, 4885, 1822, 1115, 1952, 4887, 876, 2002, 4576, 3443, 5286, 2441, 4713, 121, 2388, 292, 5439, 83, 4206, 4866, 1120, 5436, 1558, 1312, 2596, 3921, 1887, 388, 2130, 1360, 1525, 4673, 4770, 3790, 1675, 2897, 556, 4577, 4946, 2628, 1915, 2862, 5186, 4722, 3211, 2127, 2225, 352, 1392, 1877, 2901, 1025, 4799, 1285, 2739, 5107, 4436, 415, 2864, 15, 2351, 4600, 2046, 3401, 650, 3938, 1545, 226, 4522, 992, 5069, 534, 18, 335, 3566, 3064, 2698, 989, 123, 1932, 4178, 3670, 4847, 1514, 2273, 1786, 574, 2856, 3256, 618, 4694, 5405, 4404, 2676, 3762, 5255, 3755, 2485, 5321, 536, 233, 3760, 1837, 4431, 3948, 5252, 3797, 1538, 13, 1387, 1886, 1994, 2954, 4108, 3432, 3881, 4477, 2919, 4613, 5175, 714, 1719, 4590, 3976, 3180, 2250, 2329, 3919, 5171, 3330, 2506, 3126, 3434, 223, 1272, 1304, 2738, 3311, 1290, 3073, 3199, 5388, 1989, 2828, 1431, 2509, 1643, 3373, 2821, 1188, 2859, 1955, 510, 1486, 595, 2764, 2793, 2298, 708, 1768, 5056, 5179, 4869, 2794, 2360, 4895, 1094, 5372, 2311, 2488, 1066, 2618, 429, 571, 2244, 2290, 1380, 2387, 68, 2439, 1878, 3749, 4145, 3746, 4125, 1315, 2150, 4656, 348, 770, 3019, 2275, 587, 315, 4120, 36, 2855, 3651, 2566, 4293, 640, 1490, 4054, 4959, 1835, 2354, 3522, 4901, 1243, 1571, 3332, 652, 2068, 1808, 5156, 1114, 4716, 2121, 5117, 4747, 4593, 451, 3953, 2782, 2461, 5091, 4920, 4668, 3397, 5247, 1260, 297, 2704, 3504, 3203, 2900, 384, 157, 4868, 3488, 5245, 3173, 1647, 3273, 1192, 3908, 38, 3992, 749, 5294, 3848, 860, 2479, 2459, 867, 3218, 4838, 4482, 20, 1521, 1641, 122, 3118, 2063, 2400, 3519, 1063, 2035, 3442, 2890, 1763, 2119, 5400, 1961, 4854, 2292, 2772, 527, 4917, 4955, 2172, 1186, 4006, 1388, 4382, 4717, 2798, 831, 1206, 189, 5149, 4021, 507, 3599, 3197, 5148, 539, 2171, 2575, 1615, 4032, 2592, 5425, 350, 201, 2074, 3364, 3764, 2122, 3738, 1086, 4460, 400, 63, 1662, 286, 291, 693, 3484, 2629, 4674, 2334, 1913, 4762, 2824, 4767, 4750, 4965, 1785, 2069, 583, 1797, 5051, 4848, 2634, 1507, 4085, 5159, 3279, 3927, 4, 550, 5447, 207, 2799, 551, 5144, 2563, 146, 4989, 4400, 2113, 434, 27, 4129, 3768, 3668, 3459, 3091, 1215, 4091, 1681, 2872, 4014, 4194, 779, 4029, 3756, 4760, 2476, 1749, 4658, 4871, 4348, 2757, 646, 1897, 2195, 316, 716, 4208, 5383, 825, 5370, 3078, 3778, 1702, 3984, 3847, 1150, 4300, 649, 4808, 3775, 4935, 3159, 687, 1223, 946, 4538, 4535, 3077, 5359, 780, 477, 2524, 371, 5142, 3611, 62, 1069, 4193, 883, 4130, 4328, 622, 4974, 1436, 4519, 1762, 4238, 3012, 3554, 4026, 3342, 4182, 5410, 1407, 2736, 913, 4045, 182, 1382, 3625, 1351, 3839, 3583, 2938, 46, 829, 5326, 2230, 612, 5021, 3121, 1127, 3006, 1852, 329, 118, 3794, 4081, 72, 1330, 519, 1195, 2017, 1920, 314, 1129, 3544, 1000, 282, 4041, 2857, 324, 2210, 5283, 2272, 4438, 10, 5341, 4447, 5120, 4167, 1047, 742, 4222, 2916, 3377, 2533, 2707, 2819, 42, 3054, 703, 1519, 1891, 1740, 2997, 347, 5190, 3489, 4284, 833, 4467, 2603, 4198, 4987, 4303, 2483, 435, 4121, 2536, 3048, 2561, 4425, 3177, 2774, 5313, 5078, 1804, 2780, 317, 1372, 1842, 2517, 35, 4283, 3692, 794, 4047, 4496, 4319, 1623, 896, 4416, 3383, 2217, 2330, 2026, 2565, 890, 1423, 3773, 2941, 4926, 2977, 256, 2755, 3724, 1697, 3141, 3189, 2520, 402, 1159, 1593, 508, 1536, 2376, 2842, 691, 3596, 2321, 1576, 5411, 2201, 2532, 4138, 4631, 3815, 4657, 2905, 3472, 4518, 4823, 4810, 2892, 4073, 2806, 3715, 31, 2372, 1782, 2133, 1893, 3932, 4602, 3997, 1607, 1238, 4296, 1350, 4498, 4735, 1489, 4877, 845, 1630, 3469, 4143, 4002, 106, 2773, 2881, 287, 2062, 1757, 4230, 1627, 830, 563, 1196, 2460, 5333, 2472, 1067, 1377, 4844, 3515, 4552, 958, 4347, 1170, 1543, 3120, 2239, 28, 4909, 3026, 515, 3293, 1948, 4948, 76, 970, 840, 4011, 2675, 4050, 37, 108, 4651, 3319, 3660, 5160, 4768, 1911, 5345, 23, 4419, 1815, 447, 581, 4426, 893, 2756, 1864, 4418, 4444, 1411, 3446, 3278, 1618, 4786, 3998, 2055, 2795, 4841, 1599, 1044, 2418, 2206, 1394, 3409, 4428, 5301, 5139, 4504, 3974, 4123, 2414, 3527, 4244, 4985, 3310, 3975, 1318, 952, 4822, 3414, 2223, 1506, 627, 3094, 1236, 4642, 2481, 1629, 4509, 4265, 3829, 4149, 3249, 426, 3817, 2571, 3894, 4662, 744, 4561, 1926, 3576, 2655, 1714, 2072, 1559, 3358, 4741, 2526, 2896, 5132, 613, 4331, 1969, 1727, 1293, 871, 5264, 4669, 1505, 1095]",67,750,1,False,750
425,numeric,entity,1,True,False,True,"{2: 151, 1: 172, 5: 122, 3: 154, 4: 141, 0: 10}","[4097, 1548, 5419, 4731, 3902, 3380, 4432, 3710, 3542, 3991, 4880, 2494, 2930, 1237, 5356, 235, 4127, 3911, 217, 3274, 932, 1468, 2624, 2837, 3687, 1483, 2116, 3691, 4885, 1822, 1115, 1952, 4887, 876, 2002, 4576, 3443, 5286, 2441, 4713, 121, 2388, 292, 5439, 83, 4206, 4866, 1120, 5436, 1558, 1312, 2596, 3921, 1887, 388, 2130, 1360, 1525, 4673, 4770, 3790, 1675, 2897, 556, 4577, 4946, 2628, 1915, 2862, 5186, 4722, 3211, 2127, 2225, 352, 1392, 1877, 2901, 1025, 4799, 1285, 2739, 5107, 4436, 415, 2864, 15, 2351, 4600, 2046, 3401, 650, 3938, 1545, 226, 4522, 992, 5069, 534, 18, 335, 3566, 3064, 2698, 989, 123, 1932, 4178, 3670, 4847, 1514, 2273, 1786, 574, 2856, 3256, 618, 4694, 5405, 4404, 2676, 3762, 5255, 3755, 2485, 5321, 536, 233, 3760, 1837, 4431, 3948, 5252, 3797, 1538, 13, 1387, 1886, 1994, 2954, 4108, 3432, 3881, 4477, 2919, 4613, 5175, 714, 1719, 4590, 3976, 3180, 2250, 2329, 3919, 5171, 3330, 2506, 3126, 3434, 223, 1272, 1304, 2738, 3311, 1290, 3073, 3199, 5388, 1989, 2828, 1431, 2509, 1643, 3373, 2821, 1188, 2859, 1955, 510, 1486, 595, 2764, 2793, 2298, 708, 1768, 5056, 5179, 4869, 2794, 2360, 4895, 1094, 5372, 2311, 2488, 1066, 2618, 429, 571, 2244, 2290, 1380, 2387, 68, 2439, 1878, 3749, 4145, 3746, 4125, 1315, 2150, 4656, 348, 770, 3019, 2275, 587, 315, 4120, 36, 2855, 3651, 2566, 4293, 640, 1490, 4054, 4959, 1835, 2354, 3522, 4901, 1243, 1571, 3332, 652, 2068, 1808, 5156, 1114, 4716, 2121, 5117, 4747, 4593, 451, 3953, 2782, 2461, 5091, 4920, 4668, 3397, 5247, 1260, 297, 2704, 3504, 3203, 2900, 384, 157, 4868, 3488, 5245, 3173, 1647, 3273, 1192, 3908, 38, 3992, 749, 5294, 3848, 860, 2479, 2459, 867, 3218, 4838, 4482, 20, 1521, 1641, 122, 3118, 2063, 2400, 3519, 1063, 2035, 3442, 2890, 1763, 2119, 5400, 1961, 4854, 2292, 2772, 527, 4917, 4955, 2172, 1186, 4006, 1388, 4382, 4717, 2798, 831, 1206, 189, 5149, 4021, 507, 3599, 3197, 5148, 539, 2171, 2575, 1615, 4032, 2592, 5425, 350, 201, 2074, 3364, 3764, 2122, 3738, 1086, 4460, 400, 63, 1662, 286, 291, 693, 3484, 2629, 4674, 2334, 1913, 4762, 2824, 4767, 4750, 4965, 1785, 2069, 583, 1797, 5051, 4848, 2634, 1507, 4085, 5159, 3279, 3927, 4, 550, 5447, 207, 2799, 551, 5144, 2563, 146, 4989, 4400, 2113, 434, 27, 4129, 3768, 3668, 3459, 3091, 1215, 4091, 1681, 2872, 4014, 4194, 779, 4029, 3756, 4760, 2476, 1749, 4658, 4871, 4348, 2757, 646, 1897, 2195, 316, 716, 4208, 5383, 825, 5370, 3078, 3778, 1702, 3984, 3847, 1150, 4300, 649, 4808, 3775, 4935, 3159, 687, 1223, 946, 4538, 4535, 3077, 5359, 780, 477, 2524, 371, 5142, 3611, 62, 1069, 4193, 883, 4130, 4328, 622, 4974, 1436, 4519, 1762, 4238, 3012, 3554, 4026, 3342, 4182, 5410, 1407, 2736, 913, 4045, 182, 1382, 3625, 1351, 3839, 3583, 2938, 46, 829, 5326, 2230, 612, 5021, 3121, 1127, 3006, 1852, 329, 118, 3794, 4081, 72, 1330, 519, 1195, 2017, 1920, 314, 1129, 3544, 1000, 282, 4041, 2857, 324, 2210, 5283, 2272, 4438, 10, 5341, 4447, 5120, 4167, 1047, 742, 4222, 2916, 3377, 2533, 2707, 2819, 42, 3054, 703, 1519, 1891, 1740, 2997, 347, 5190, 3489, 4284, 833, 4467, 2603, 4198, 4987, 4303, 2483, 435, 4121, 2536, 3048, 2561, 4425, 3177, 2774, 5313, 5078, 1804, 2780, 317, 1372, 1842, 2517, 35, 4283, 3692, 794, 4047, 4496, 4319, 1623, 896, 4416, 3383, 2217, 2330, 2026, 2565, 890, 1423, 3773, 2941, 4926, 2977, 256, 2755, 3724, 1697, 3141, 3189, 2520, 402, 1159, 1593, 508, 1536, 2376, 2842, 691, 3596, 2321, 1576, 5411, 2201, 2532, 4138, 4631, 3815, 4657, 2905, 3472, 4518, 4823, 4810, 2892, 4073, 2806, 3715, 31, 2372, 1782, 2133, 1893, 3932, 4602, 3997, 1607, 1238, 4296, 1350, 4498, 4735, 1489, 4877, 845, 1630, 3469, 4143, 4002, 106, 2773, 2881, 287, 2062, 1757, 4230, 1627, 830, 563, 1196, 2460, 5333, 2472, 1067, 1377, 4844, 3515, 4552, 958, 4347, 1170, 1543, 3120, 2239, 28, 4909, 3026, 515, 3293, 1948, 4948, 76, 970, 840, 4011, 2675, 4050, 37, 108, 4651, 3319, 3660, 5160, 4768, 1911, 5345, 23, 4419, 1815, 447, 581, 4426, 893, 2756, 1864, 4418, 4444, 1411, 3446, 3278, 1618, 4786, 3998, 2055, 2795, 4841, 1599, 1044, 2418, 2206, 1394, 3409, 4428, 5301, 5139, 4504, 3974, 4123, 2414, 3527, 4244, 4985, 3310, 3975, 1318, 952, 4822, 3414, 2223, 1506, 627, 3094, 1236, 4642, 2481, 1629, 4509, 4265, 3829, 4149, 3249, 426, 3817, 2571, 3894, 4662, 744, 4561, 1926, 3576, 2655, 1714, 2072, 1559, 3358, 4741, 2526, 2896, 5132, 613, 4331, 1969, 1727, 1293, 871, 5264, 4669, 1505, 1095]",425,750,1,False,750
104,numeric,location,4,True,False,True,"{2: 151, 1: 172, 5: 122, 3: 154, 4: 141, 0: 10}","[4097, 1548, 5419, 4731, 3902, 3380, 4432, 3710, 3542, 3991, 4880, 2494, 2930, 1237, 5356, 235, 4127, 3911, 217, 3274, 932, 1468, 2624, 2837, 3687, 1483, 2116, 3691, 4885, 1822, 1115, 1952, 4887, 876, 2002, 4576, 3443, 5286, 2441, 4713, 121, 2388, 292, 5439, 83, 4206, 4866, 1120, 5436, 1558, 1312, 2596, 3921, 1887, 388, 2130, 1360, 1525, 4673, 4770, 3790, 1675, 2897, 556, 4577, 4946, 2628, 1915, 2862, 5186, 4722, 3211, 2127, 2225, 352, 1392, 1877, 2901, 1025, 4799, 1285, 2739, 5107, 4436, 415, 2864, 15, 2351, 4600, 2046, 3401, 650, 3938, 1545, 226, 4522, 992, 5069, 534, 18, 335, 3566, 3064, 2698, 989, 123, 1932, 4178, 3670, 4847, 1514, 2273, 1786, 574, 2856, 3256, 618, 4694, 5405, 4404, 2676, 3762, 5255, 3755, 2485, 5321, 536, 233, 3760, 1837, 4431, 3948, 5252, 3797, 1538, 13, 1387, 1886, 1994, 2954, 4108, 3432, 3881, 4477, 2919, 4613, 5175, 714, 1719, 4590, 3976, 3180, 2250, 2329, 3919, 5171, 3330, 2506, 3126, 3434, 223, 1272, 1304, 2738, 3311, 1290, 3073, 3199, 5388, 1989, 2828, 1431, 2509, 1643, 3373, 2821, 1188, 2859, 1955, 510, 1486, 595, 2764, 2793, 2298, 708, 1768, 5056, 5179, 4869, 2794, 2360, 4895, 1094, 5372, 2311, 2488, 1066, 2618, 429, 571, 2244, 2290, 1380, 2387, 68, 2439, 1878, 3749, 4145, 3746, 4125, 1315, 2150, 4656, 348, 770, 3019, 2275, 587, 315, 4120, 36, 2855, 3651, 2566, 4293, 640, 1490, 4054, 4959, 1835, 2354, 3522, 4901, 1243, 1571, 3332, 652, 2068, 1808, 5156, 1114, 4716, 2121, 5117, 4747, 4593, 451, 3953, 2782, 2461, 5091, 4920, 4668, 3397, 5247, 1260, 297, 2704, 3504, 3203, 2900, 384, 157, 4868, 3488, 5245, 3173, 1647, 3273, 1192, 3908, 38, 3992, 749, 5294, 3848, 860, 2479, 2459, 867, 3218, 4838, 4482, 20, 1521, 1641, 122, 3118, 2063, 2400, 3519, 1063, 2035, 3442, 2890, 1763, 2119, 5400, 1961, 4854, 2292, 2772, 527, 4917, 4955, 2172, 1186, 4006, 1388, 4382, 4717, 2798, 831, 1206, 189, 5149, 4021, 507, 3599, 3197, 5148, 539, 2171, 2575, 1615, 4032, 2592, 5425, 350, 201, 2074, 3364, 3764, 2122, 3738, 1086, 4460, 400, 63, 1662, 286, 291, 693, 3484, 2629, 4674, 2334, 1913, 4762, 2824, 4767, 4750, 4965, 1785, 2069, 583, 1797, 5051, 4848, 2634, 1507, 4085, 5159, 3279, 3927, 4, 550, 5447, 207, 2799, 551, 5144, 2563, 146, 4989, 4400, 2113, 434, 27, 4129, 3768, 3668, 3459, 3091, 1215, 4091, 1681, 2872, 4014, 4194, 779, 4029, 3756, 4760, 2476, 1749, 4658, 4871, 4348, 2757, 646, 1897, 2195, 316, 716, 4208, 5383, 825, 5370, 3078, 3778, 1702, 3984, 3847, 1150, 4300, 649, 4808, 3775, 4935, 3159, 687, 1223, 946, 4538, 4535, 3077, 5359, 780, 477, 2524, 371, 5142, 3611, 62, 1069, 4193, 883, 4130, 4328, 622, 4974, 1436, 4519, 1762, 4238, 3012, 3554, 4026, 3342, 4182, 5410, 1407, 2736, 913, 4045, 182, 1382, 3625, 1351, 3839, 3583, 2938, 46, 829, 5326, 2230, 612, 5021, 3121, 1127, 3006, 1852, 329, 118, 3794, 4081, 72, 1330, 519, 1195, 2017, 1920, 314, 1129, 3544, 1000, 282, 4041, 2857, 324, 2210, 5283, 2272, 4438, 10, 5341, 4447, 5120, 4167, 1047, 742, 4222, 2916, 3377, 2533, 2707, 2819, 42, 3054, 703, 1519, 1891, 1740, 2997, 347, 5190, 3489, 4284, 833, 4467, 2603, 4198, 4987, 4303, 2483, 435, 4121, 2536, 3048, 2561, 4425, 3177, 2774, 5313, 5078, 1804, 2780, 317, 1372, 1842, 2517, 35, 4283, 3692, 794, 4047, 4496, 4319, 1623, 896, 4416, 3383, 2217, 2330, 2026, 2565, 890, 1423, 3773, 2941, 4926, 2977, 256, 2755, 3724, 1697, 3141, 3189, 2520, 402, 1159, 1593, 508, 1536, 2376, 2842, 691, 3596, 2321, 1576, 5411, 2201, 2532, 4138, 4631, 3815, 4657, 2905, 3472, 4518, 4823, 4810, 2892, 4073, 2806, 3715, 31, 2372, 1782, 2133, 1893, 3932, 4602, 3997, 1607, 1238, 4296, 1350, 4498, 4735, 1489, 4877, 845, 1630, 3469, 4143, 4002, 106, 2773, 2881, 287, 2062, 1757, 4230, 1627, 830, 563, 1196, 2460, 5333, 2472, 1067, 1377, 4844, 3515, 4552, 958, 4347, 1170, 1543, 3120, 2239, 28, 4909, 3026, 515, 3293, 1948, 4948, 76, 970, 840, 4011, 2675, 4050, 37, 108, 4651, 3319, 3660, 5160, 4768, 1911, 5345, 23, 4419, 1815, 447, 581, 4426, 893, 2756, 1864, 4418, 4444, 1411, 3446, 3278, 1618, 4786, 3998, 2055, 2795, 4841, 1599, 1044, 2418, 2206, 1394, 3409, 4428, 5301, 5139, 4504, 3974, 4123, 2414, 3527, 4244, 4985, 3310, 3975, 1318, 952, 4822, 3414, 2223, 1506, 627, 3094, 1236, 4642, 2481, 1629, 4509, 4265, 3829, 4149, 3249, 426, 3817, 2571, 3894, 4662, 744, 4561, 1926, 3576, 2655, 1714, 2072, 1559, 3358, 4741, 2526, 2896, 5132, 613, 4331, 1969, 1727, 1293, 871, 5264, 4669, 1505, 1095]",104,750,1,False,750
394,description,description,2,True,True,True,"{2: 151, 1: 172, 5: 122, 3: 154, 4: 141, 0: 10}","[4097, 1548, 5419, 4731, 3902, 3380, 4432, 3710, 3542, 3991, 4880, 2494, 2930, 1237, 5356, 235, 4127, 3911, 217, 3274, 932, 1468, 2624, 2837, 3687, 1483, 2116, 3691, 4885, 1822, 1115, 1952, 4887, 876, 2002, 4576, 3443, 5286, 2441, 4713, 121, 2388, 292, 5439, 83, 4206, 4866, 1120, 5436, 1558, 1312, 2596, 3921, 1887, 388, 2130, 1360, 1525, 4673, 4770, 3790, 1675, 2897, 556, 4577, 4946, 2628, 1915, 2862, 5186, 4722, 3211, 2127, 2225, 352, 1392, 1877, 2901, 1025, 4799, 1285, 2739, 5107, 4436, 415, 2864, 15, 2351, 4600, 2046, 3401, 650, 3938, 1545, 226, 4522, 992, 5069, 534, 18, 335, 3566, 3064, 2698, 989, 123, 1932, 4178, 3670, 4847, 1514, 2273, 1786, 574, 2856, 3256, 618, 4694, 5405, 4404, 2676, 3762, 5255, 3755, 2485, 5321, 536, 233, 3760, 1837, 4431, 3948, 5252, 3797, 1538, 13, 1387, 1886, 1994, 2954, 4108, 3432, 3881, 4477, 2919, 4613, 5175, 714, 1719, 4590, 3976, 3180, 2250, 2329, 3919, 5171, 3330, 2506, 3126, 3434, 223, 1272, 1304, 2738, 3311, 1290, 3073, 3199, 5388, 1989, 2828, 1431, 2509, 1643, 3373, 2821, 1188, 2859, 1955, 510, 1486, 595, 2764, 2793, 2298, 708, 1768, 5056, 5179, 4869, 2794, 2360, 4895, 1094, 5372, 2311, 2488, 1066, 2618, 429, 571, 2244, 2290, 1380, 2387, 68, 2439, 1878, 3749, 4145, 3746, 4125, 1315, 2150, 4656, 348, 770, 3019, 2275, 587, 315, 4120, 36, 2855, 3651, 2566, 4293, 640, 1490, 4054, 4959, 1835, 2354, 3522, 4901, 1243, 1571, 3332, 652, 2068, 1808, 5156, 1114, 4716, 2121, 5117, 4747, 4593, 451, 3953, 2782, 2461, 5091, 4920, 4668, 3397, 5247, 1260, 297, 2704, 3504, 3203, 2900, 384, 157, 4868, 3488, 5245, 3173, 1647, 3273, 1192, 3908, 38, 3992, 749, 5294, 3848, 860, 2479, 2459, 867, 3218, 4838, 4482, 20, 1521, 1641, 122, 3118, 2063, 2400, 3519, 1063, 2035, 3442, 2890, 1763, 2119, 5400, 1961, 4854, 2292, 2772, 527, 4917, 4955, 2172, 1186, 4006, 1388, 4382, 4717, 2798, 831, 1206, 189, 5149, 4021, 507, 3599, 3197, 5148, 539, 2171, 2575, 1615, 4032, 2592, 5425, 350, 201, 2074, 3364, 3764, 2122, 3738, 1086, 4460, 400, 63, 1662, 286, 291, 693, 3484, 2629, 4674, 2334, 1913, 4762, 2824, 4767, 4750, 4965, 1785, 2069, 583, 1797, 5051, 4848, 2634, 1507, 4085, 5159, 3279, 3927, 4, 550, 5447, 207, 2799, 551, 5144, 2563, 146, 4989, 4400, 2113, 434, 27, 4129, 3768, 3668, 3459, 3091, 1215, 4091, 1681, 2872, 4014, 4194, 779, 4029, 3756, 4760, 2476, 1749, 4658, 4871, 4348, 2757, 646, 1897, 2195, 316, 716, 4208, 5383, 825, 5370, 3078, 3778, 1702, 3984, 3847, 1150, 4300, 649, 4808, 3775, 4935, 3159, 687, 1223, 946, 4538, 4535, 3077, 5359, 780, 477, 2524, 371, 5142, 3611, 62, 1069, 4193, 883, 4130, 4328, 622, 4974, 1436, 4519, 1762, 4238, 3012, 3554, 4026, 3342, 4182, 5410, 1407, 2736, 913, 4045, 182, 1382, 3625, 1351, 3839, 3583, 2938, 46, 829, 5326, 2230, 612, 5021, 3121, 1127, 3006, 1852, 329, 118, 3794, 4081, 72, 1330, 519, 1195, 2017, 1920, 314, 1129, 3544, 1000, 282, 4041, 2857, 324, 2210, 5283, 2272, 4438, 10, 5341, 4447, 5120, 4167, 1047, 742, 4222, 2916, 3377, 2533, 2707, 2819, 42, 3054, 703, 1519, 1891, 1740, 2997, 347, 5190, 3489, 4284, 833, 4467, 2603, 4198, 4987, 4303, 2483, 435, 4121, 2536, 3048, 2561, 4425, 3177, 2774, 5313, 5078, 1804, 2780, 317, 1372, 1842, 2517, 35, 4283, 3692, 794, 4047, 4496, 4319, 1623, 896, 4416, 3383, 2217, 2330, 2026, 2565, 890, 1423, 3773, 2941, 4926, 2977, 256, 2755, 3724, 1697, 3141, 3189, 2520, 402, 1159, 1593, 508, 1536, 2376, 2842, 691, 3596, 2321, 1576, 5411, 2201, 2532, 4138, 4631, 3815, 4657, 2905, 3472, 4518, 4823, 4810, 2892, 4073, 2806, 3715, 31, 2372, 1782, 2133, 1893, 3932, 4602, 3997, 1607, 1238, 4296, 1350, 4498, 4735, 1489, 4877, 845, 1630, 3469, 4143, 4002, 106, 2773, 2881, 287, 2062, 1757, 4230, 1627, 830, 563, 1196, 2460, 5333, 2472, 1067, 1377, 4844, 3515, 4552, 958, 4347, 1170, 1543, 3120, 2239, 28, 4909, 3026, 515, 3293, 1948, 4948, 76, 970, 840, 4011, 2675, 4050, 37, 108, 4651, 3319, 3660, 5160, 4768, 1911, 5345, 23, 4419, 1815, 447, 581, 4426, 893, 2756, 1864, 4418, 4444, 1411, 3446, 3278, 1618, 4786, 3998, 2055, 2795, 4841, 1599, 1044, 2418, 2206, 1394, 3409, 4428, 5301, 5139, 4504, 3974, 4123, 2414, 3527, 4244, 4985, 3310, 3975, 1318, 952, 4822, 3414, 2223, 1506, 627, 3094, 1236, 4642, 2481, 1629, 4509, 4265, 3829, 4149, 3249, 426, 3817, 2571, 3894, 4662, 744, 4561, 1926, 3576, 2655, 1714, 2072, 1559, 3358, 4741, 2526, 2896, 5132, 613, 4331, 1969, 1727, 1293, 871, 5264, 4669, 1505, 1095]",394,750,1,False,750
450,numeric,entity,1,True,False,True,"{2: 151, 1: 172, 5: 122, 3: 154, 4: 141, 0: 10}","[4097, 1548, 5419, 4731, 3902, 3380, 4432, 3710, 3542, 3991, 4880, 2494, 2930, 1237, 5356, 235, 4127, 3911, 217, 3274, 932, 1468, 2624, 2837, 3687, 1483, 2116, 3691, 4885, 1822, 1115, 1952, 4887, 876, 2002, 4576, 3443, 5286, 2441, 4713, 121, 2388, 292, 5439, 83, 4206, 4866, 1120, 5436, 1558, 1312, 2596, 3921, 1887, 388, 2130, 1360, 1525, 4673, 4770, 3790, 1675, 2897, 556, 4577, 4946, 2628, 1915, 2862, 5186, 4722, 3211, 2127, 2225, 352, 1392, 1877, 2901, 1025, 4799, 1285, 2739, 5107, 4436, 415, 2864, 15, 2351, 4600, 2046, 3401, 650, 3938, 1545, 226, 4522, 992, 5069, 534, 18, 335, 3566, 3064, 2698, 989, 123, 1932, 4178, 3670, 4847, 1514, 2273, 1786, 574, 2856, 3256, 618, 4694, 5405, 4404, 2676, 3762, 5255, 3755, 2485, 5321, 536, 233, 3760, 1837, 4431, 3948, 5252, 3797, 1538, 13, 1387, 1886, 1994, 2954, 4108, 3432, 3881, 4477, 2919, 4613, 5175, 714, 1719, 4590, 3976, 3180, 2250, 2329, 3919, 5171, 3330, 2506, 3126, 3434, 223, 1272, 1304, 2738, 3311, 1290, 3073, 3199, 5388, 1989, 2828, 1431, 2509, 1643, 3373, 2821, 1188, 2859, 1955, 510, 1486, 595, 2764, 2793, 2298, 708, 1768, 5056, 5179, 4869, 2794, 2360, 4895, 1094, 5372, 2311, 2488, 1066, 2618, 429, 571, 2244, 2290, 1380, 2387, 68, 2439, 1878, 3749, 4145, 3746, 4125, 1315, 2150, 4656, 348, 770, 3019, 2275, 587, 315, 4120, 36, 2855, 3651, 2566, 4293, 640, 1490, 4054, 4959, 1835, 2354, 3522, 4901, 1243, 1571, 3332, 652, 2068, 1808, 5156, 1114, 4716, 2121, 5117, 4747, 4593, 451, 3953, 2782, 2461, 5091, 4920, 4668, 3397, 5247, 1260, 297, 2704, 3504, 3203, 2900, 384, 157, 4868, 3488, 5245, 3173, 1647, 3273, 1192, 3908, 38, 3992, 749, 5294, 3848, 860, 2479, 2459, 867, 3218, 4838, 4482, 20, 1521, 1641, 122, 3118, 2063, 2400, 3519, 1063, 2035, 3442, 2890, 1763, 2119, 5400, 1961, 4854, 2292, 2772, 527, 4917, 4955, 2172, 1186, 4006, 1388, 4382, 4717, 2798, 831, 1206, 189, 5149, 4021, 507, 3599, 3197, 5148, 539, 2171, 2575, 1615, 4032, 2592, 5425, 350, 201, 2074, 3364, 3764, 2122, 3738, 1086, 4460, 400, 63, 1662, 286, 291, 693, 3484, 2629, 4674, 2334, 1913, 4762, 2824, 4767, 4750, 4965, 1785, 2069, 583, 1797, 5051, 4848, 2634, 1507, 4085, 5159, 3279, 3927, 4, 550, 5447, 207, 2799, 551, 5144, 2563, 146, 4989, 4400, 2113, 434, 27, 4129, 3768, 3668, 3459, 3091, 1215, 4091, 1681, 2872, 4014, 4194, 779, 4029, 3756, 4760, 2476, 1749, 4658, 4871, 4348, 2757, 646, 1897, 2195, 316, 716, 4208, 5383, 825, 5370, 3078, 3778, 1702, 3984, 3847, 1150, 4300, 649, 4808, 3775, 4935, 3159, 687, 1223, 946, 4538, 4535, 3077, 5359, 780, 477, 2524, 371, 5142, 3611, 62, 1069, 4193, 883, 4130, 4328, 622, 4974, 1436, 4519, 1762, 4238, 3012, 3554, 4026, 3342, 4182, 5410, 1407, 2736, 913, 4045, 182, 1382, 3625, 1351, 3839, 3583, 2938, 46, 829, 5326, 2230, 612, 5021, 3121, 1127, 3006, 1852, 329, 118, 3794, 4081, 72, 1330, 519, 1195, 2017, 1920, 314, 1129, 3544, 1000, 282, 4041, 2857, 324, 2210, 5283, 2272, 4438, 10, 5341, 4447, 5120, 4167, 1047, 742, 4222, 2916, 3377, 2533, 2707, 2819, 42, 3054, 703, 1519, 1891, 1740, 2997, 347, 5190, 3489, 4284, 833, 4467, 2603, 4198, 4987, 4303, 2483, 435, 4121, 2536, 3048, 2561, 4425, 3177, 2774, 5313, 5078, 1804, 2780, 317, 1372, 1842, 2517, 35, 4283, 3692, 794, 4047, 4496, 4319, 1623, 896, 4416, 3383, 2217, 2330, 2026, 2565, 890, 1423, 3773, 2941, 4926, 2977, 256, 2755, 3724, 1697, 3141, 3189, 2520, 402, 1159, 1593, 508, 1536, 2376, 2842, 691, 3596, 2321, 1576, 5411, 2201, 2532, 4138, 4631, 3815, 4657, 2905, 3472, 4518, 4823, 4810, 2892, 4073, 2806, 3715, 31, 2372, 1782, 2133, 1893, 3932, 4602, 3997, 1607, 1238, 4296, 1350, 4498, 4735, 1489, 4877, 845, 1630, 3469, 4143, 4002, 106, 2773, 2881, 287, 2062, 1757, 4230, 1627, 830, 563, 1196, 2460, 5333, 2472, 1067, 1377, 4844, 3515, 4552, 958, 4347, 1170, 1543, 3120, 2239, 28, 4909, 3026, 515, 3293, 1948, 4948, 76, 970, 840, 4011, 2675, 4050, 37, 108, 4651, 3319, 3660, 5160, 4768, 1911, 5345, 23, 4419, 1815, 447, 581, 4426, 893, 2756, 1864, 4418, 4444, 1411, 3446, 3278, 1618, 4786, 3998, 2055, 2795, 4841, 1599, 1044, 2418, 2206, 1394, 3409, 4428, 5301, 5139, 4504, 3974, 4123, 2414, 3527, 4244, 4985, 3310, 3975, 1318, 952, 4822, 3414, 2223, 1506, 627, 3094, 1236, 4642, 2481, 1629, 4509, 4265, 3829, 4149, 3249, 426, 3817, 2571, 3894, 4662, 744, 4561, 1926, 3576, 2655, 1714, 2072, 1559, 3358, 4741, 2526, 2896, 5132, 613, 4331, 1969, 1727, 1293, 871, 5264, 4669, 1505, 1095]",450,750,1,False,750
141,numeric,entity,1,True,False,True,"{2: 151, 1: 172, 5: 122, 3: 154, 4: 141, 0: 10}","[4097, 1548, 5419, 4731, 3902, 3380, 4432, 3710, 3542, 3991, 4880, 2494, 2930, 1237, 5356, 235, 4127, 3911, 217, 3274, 932, 1468, 2624, 2837, 3687, 1483, 2116, 3691, 4885, 1822, 1115, 1952, 4887, 876, 2002, 4576, 3443, 5286, 2441, 4713, 121, 2388, 292, 5439, 83, 4206, 4866, 1120, 5436, 1558, 1312, 2596, 3921, 1887, 388, 2130, 1360, 1525, 4673, 4770, 3790, 1675, 2897, 556, 4577, 4946, 2628, 1915, 2862, 5186, 4722, 3211, 2127, 2225, 352, 1392, 1877, 2901, 1025, 4799, 1285, 2739, 5107, 4436, 415, 2864, 15, 2351, 4600, 2046, 3401, 650, 3938, 1545, 226, 4522, 992, 5069, 534, 18, 335, 3566, 3064, 2698, 989, 123, 1932, 4178, 3670, 4847, 1514, 2273, 1786, 574, 2856, 3256, 618, 4694, 5405, 4404, 2676, 3762, 5255, 3755, 2485, 5321, 536, 233, 3760, 1837, 4431, 3948, 5252, 3797, 1538, 13, 1387, 1886, 1994, 2954, 4108, 3432, 3881, 4477, 2919, 4613, 5175, 714, 1719, 4590, 3976, 3180, 2250, 2329, 3919, 5171, 3330, 2506, 3126, 3434, 223, 1272, 1304, 2738, 3311, 1290, 3073, 3199, 5388, 1989, 2828, 1431, 2509, 1643, 3373, 2821, 1188, 2859, 1955, 510, 1486, 595, 2764, 2793, 2298, 708, 1768, 5056, 5179, 4869, 2794, 2360, 4895, 1094, 5372, 2311, 2488, 1066, 2618, 429, 571, 2244, 2290, 1380, 2387, 68, 2439, 1878, 3749, 4145, 3746, 4125, 1315, 2150, 4656, 348, 770, 3019, 2275, 587, 315, 4120, 36, 2855, 3651, 2566, 4293, 640, 1490, 4054, 4959, 1835, 2354, 3522, 4901, 1243, 1571, 3332, 652, 2068, 1808, 5156, 1114, 4716, 2121, 5117, 4747, 4593, 451, 3953, 2782, 2461, 5091, 4920, 4668, 3397, 5247, 1260, 297, 2704, 3504, 3203, 2900, 384, 157, 4868, 3488, 5245, 3173, 1647, 3273, 1192, 3908, 38, 3992, 749, 5294, 3848, 860, 2479, 2459, 867, 3218, 4838, 4482, 20, 1521, 1641, 122, 3118, 2063, 2400, 3519, 1063, 2035, 3442, 2890, 1763, 2119, 5400, 1961, 4854, 2292, 2772, 527, 4917, 4955, 2172, 1186, 4006, 1388, 4382, 4717, 2798, 831, 1206, 189, 5149, 4021, 507, 3599, 3197, 5148, 539, 2171, 2575, 1615, 4032, 2592, 5425, 350, 201, 2074, 3364, 3764, 2122, 3738, 1086, 4460, 400, 63, 1662, 286, 291, 693, 3484, 2629, 4674, 2334, 1913, 4762, 2824, 4767, 4750, 4965, 1785, 2069, 583, 1797, 5051, 4848, 2634, 1507, 4085, 5159, 3279, 3927, 4, 550, 5447, 207, 2799, 551, 5144, 2563, 146, 4989, 4400, 2113, 434, 27, 4129, 3768, 3668, 3459, 3091, 1215, 4091, 1681, 2872, 4014, 4194, 779, 4029, 3756, 4760, 2476, 1749, 4658, 4871, 4348, 2757, 646, 1897, 2195, 316, 716, 4208, 5383, 825, 5370, 3078, 3778, 1702, 3984, 3847, 1150, 4300, 649, 4808, 3775, 4935, 3159, 687, 1223, 946, 4538, 4535, 3077, 5359, 780, 477, 2524, 371, 5142, 3611, 62, 1069, 4193, 883, 4130, 4328, 622, 4974, 1436, 4519, 1762, 4238, 3012, 3554, 4026, 3342, 4182, 5410, 1407, 2736, 913, 4045, 182, 1382, 3625, 1351, 3839, 3583, 2938, 46, 829, 5326, 2230, 612, 5021, 3121, 1127, 3006, 1852, 329, 118, 3794, 4081, 72, 1330, 519, 1195, 2017, 1920, 314, 1129, 3544, 1000, 282, 4041, 2857, 324, 2210, 5283, 2272, 4438, 10, 5341, 4447, 5120, 4167, 1047, 742, 4222, 2916, 3377, 2533, 2707, 2819, 42, 3054, 703, 1519, 1891, 1740, 2997, 347, 5190, 3489, 4284, 833, 4467, 2603, 4198, 4987, 4303, 2483, 435, 4121, 2536, 3048, 2561, 4425, 3177, 2774, 5313, 5078, 1804, 2780, 317, 1372, 1842, 2517, 35, 4283, 3692, 794, 4047, 4496, 4319, 1623, 896, 4416, 3383, 2217, 2330, 2026, 2565, 890, 1423, 3773, 2941, 4926, 2977, 256, 2755, 3724, 1697, 3141, 3189, 2520, 402, 1159, 1593, 508, 1536, 2376, 2842, 691, 3596, 2321, 1576, 5411, 2201, 2532, 4138, 4631, 3815, 4657, 2905, 3472, 4518, 4823, 4810, 2892, 4073, 2806, 3715, 31, 2372, 1782, 2133, 1893, 3932, 4602, 3997, 1607, 1238, 4296, 1350, 4498, 4735, 1489, 4877, 845, 1630, 3469, 4143, 4002, 106, 2773, 2881, 287, 2062, 1757, 4230, 1627, 830, 563, 1196, 2460, 5333, 2472, 1067, 1377, 4844, 3515, 4552, 958, 4347, 1170, 1543, 3120, 2239, 28, 4909, 3026, 515, 3293, 1948, 4948, 76, 970, 840, 4011, 2675, 4050, 37, 108, 4651, 3319, 3660, 5160, 4768, 1911, 5345, 23, 4419, 1815, 447, 581, 4426, 893, 2756, 1864, 4418, 4444, 1411, 3446, 3278, 1618, 4786, 3998, 2055, 2795, 4841, 1599, 1044, 2418, 2206, 1394, 3409, 4428, 5301, 5139, 4504, 3974, 4123, 2414, 3527, 4244, 4985, 3310, 3975, 1318, 952, 4822, 3414, 2223, 1506, 627, 3094, 1236, 4642, 2481, 1629, 4509, 4265, 3829, 4149, 3249, 426, 3817, 2571, 3894, 4662, 744, 4561, 1926, 3576, 2655, 1714, 2072, 1559, 3358, 4741, 2526, 2896, 5132, 613, 4331, 1969, 1727, 1293, 871, 5264, 4669, 1505, 1095]",141,750,1,False,750
142,location,location,4,True,True,True,"{2: 151, 1: 172, 5: 122, 3: 154, 4: 141, 0: 10}","[4097, 1548, 5419, 4731, 3902, 3380, 4432, 3710, 3542, 3991, 4880, 2494, 2930, 1237, 5356, 235, 4127, 3911, 217, 3274, 932, 1468, 2624, 2837, 3687, 1483, 2116, 3691, 4885, 1822, 1115, 1952, 4887, 876, 2002, 4576, 3443, 5286, 2441, 4713, 121, 2388, 292, 5439, 83, 4206, 4866, 1120, 5436, 1558, 1312, 2596, 3921, 1887, 388, 2130, 1360, 1525, 4673, 4770, 3790, 1675, 2897, 556, 4577, 4946, 2628, 1915, 2862, 5186, 4722, 3211, 2127, 2225, 352, 1392, 1877, 2901, 1025, 4799, 1285, 2739, 5107, 4436, 415, 2864, 15, 2351, 4600, 2046, 3401, 650, 3938, 1545, 226, 4522, 992, 5069, 534, 18, 335, 3566, 3064, 2698, 989, 123, 1932, 4178, 3670, 4847, 1514, 2273, 1786, 574, 2856, 3256, 618, 4694, 5405, 4404, 2676, 3762, 5255, 3755, 2485, 5321, 536, 233, 3760, 1837, 4431, 3948, 5252, 3797, 1538, 13, 1387, 1886, 1994, 2954, 4108, 3432, 3881, 4477, 2919, 4613, 5175, 714, 1719, 4590, 3976, 3180, 2250, 2329, 3919, 5171, 3330, 2506, 3126, 3434, 223, 1272, 1304, 2738, 3311, 1290, 3073, 3199, 5388, 1989, 2828, 1431, 2509, 1643, 3373, 2821, 1188, 2859, 1955, 510, 1486, 595, 2764, 2793, 2298, 708, 1768, 5056, 5179, 4869, 2794, 2360, 4895, 1094, 5372, 2311, 2488, 1066, 2618, 429, 571, 2244, 2290, 1380, 2387, 68, 2439, 1878, 3749, 4145, 3746, 4125, 1315, 2150, 4656, 348, 770, 3019, 2275, 587, 315, 4120, 36, 2855, 3651, 2566, 4293, 640, 1490, 4054, 4959, 1835, 2354, 3522, 4901, 1243, 1571, 3332, 652, 2068, 1808, 5156, 1114, 4716, 2121, 5117, 4747, 4593, 451, 3953, 2782, 2461, 5091, 4920, 4668, 3397, 5247, 1260, 297, 2704, 3504, 3203, 2900, 384, 157, 4868, 3488, 5245, 3173, 1647, 3273, 1192, 3908, 38, 3992, 749, 5294, 3848, 860, 2479, 2459, 867, 3218, 4838, 4482, 20, 1521, 1641, 122, 3118, 2063, 2400, 3519, 1063, 2035, 3442, 2890, 1763, 2119, 5400, 1961, 4854, 2292, 2772, 527, 4917, 4955, 2172, 1186, 4006, 1388, 4382, 4717, 2798, 831, 1206, 189, 5149, 4021, 507, 3599, 3197, 5148, 539, 2171, 2575, 1615, 4032, 2592, 5425, 350, 201, 2074, 3364, 3764, 2122, 3738, 1086, 4460, 400, 63, 1662, 286, 291, 693, 3484, 2629, 4674, 2334, 1913, 4762, 2824, 4767, 4750, 4965, 1785, 2069, 583, 1797, 5051, 4848, 2634, 1507, 4085, 5159, 3279, 3927, 4, 550, 5447, 207, 2799, 551, 5144, 2563, 146, 4989, 4400, 2113, 434, 27, 4129, 3768, 3668, 3459, 3091, 1215, 4091, 1681, 2872, 4014, 4194, 779, 4029, 3756, 4760, 2476, 1749, 4658, 4871, 4348, 2757, 646, 1897, 2195, 316, 716, 4208, 5383, 825, 5370, 3078, 3778, 1702, 3984, 3847, 1150, 4300, 649, 4808, 3775, 4935, 3159, 687, 1223, 946, 4538, 4535, 3077, 5359, 780, 477, 2524, 371, 5142, 3611, 62, 1069, 4193, 883, 4130, 4328, 622, 4974, 1436, 4519, 1762, 4238, 3012, 3554, 4026, 3342, 4182, 5410, 1407, 2736, 913, 4045, 182, 1382, 3625, 1351, 3839, 3583, 2938, 46, 829, 5326, 2230, 612, 5021, 3121, 1127, 3006, 1852, 329, 118, 3794, 4081, 72, 1330, 519, 1195, 2017, 1920, 314, 1129, 3544, 1000, 282, 4041, 2857, 324, 2210, 5283, 2272, 4438, 10, 5341, 4447, 5120, 4167, 1047, 742, 4222, 2916, 3377, 2533, 2707, 2819, 42, 3054, 703, 1519, 1891, 1740, 2997, 347, 5190, 3489, 4284, 833, 4467, 2603, 4198, 4987, 4303, 2483, 435, 4121, 2536, 3048, 2561, 4425, 3177, 2774, 5313, 5078, 1804, 2780, 317, 1372, 1842, 2517, 35, 4283, 3692, 794, 4047, 4496, 4319, 1623, 896, 4416, 3383, 2217, 2330, 2026, 2565, 890, 1423, 3773, 2941, 4926, 2977, 256, 2755, 3724, 1697, 3141, 3189, 2520, 402, 1159, 1593, 508, 1536, 2376, 2842, 691, 3596, 2321, 1576, 5411, 2201, 2532, 4138, 4631, 3815, 4657, 2905, 3472, 4518, 4823, 4810, 2892, 4073, 2806, 3715, 31, 2372, 1782, 2133, 1893, 3932, 4602, 3997, 1607, 1238, 4296, 1350, 4498, 4735, 1489, 4877, 845, 1630, 3469, 4143, 4002, 106, 2773, 2881, 287, 2062, 1757, 4230, 1627, 830, 563, 1196, 2460, 5333, 2472, 1067, 1377, 4844, 3515, 4552, 958, 4347, 1170, 1543, 3120, 2239, 28, 4909, 3026, 515, 3293, 1948, 4948, 76, 970, 840, 4011, 2675, 4050, 37, 108, 4651, 3319, 3660, 5160, 4768, 1911, 5345, 23, 4419, 1815, 447, 581, 4426, 893, 2756, 1864, 4418, 4444, 1411, 3446, 3278, 1618, 4786, 3998, 2055, 2795, 4841, 1599, 1044, 2418, 2206, 1394, 3409, 4428, 5301, 5139, 4504, 3974, 4123, 2414, 3527, 4244, 4985, 3310, 3975, 1318, 952, 4822, 3414, 2223, 1506, 627, 3094, 1236, 4642, 2481, 1629, 4509, 4265, 3829, 4149, 3249, 426, 3817, 2571, 3894, 4662, 744, 4561, 1926, 3576, 2655, 1714, 2072, 1559, 3358, 4741, 2526, 2896, 5132, 613, 4331, 1969, 1727, 1293, 871, 5264, 4669, 1505, 1095]",142,750,1,False,750
269,numeric,description,2,True,False,True,"{2: 151, 1: 172, 5: 122, 3: 154, 4: 141, 0: 10}","[4097, 1548, 5419, 4731, 3902, 3380, 4432, 3710, 3542, 3991, 4880, 2494, 2930, 1237, 5356, 235, 4127, 3911, 217, 3274, 932, 1468, 2624, 2837, 3687, 1483, 2116, 3691, 4885, 1822, 1115, 1952, 4887, 876, 2002, 4576, 3443, 5286, 2441, 4713, 121, 2388, 292, 5439, 83, 4206, 4866, 1120, 5436, 1558, 1312, 2596, 3921, 1887, 388, 2130, 1360, 1525, 4673, 4770, 3790, 1675, 2897, 556, 4577, 4946, 2628, 1915, 2862, 5186, 4722, 3211, 2127, 2225, 352, 1392, 1877, 2901, 1025, 4799, 1285, 2739, 5107, 4436, 415, 2864, 15, 2351, 4600, 2046, 3401, 650, 3938, 1545, 226, 4522, 992, 5069, 534, 18, 335, 3566, 3064, 2698, 989, 123, 1932, 4178, 3670, 4847, 1514, 2273, 1786, 574, 2856, 3256, 618, 4694, 5405, 4404, 2676, 3762, 5255, 3755, 2485, 5321, 536, 233, 3760, 1837, 4431, 3948, 5252, 3797, 1538, 13, 1387, 1886, 1994, 2954, 4108, 3432, 3881, 4477, 2919, 4613, 5175, 714, 1719, 4590, 3976, 3180, 2250, 2329, 3919, 5171, 3330, 2506, 3126, 3434, 223, 1272, 1304, 2738, 3311, 1290, 3073, 3199, 5388, 1989, 2828, 1431, 2509, 1643, 3373, 2821, 1188, 2859, 1955, 510, 1486, 595, 2764, 2793, 2298, 708, 1768, 5056, 5179, 4869, 2794, 2360, 4895, 1094, 5372, 2311, 2488, 1066, 2618, 429, 571, 2244, 2290, 1380, 2387, 68, 2439, 1878, 3749, 4145, 3746, 4125, 1315, 2150, 4656, 348, 770, 3019, 2275, 587, 315, 4120, 36, 2855, 3651, 2566, 4293, 640, 1490, 4054, 4959, 1835, 2354, 3522, 4901, 1243, 1571, 3332, 652, 2068, 1808, 5156, 1114, 4716, 2121, 5117, 4747, 4593, 451, 3953, 2782, 2461, 5091, 4920, 4668, 3397, 5247, 1260, 297, 2704, 3504, 3203, 2900, 384, 157, 4868, 3488, 5245, 3173, 1647, 3273, 1192, 3908, 38, 3992, 749, 5294, 3848, 860, 2479, 2459, 867, 3218, 4838, 4482, 20, 1521, 1641, 122, 3118, 2063, 2400, 3519, 1063, 2035, 3442, 2890, 1763, 2119, 5400, 1961, 4854, 2292, 2772, 527, 4917, 4955, 2172, 1186, 4006, 1388, 4382, 4717, 2798, 831, 1206, 189, 5149, 4021, 507, 3599, 3197, 5148, 539, 2171, 2575, 1615, 4032, 2592, 5425, 350, 201, 2074, 3364, 3764, 2122, 3738, 1086, 4460, 400, 63, 1662, 286, 291, 693, 3484, 2629, 4674, 2334, 1913, 4762, 2824, 4767, 4750, 4965, 1785, 2069, 583, 1797, 5051, 4848, 2634, 1507, 4085, 5159, 3279, 3927, 4, 550, 5447, 207, 2799, 551, 5144, 2563, 146, 4989, 4400, 2113, 434, 27, 4129, 3768, 3668, 3459, 3091, 1215, 4091, 1681, 2872, 4014, 4194, 779, 4029, 3756, 4760, 2476, 1749, 4658, 4871, 4348, 2757, 646, 1897, 2195, 316, 716, 4208, 5383, 825, 5370, 3078, 3778, 1702, 3984, 3847, 1150, 4300, 649, 4808, 3775, 4935, 3159, 687, 1223, 946, 4538, 4535, 3077, 5359, 780, 477, 2524, 371, 5142, 3611, 62, 1069, 4193, 883, 4130, 4328, 622, 4974, 1436, 4519, 1762, 4238, 3012, 3554, 4026, 3342, 4182, 5410, 1407, 2736, 913, 4045, 182, 1382, 3625, 1351, 3839, 3583, 2938, 46, 829, 5326, 2230, 612, 5021, 3121, 1127, 3006, 1852, 329, 118, 3794, 4081, 72, 1330, 519, 1195, 2017, 1920, 314, 1129, 3544, 1000, 282, 4041, 2857, 324, 2210, 5283, 2272, 4438, 10, 5341, 4447, 5120, 4167, 1047, 742, 4222, 2916, 3377, 2533, 2707, 2819, 42, 3054, 703, 1519, 1891, 1740, 2997, 347, 5190, 3489, 4284, 833, 4467, 2603, 4198, 4987, 4303, 2483, 435, 4121, 2536, 3048, 2561, 4425, 3177, 2774, 5313, 5078, 1804, 2780, 317, 1372, 1842, 2517, 35, 4283, 3692, 794, 4047, 4496, 4319, 1623, 896, 4416, 3383, 2217, 2330, 2026, 2565, 890, 1423, 3773, 2941, 4926, 2977, 256, 2755, 3724, 1697, 3141, 3189, 2520, 402, 1159, 1593, 508, 1536, 2376, 2842, 691, 3596, 2321, 1576, 5411, 2201, 2532, 4138, 4631, 3815, 4657, 2905, 3472, 4518, 4823, 4810, 2892, 4073, 2806, 3715, 31, 2372, 1782, 2133, 1893, 3932, 4602, 3997, 1607, 1238, 4296, 1350, 4498, 4735, 1489, 4877, 845, 1630, 3469, 4143, 4002, 106, 2773, 2881, 287, 2062, 1757, 4230, 1627, 830, 563, 1196, 2460, 5333, 2472, 1067, 1377, 4844, 3515, 4552, 958, 4347, 1170, 1543, 3120, 2239, 28, 4909, 3026, 515, 3293, 1948, 4948, 76, 970, 840, 4011, 2675, 4050, 37, 108, 4651, 3319, 3660, 5160, 4768, 1911, 5345, 23, 4419, 1815, 447, 581, 4426, 893, 2756, 1864, 4418, 4444, 1411, 3446, 3278, 1618, 4786, 3998, 2055, 2795, 4841, 1599, 1044, 2418, 2206, 1394, 3409, 4428, 5301, 5139, 4504, 3974, 4123, 2414, 3527, 4244, 4985, 3310, 3975, 1318, 952, 4822, 3414, 2223, 1506, 627, 3094, 1236, 4642, 2481, 1629, 4509, 4265, 3829, 4149, 3249, 426, 3817, 2571, 3894, 4662, 744, 4561, 1926, 3576, 2655, 1714, 2072, 1559, 3358, 4741, 2526, 2896, 5132, 613, 4331, 1969, 1727, 1293, 871, 5264, 4669, 1505, 1095]",269,750,1,False,750
173,description,description,2,True,True,True,"{2: 151, 1: 172, 5: 122, 3: 154, 4: 141, 0: 10}","[4097, 1548, 5419, 4731, 3902, 3380, 4432, 3710, 3542, 3991, 4880, 2494, 2930, 1237, 5356, 235, 4127, 3911, 217, 3274, 932, 1468, 2624, 2837, 3687, 1483, 2116, 3691, 4885, 1822, 1115, 1952, 4887, 876, 2002, 4576, 3443, 5286, 2441, 4713, 121, 2388, 292, 5439, 83, 4206, 4866, 1120, 5436, 1558, 1312, 2596, 3921, 1887, 388, 2130, 1360, 1525, 4673, 4770, 3790, 1675, 2897, 556, 4577, 4946, 2628, 1915, 2862, 5186, 4722, 3211, 2127, 2225, 352, 1392, 1877, 2901, 1025, 4799, 1285, 2739, 5107, 4436, 415, 2864, 15, 2351, 4600, 2046, 3401, 650, 3938, 1545, 226, 4522, 992, 5069, 534, 18, 335, 3566, 3064, 2698, 989, 123, 1932, 4178, 3670, 4847, 1514, 2273, 1786, 574, 2856, 3256, 618, 4694, 5405, 4404, 2676, 3762, 5255, 3755, 2485, 5321, 536, 233, 3760, 1837, 4431, 3948, 5252, 3797, 1538, 13, 1387, 1886, 1994, 2954, 4108, 3432, 3881, 4477, 2919, 4613, 5175, 714, 1719, 4590, 3976, 3180, 2250, 2329, 3919, 5171, 3330, 2506, 3126, 3434, 223, 1272, 1304, 2738, 3311, 1290, 3073, 3199, 5388, 1989, 2828, 1431, 2509, 1643, 3373, 2821, 1188, 2859, 1955, 510, 1486, 595, 2764, 2793, 2298, 708, 1768, 5056, 5179, 4869, 2794, 2360, 4895, 1094, 5372, 2311, 2488, 1066, 2618, 429, 571, 2244, 2290, 1380, 2387, 68, 2439, 1878, 3749, 4145, 3746, 4125, 1315, 2150, 4656, 348, 770, 3019, 2275, 587, 315, 4120, 36, 2855, 3651, 2566, 4293, 640, 1490, 4054, 4959, 1835, 2354, 3522, 4901, 1243, 1571, 3332, 652, 2068, 1808, 5156, 1114, 4716, 2121, 5117, 4747, 4593, 451, 3953, 2782, 2461, 5091, 4920, 4668, 3397, 5247, 1260, 297, 2704, 3504, 3203, 2900, 384, 157, 4868, 3488, 5245, 3173, 1647, 3273, 1192, 3908, 38, 3992, 749, 5294, 3848, 860, 2479, 2459, 867, 3218, 4838, 4482, 20, 1521, 1641, 122, 3118, 2063, 2400, 3519, 1063, 2035, 3442, 2890, 1763, 2119, 5400, 1961, 4854, 2292, 2772, 527, 4917, 4955, 2172, 1186, 4006, 1388, 4382, 4717, 2798, 831, 1206, 189, 5149, 4021, 507, 3599, 3197, 5148, 539, 2171, 2575, 1615, 4032, 2592, 5425, 350, 201, 2074, 3364, 3764, 2122, 3738, 1086, 4460, 400, 63, 1662, 286, 291, 693, 3484, 2629, 4674, 2334, 1913, 4762, 2824, 4767, 4750, 4965, 1785, 2069, 583, 1797, 5051, 4848, 2634, 1507, 4085, 5159, 3279, 3927, 4, 550, 5447, 207, 2799, 551, 5144, 2563, 146, 4989, 4400, 2113, 434, 27, 4129, 3768, 3668, 3459, 3091, 1215, 4091, 1681, 2872, 4014, 4194, 779, 4029, 3756, 4760, 2476, 1749, 4658, 4871, 4348, 2757, 646, 1897, 2195, 316, 716, 4208, 5383, 825, 5370, 3078, 3778, 1702, 3984, 3847, 1150, 4300, 649, 4808, 3775, 4935, 3159, 687, 1223, 946, 4538, 4535, 3077, 5359, 780, 477, 2524, 371, 5142, 3611, 62, 1069, 4193, 883, 4130, 4328, 622, 4974, 1436, 4519, 1762, 4238, 3012, 3554, 4026, 3342, 4182, 5410, 1407, 2736, 913, 4045, 182, 1382, 3625, 1351, 3839, 3583, 2938, 46, 829, 5326, 2230, 612, 5021, 3121, 1127, 3006, 1852, 329, 118, 3794, 4081, 72, 1330, 519, 1195, 2017, 1920, 314, 1129, 3544, 1000, 282, 4041, 2857, 324, 2210, 5283, 2272, 4438, 10, 5341, 4447, 5120, 4167, 1047, 742, 4222, 2916, 3377, 2533, 2707, 2819, 42, 3054, 703, 1519, 1891, 1740, 2997, 347, 5190, 3489, 4284, 833, 4467, 2603, 4198, 4987, 4303, 2483, 435, 4121, 2536, 3048, 2561, 4425, 3177, 2774, 5313, 5078, 1804, 2780, 317, 1372, 1842, 2517, 35, 4283, 3692, 794, 4047, 4496, 4319, 1623, 896, 4416, 3383, 2217, 2330, 2026, 2565, 890, 1423, 3773, 2941, 4926, 2977, 256, 2755, 3724, 1697, 3141, 3189, 2520, 402, 1159, 1593, 508, 1536, 2376, 2842, 691, 3596, 2321, 1576, 5411, 2201, 2532, 4138, 4631, 3815, 4657, 2905, 3472, 4518, 4823, 4810, 2892, 4073, 2806, 3715, 31, 2372, 1782, 2133, 1893, 3932, 4602, 3997, 1607, 1238, 4296, 1350, 4498, 4735, 1489, 4877, 845, 1630, 3469, 4143, 4002, 106, 2773, 2881, 287, 2062, 1757, 4230, 1627, 830, 563, 1196, 2460, 5333, 2472, 1067, 1377, 4844, 3515, 4552, 958, 4347, 1170, 1543, 3120, 2239, 28, 4909, 3026, 515, 3293, 1948, 4948, 76, 970, 840, 4011, 2675, 4050, 37, 108, 4651, 3319, 3660, 5160, 4768, 1911, 5345, 23, 4419, 1815, 447, 581, 4426, 893, 2756, 1864, 4418, 4444, 1411, 3446, 3278, 1618, 4786, 3998, 2055, 2795, 4841, 1599, 1044, 2418, 2206, 1394, 3409, 4428, 5301, 5139, 4504, 3974, 4123, 2414, 3527, 4244, 4985, 3310, 3975, 1318, 952, 4822, 3414, 2223, 1506, 627, 3094, 1236, 4642, 2481, 1629, 4509, 4265, 3829, 4149, 3249, 426, 3817, 2571, 3894, 4662, 744, 4561, 1926, 3576, 2655, 1714, 2072, 1559, 3358, 4741, 2526, 2896, 5132, 613, 4331, 1969, 1727, 1293, 871, 5264, 4669, 1505, 1095]",173,750,1,False,750
238,numeric,location,4,True,False,True,"{2: 151, 1: 172, 5: 122, 3: 154, 4: 141, 0: 10}","[4097, 1548, 5419, 4731, 3902, 3380, 4432, 3710, 3542, 3991, 4880, 2494, 2930, 1237, 5356, 235, 4127, 3911, 217, 3274, 932, 1468, 2624, 2837, 3687, 1483, 2116, 3691, 4885, 1822, 1115, 1952, 4887, 876, 2002, 4576, 3443, 5286, 2441, 4713, 121, 2388, 292, 5439, 83, 4206, 4866, 1120, 5436, 1558, 1312, 2596, 3921, 1887, 388, 2130, 1360, 1525, 4673, 4770, 3790, 1675, 2897, 556, 4577, 4946, 2628, 1915, 2862, 5186, 4722, 3211, 2127, 2225, 352, 1392, 1877, 2901, 1025, 4799, 1285, 2739, 5107, 4436, 415, 2864, 15, 2351, 4600, 2046, 3401, 650, 3938, 1545, 226, 4522, 992, 5069, 534, 18, 335, 3566, 3064, 2698, 989, 123, 1932, 4178, 3670, 4847, 1514, 2273, 1786, 574, 2856, 3256, 618, 4694, 5405, 4404, 2676, 3762, 5255, 3755, 2485, 5321, 536, 233, 3760, 1837, 4431, 3948, 5252, 3797, 1538, 13, 1387, 1886, 1994, 2954, 4108, 3432, 3881, 4477, 2919, 4613, 5175, 714, 1719, 4590, 3976, 3180, 2250, 2329, 3919, 5171, 3330, 2506, 3126, 3434, 223, 1272, 1304, 2738, 3311, 1290, 3073, 3199, 5388, 1989, 2828, 1431, 2509, 1643, 3373, 2821, 1188, 2859, 1955, 510, 1486, 595, 2764, 2793, 2298, 708, 1768, 5056, 5179, 4869, 2794, 2360, 4895, 1094, 5372, 2311, 2488, 1066, 2618, 429, 571, 2244, 2290, 1380, 2387, 68, 2439, 1878, 3749, 4145, 3746, 4125, 1315, 2150, 4656, 348, 770, 3019, 2275, 587, 315, 4120, 36, 2855, 3651, 2566, 4293, 640, 1490, 4054, 4959, 1835, 2354, 3522, 4901, 1243, 1571, 3332, 652, 2068, 1808, 5156, 1114, 4716, 2121, 5117, 4747, 4593, 451, 3953, 2782, 2461, 5091, 4920, 4668, 3397, 5247, 1260, 297, 2704, 3504, 3203, 2900, 384, 157, 4868, 3488, 5245, 3173, 1647, 3273, 1192, 3908, 38, 3992, 749, 5294, 3848, 860, 2479, 2459, 867, 3218, 4838, 4482, 20, 1521, 1641, 122, 3118, 2063, 2400, 3519, 1063, 2035, 3442, 2890, 1763, 2119, 5400, 1961, 4854, 2292, 2772, 527, 4917, 4955, 2172, 1186, 4006, 1388, 4382, 4717, 2798, 831, 1206, 189, 5149, 4021, 507, 3599, 3197, 5148, 539, 2171, 2575, 1615, 4032, 2592, 5425, 350, 201, 2074, 3364, 3764, 2122, 3738, 1086, 4460, 400, 63, 1662, 286, 291, 693, 3484, 2629, 4674, 2334, 1913, 4762, 2824, 4767, 4750, 4965, 1785, 2069, 583, 1797, 5051, 4848, 2634, 1507, 4085, 5159, 3279, 3927, 4, 550, 5447, 207, 2799, 551, 5144, 2563, 146, 4989, 4400, 2113, 434, 27, 4129, 3768, 3668, 3459, 3091, 1215, 4091, 1681, 2872, 4014, 4194, 779, 4029, 3756, 4760, 2476, 1749, 4658, 4871, 4348, 2757, 646, 1897, 2195, 316, 716, 4208, 5383, 825, 5370, 3078, 3778, 1702, 3984, 3847, 1150, 4300, 649, 4808, 3775, 4935, 3159, 687, 1223, 946, 4538, 4535, 3077, 5359, 780, 477, 2524, 371, 5142, 3611, 62, 1069, 4193, 883, 4130, 4328, 622, 4974, 1436, 4519, 1762, 4238, 3012, 3554, 4026, 3342, 4182, 5410, 1407, 2736, 913, 4045, 182, 1382, 3625, 1351, 3839, 3583, 2938, 46, 829, 5326, 2230, 612, 5021, 3121, 1127, 3006, 1852, 329, 118, 3794, 4081, 72, 1330, 519, 1195, 2017, 1920, 314, 1129, 3544, 1000, 282, 4041, 2857, 324, 2210, 5283, 2272, 4438, 10, 5341, 4447, 5120, 4167, 1047, 742, 4222, 2916, 3377, 2533, 2707, 2819, 42, 3054, 703, 1519, 1891, 1740, 2997, 347, 5190, 3489, 4284, 833, 4467, 2603, 4198, 4987, 4303, 2483, 435, 4121, 2536, 3048, 2561, 4425, 3177, 2774, 5313, 5078, 1804, 2780, 317, 1372, 1842, 2517, 35, 4283, 3692, 794, 4047, 4496, 4319, 1623, 896, 4416, 3383, 2217, 2330, 2026, 2565, 890, 1423, 3773, 2941, 4926, 2977, 256, 2755, 3724, 1697, 3141, 3189, 2520, 402, 1159, 1593, 508, 1536, 2376, 2842, 691, 3596, 2321, 1576, 5411, 2201, 2532, 4138, 4631, 3815, 4657, 2905, 3472, 4518, 4823, 4810, 2892, 4073, 2806, 3715, 31, 2372, 1782, 2133, 1893, 3932, 4602, 3997, 1607, 1238, 4296, 1350, 4498, 4735, 1489, 4877, 845, 1630, 3469, 4143, 4002, 106, 2773, 2881, 287, 2062, 1757, 4230, 1627, 830, 563, 1196, 2460, 5333, 2472, 1067, 1377, 4844, 3515, 4552, 958, 4347, 1170, 1543, 3120, 2239, 28, 4909, 3026, 515, 3293, 1948, 4948, 76, 970, 840, 4011, 2675, 4050, 37, 108, 4651, 3319, 3660, 5160, 4768, 1911, 5345, 23, 4419, 1815, 447, 581, 4426, 893, 2756, 1864, 4418, 4444, 1411, 3446, 3278, 1618, 4786, 3998, 2055, 2795, 4841, 1599, 1044, 2418, 2206, 1394, 3409, 4428, 5301, 5139, 4504, 3974, 4123, 2414, 3527, 4244, 4985, 3310, 3975, 1318, 952, 4822, 3414, 2223, 1506, 627, 3094, 1236, 4642, 2481, 1629, 4509, 4265, 3829, 4149, 3249, 426, 3817, 2571, 3894, 4662, 744, 4561, 1926, 3576, 2655, 1714, 2072, 1559, 3358, 4741, 2526, 2896, 5132, 613, 4331, 1969, 1727, 1293, 871, 5264, 4669, 1505, 1095]",238,750,1,False,750
55,numeric,description,2,True,False,True,"{2: 151, 1: 172, 5: 122, 3: 154, 4: 141, 0: 10}","[4097, 1548, 5419, 4731, 3902, 3380, 4432, 3710, 3542, 3991, 4880, 2494, 2930, 1237, 5356, 235, 4127, 3911, 217, 3274, 932, 1468, 2624, 2837, 3687, 1483, 2116, 3691, 4885, 1822, 1115, 1952, 4887, 876, 2002, 4576, 3443, 5286, 2441, 4713, 121, 2388, 292, 5439, 83, 4206, 4866, 1120, 5436, 1558, 1312, 2596, 3921, 1887, 388, 2130, 1360, 1525, 4673, 4770, 3790, 1675, 2897, 556, 4577, 4946, 2628, 1915, 2862, 5186, 4722, 3211, 2127, 2225, 352, 1392, 1877, 2901, 1025, 4799, 1285, 2739, 5107, 4436, 415, 2864, 15, 2351, 4600, 2046, 3401, 650, 3938, 1545, 226, 4522, 992, 5069, 534, 18, 335, 3566, 3064, 2698, 989, 123, 1932, 4178, 3670, 4847, 1514, 2273, 1786, 574, 2856, 3256, 618, 4694, 5405, 4404, 2676, 3762, 5255, 3755, 2485, 5321, 536, 233, 3760, 1837, 4431, 3948, 5252, 3797, 1538, 13, 1387, 1886, 1994, 2954, 4108, 3432, 3881, 4477, 2919, 4613, 5175, 714, 1719, 4590, 3976, 3180, 2250, 2329, 3919, 5171, 3330, 2506, 3126, 3434, 223, 1272, 1304, 2738, 3311, 1290, 3073, 3199, 5388, 1989, 2828, 1431, 2509, 1643, 3373, 2821, 1188, 2859, 1955, 510, 1486, 595, 2764, 2793, 2298, 708, 1768, 5056, 5179, 4869, 2794, 2360, 4895, 1094, 5372, 2311, 2488, 1066, 2618, 429, 571, 2244, 2290, 1380, 2387, 68, 2439, 1878, 3749, 4145, 3746, 4125, 1315, 2150, 4656, 348, 770, 3019, 2275, 587, 315, 4120, 36, 2855, 3651, 2566, 4293, 640, 1490, 4054, 4959, 1835, 2354, 3522, 4901, 1243, 1571, 3332, 652, 2068, 1808, 5156, 1114, 4716, 2121, 5117, 4747, 4593, 451, 3953, 2782, 2461, 5091, 4920, 4668, 3397, 5247, 1260, 297, 2704, 3504, 3203, 2900, 384, 157, 4868, 3488, 5245, 3173, 1647, 3273, 1192, 3908, 38, 3992, 749, 5294, 3848, 860, 2479, 2459, 867, 3218, 4838, 4482, 20, 1521, 1641, 122, 3118, 2063, 2400, 3519, 1063, 2035, 3442, 2890, 1763, 2119, 5400, 1961, 4854, 2292, 2772, 527, 4917, 4955, 2172, 1186, 4006, 1388, 4382, 4717, 2798, 831, 1206, 189, 5149, 4021, 507, 3599, 3197, 5148, 539, 2171, 2575, 1615, 4032, 2592, 5425, 350, 201, 2074, 3364, 3764, 2122, 3738, 1086, 4460, 400, 63, 1662, 286, 291, 693, 3484, 2629, 4674, 2334, 1913, 4762, 2824, 4767, 4750, 4965, 1785, 2069, 583, 1797, 5051, 4848, 2634, 1507, 4085, 5159, 3279, 3927, 4, 550, 5447, 207, 2799, 551, 5144, 2563, 146, 4989, 4400, 2113, 434, 27, 4129, 3768, 3668, 3459, 3091, 1215, 4091, 1681, 2872, 4014, 4194, 779, 4029, 3756, 4760, 2476, 1749, 4658, 4871, 4348, 2757, 646, 1897, 2195, 316, 716, 4208, 5383, 825, 5370, 3078, 3778, 1702, 3984, 3847, 1150, 4300, 649, 4808, 3775, 4935, 3159, 687, 1223, 946, 4538, 4535, 3077, 5359, 780, 477, 2524, 371, 5142, 3611, 62, 1069, 4193, 883, 4130, 4328, 622, 4974, 1436, 4519, 1762, 4238, 3012, 3554, 4026, 3342, 4182, 5410, 1407, 2736, 913, 4045, 182, 1382, 3625, 1351, 3839, 3583, 2938, 46, 829, 5326, 2230, 612, 5021, 3121, 1127, 3006, 1852, 329, 118, 3794, 4081, 72, 1330, 519, 1195, 2017, 1920, 314, 1129, 3544, 1000, 282, 4041, 2857, 324, 2210, 5283, 2272, 4438, 10, 5341, 4447, 5120, 4167, 1047, 742, 4222, 2916, 3377, 2533, 2707, 2819, 42, 3054, 703, 1519, 1891, 1740, 2997, 347, 5190, 3489, 4284, 833, 4467, 2603, 4198, 4987, 4303, 2483, 435, 4121, 2536, 3048, 2561, 4425, 3177, 2774, 5313, 5078, 1804, 2780, 317, 1372, 1842, 2517, 35, 4283, 3692, 794, 4047, 4496, 4319, 1623, 896, 4416, 3383, 2217, 2330, 2026, 2565, 890, 1423, 3773, 2941, 4926, 2977, 256, 2755, 3724, 1697, 3141, 3189, 2520, 402, 1159, 1593, 508, 1536, 2376, 2842, 691, 3596, 2321, 1576, 5411, 2201, 2532, 4138, 4631, 3815, 4657, 2905, 3472, 4518, 4823, 4810, 2892, 4073, 2806, 3715, 31, 2372, 1782, 2133, 1893, 3932, 4602, 3997, 1607, 1238, 4296, 1350, 4498, 4735, 1489, 4877, 845, 1630, 3469, 4143, 4002, 106, 2773, 2881, 287, 2062, 1757, 4230, 1627, 830, 563, 1196, 2460, 5333, 2472, 1067, 1377, 4844, 3515, 4552, 958, 4347, 1170, 1543, 3120, 2239, 28, 4909, 3026, 515, 3293, 1948, 4948, 76, 970, 840, 4011, 2675, 4050, 37, 108, 4651, 3319, 3660, 5160, 4768, 1911, 5345, 23, 4419, 1815, 447, 581, 4426, 893, 2756, 1864, 4418, 4444, 1411, 3446, 3278, 1618, 4786, 3998, 2055, 2795, 4841, 1599, 1044, 2418, 2206, 1394, 3409, 4428, 5301, 5139, 4504, 3974, 4123, 2414, 3527, 4244, 4985, 3310, 3975, 1318, 952, 4822, 3414, 2223, 1506, 627, 3094, 1236, 4642, 2481, 1629, 4509, 4265, 3829, 4149, 3249, 426, 3817, 2571, 3894, 4662, 744, 4561, 1926, 3576, 2655, 1714, 2072, 1559, 3358, 4741, 2526, 2896, 5132, 613, 4331, 1969, 1727, 1293, 871, 5264, 4669, 1505, 1095]",55,750,1,False,750
121,numeric,numeric,5,True,True,True,"{2: 151, 1: 172, 5: 122, 3: 154, 4: 141, 0: 10}","[4097, 1548, 5419, 4731, 3902, 3380, 4432, 3710, 3542, 3991, 4880, 2494, 2930, 1237, 5356, 235, 4127, 3911, 217, 3274, 932, 1468, 2624, 2837, 3687, 1483, 2116, 3691, 4885, 1822, 1115, 1952, 4887, 876, 2002, 4576, 3443, 5286, 2441, 4713, 121, 2388, 292, 5439, 83, 4206, 4866, 1120, 5436, 1558, 1312, 2596, 3921, 1887, 388, 2130, 1360, 1525, 4673, 4770, 3790, 1675, 2897, 556, 4577, 4946, 2628, 1915, 2862, 5186, 4722, 3211, 2127, 2225, 352, 1392, 1877, 2901, 1025, 4799, 1285, 2739, 5107, 4436, 415, 2864, 15, 2351, 4600, 2046, 3401, 650, 3938, 1545, 226, 4522, 992, 5069, 534, 18, 335, 3566, 3064, 2698, 989, 123, 1932, 4178, 3670, 4847, 1514, 2273, 1786, 574, 2856, 3256, 618, 4694, 5405, 4404, 2676, 3762, 5255, 3755, 2485, 5321, 536, 233, 3760, 1837, 4431, 3948, 5252, 3797, 1538, 13, 1387, 1886, 1994, 2954, 4108, 3432, 3881, 4477, 2919, 4613, 5175, 714, 1719, 4590, 3976, 3180, 2250, 2329, 3919, 5171, 3330, 2506, 3126, 3434, 223, 1272, 1304, 2738, 3311, 1290, 3073, 3199, 5388, 1989, 2828, 1431, 2509, 1643, 3373, 2821, 1188, 2859, 1955, 510, 1486, 595, 2764, 2793, 2298, 708, 1768, 5056, 5179, 4869, 2794, 2360, 4895, 1094, 5372, 2311, 2488, 1066, 2618, 429, 571, 2244, 2290, 1380, 2387, 68, 2439, 1878, 3749, 4145, 3746, 4125, 1315, 2150, 4656, 348, 770, 3019, 2275, 587, 315, 4120, 36, 2855, 3651, 2566, 4293, 640, 1490, 4054, 4959, 1835, 2354, 3522, 4901, 1243, 1571, 3332, 652, 2068, 1808, 5156, 1114, 4716, 2121, 5117, 4747, 4593, 451, 3953, 2782, 2461, 5091, 4920, 4668, 3397, 5247, 1260, 297, 2704, 3504, 3203, 2900, 384, 157, 4868, 3488, 5245, 3173, 1647, 3273, 1192, 3908, 38, 3992, 749, 5294, 3848, 860, 2479, 2459, 867, 3218, 4838, 4482, 20, 1521, 1641, 122, 3118, 2063, 2400, 3519, 1063, 2035, 3442, 2890, 1763, 2119, 5400, 1961, 4854, 2292, 2772, 527, 4917, 4955, 2172, 1186, 4006, 1388, 4382, 4717, 2798, 831, 1206, 189, 5149, 4021, 507, 3599, 3197, 5148, 539, 2171, 2575, 1615, 4032, 2592, 5425, 350, 201, 2074, 3364, 3764, 2122, 3738, 1086, 4460, 400, 63, 1662, 286, 291, 693, 3484, 2629, 4674, 2334, 1913, 4762, 2824, 4767, 4750, 4965, 1785, 2069, 583, 1797, 5051, 4848, 2634, 1507, 4085, 5159, 3279, 3927, 4, 550, 5447, 207, 2799, 551, 5144, 2563, 146, 4989, 4400, 2113, 434, 27, 4129, 3768, 3668, 3459, 3091, 1215, 4091, 1681, 2872, 4014, 4194, 779, 4029, 3756, 4760, 2476, 1749, 4658, 4871, 4348, 2757, 646, 1897, 2195, 316, 716, 4208, 5383, 825, 5370, 3078, 3778, 1702, 3984, 3847, 1150, 4300, 649, 4808, 3775, 4935, 3159, 687, 1223, 946, 4538, 4535, 3077, 5359, 780, 477, 2524, 371, 5142, 3611, 62, 1069, 4193, 883, 4130, 4328, 622, 4974, 1436, 4519, 1762, 4238, 3012, 3554, 4026, 3342, 4182, 5410, 1407, 2736, 913, 4045, 182, 1382, 3625, 1351, 3839, 3583, 2938, 46, 829, 5326, 2230, 612, 5021, 3121, 1127, 3006, 1852, 329, 118, 3794, 4081, 72, 1330, 519, 1195, 2017, 1920, 314, 1129, 3544, 1000, 282, 4041, 2857, 324, 2210, 5283, 2272, 4438, 10, 5341, 4447, 5120, 4167, 1047, 742, 4222, 2916, 3377, 2533, 2707, 2819, 42, 3054, 703, 1519, 1891, 1740, 2997, 347, 5190, 3489, 4284, 833, 4467, 2603, 4198, 4987, 4303, 2483, 435, 4121, 2536, 3048, 2561, 4425, 3177, 2774, 5313, 5078, 1804, 2780, 317, 1372, 1842, 2517, 35, 4283, 3692, 794, 4047, 4496, 4319, 1623, 896, 4416, 3383, 2217, 2330, 2026, 2565, 890, 1423, 3773, 2941, 4926, 2977, 256, 2755, 3724, 1697, 3141, 3189, 2520, 402, 1159, 1593, 508, 1536, 2376, 2842, 691, 3596, 2321, 1576, 5411, 2201, 2532, 4138, 4631, 3815, 4657, 2905, 3472, 4518, 4823, 4810, 2892, 4073, 2806, 3715, 31, 2372, 1782, 2133, 1893, 3932, 4602, 3997, 1607, 1238, 4296, 1350, 4498, 4735, 1489, 4877, 845, 1630, 3469, 4143, 4002, 106, 2773, 2881, 287, 2062, 1757, 4230, 1627, 830, 563, 1196, 2460, 5333, 2472, 1067, 1377, 4844, 3515, 4552, 958, 4347, 1170, 1543, 3120, 2239, 28, 4909, 3026, 515, 3293, 1948, 4948, 76, 970, 840, 4011, 2675, 4050, 37, 108, 4651, 3319, 3660, 5160, 4768, 1911, 5345, 23, 4419, 1815, 447, 581, 4426, 893, 2756, 1864, 4418, 4444, 1411, 3446, 3278, 1618, 4786, 3998, 2055, 2795, 4841, 1599, 1044, 2418, 2206, 1394, 3409, 4428, 5301, 5139, 4504, 3974, 4123, 2414, 3527, 4244, 4985, 3310, 3975, 1318, 952, 4822, 3414, 2223, 1506, 627, 3094, 1236, 4642, 2481, 1629, 4509, 4265, 3829, 4149, 3249, 426, 3817, 2571, 3894, 4662, 744, 4561, 1926, 3576, 2655, 1714, 2072, 1559, 3358, 4741, 2526, 2896, 5132, 613, 4331, 1969, 1727, 1293, 871, 5264, 4669, 1505, 1095]",121,750,1,False,750
260,human,human,3,True,True,True,"{2: 151, 1: 172, 5: 122, 3: 154, 4: 141, 0: 10}","[4097, 1548, 5419, 4731, 3902, 3380, 4432, 3710, 3542, 3991, 4880, 2494, 2930, 1237, 5356, 235, 4127, 3911, 217, 3274, 932, 1468, 2624, 2837, 3687, 1483, 2116, 3691, 4885, 1822, 1115, 1952, 4887, 876, 2002, 4576, 3443, 5286, 2441, 4713, 121, 2388, 292, 5439, 83, 4206, 4866, 1120, 5436, 1558, 1312, 2596, 3921, 1887, 388, 2130, 1360, 1525, 4673, 4770, 3790, 1675, 2897, 556, 4577, 4946, 2628, 1915, 2862, 5186, 4722, 3211, 2127, 2225, 352, 1392, 1877, 2901, 1025, 4799, 1285, 2739, 5107, 4436, 415, 2864, 15, 2351, 4600, 2046, 3401, 650, 3938, 1545, 226, 4522, 992, 5069, 534, 18, 335, 3566, 3064, 2698, 989, 123, 1932, 4178, 3670, 4847, 1514, 2273, 1786, 574, 2856, 3256, 618, 4694, 5405, 4404, 2676, 3762, 5255, 3755, 2485, 5321, 536, 233, 3760, 1837, 4431, 3948, 5252, 3797, 1538, 13, 1387, 1886, 1994, 2954, 4108, 3432, 3881, 4477, 2919, 4613, 5175, 714, 1719, 4590, 3976, 3180, 2250, 2329, 3919, 5171, 3330, 2506, 3126, 3434, 223, 1272, 1304, 2738, 3311, 1290, 3073, 3199, 5388, 1989, 2828, 1431, 2509, 1643, 3373, 2821, 1188, 2859, 1955, 510, 1486, 595, 2764, 2793, 2298, 708, 1768, 5056, 5179, 4869, 2794, 2360, 4895, 1094, 5372, 2311, 2488, 1066, 2618, 429, 571, 2244, 2290, 1380, 2387, 68, 2439, 1878, 3749, 4145, 3746, 4125, 1315, 2150, 4656, 348, 770, 3019, 2275, 587, 315, 4120, 36, 2855, 3651, 2566, 4293, 640, 1490, 4054, 4959, 1835, 2354, 3522, 4901, 1243, 1571, 3332, 652, 2068, 1808, 5156, 1114, 4716, 2121, 5117, 4747, 4593, 451, 3953, 2782, 2461, 5091, 4920, 4668, 3397, 5247, 1260, 297, 2704, 3504, 3203, 2900, 384, 157, 4868, 3488, 5245, 3173, 1647, 3273, 1192, 3908, 38, 3992, 749, 5294, 3848, 860, 2479, 2459, 867, 3218, 4838, 4482, 20, 1521, 1641, 122, 3118, 2063, 2400, 3519, 1063, 2035, 3442, 2890, 1763, 2119, 5400, 1961, 4854, 2292, 2772, 527, 4917, 4955, 2172, 1186, 4006, 1388, 4382, 4717, 2798, 831, 1206, 189, 5149, 4021, 507, 3599, 3197, 5148, 539, 2171, 2575, 1615, 4032, 2592, 5425, 350, 201, 2074, 3364, 3764, 2122, 3738, 1086, 4460, 400, 63, 1662, 286, 291, 693, 3484, 2629, 4674, 2334, 1913, 4762, 2824, 4767, 4750, 4965, 1785, 2069, 583, 1797, 5051, 4848, 2634, 1507, 4085, 5159, 3279, 3927, 4, 550, 5447, 207, 2799, 551, 5144, 2563, 146, 4989, 4400, 2113, 434, 27, 4129, 3768, 3668, 3459, 3091, 1215, 4091, 1681, 2872, 4014, 4194, 779, 4029, 3756, 4760, 2476, 1749, 4658, 4871, 4348, 2757, 646, 1897, 2195, 316, 716, 4208, 5383, 825, 5370, 3078, 3778, 1702, 3984, 3847, 1150, 4300, 649, 4808, 3775, 4935, 3159, 687, 1223, 946, 4538, 4535, 3077, 5359, 780, 477, 2524, 371, 5142, 3611, 62, 1069, 4193, 883, 4130, 4328, 622, 4974, 1436, 4519, 1762, 4238, 3012, 3554, 4026, 3342, 4182, 5410, 1407, 2736, 913, 4045, 182, 1382, 3625, 1351, 3839, 3583, 2938, 46, 829, 5326, 2230, 612, 5021, 3121, 1127, 3006, 1852, 329, 118, 3794, 4081, 72, 1330, 519, 1195, 2017, 1920, 314, 1129, 3544, 1000, 282, 4041, 2857, 324, 2210, 5283, 2272, 4438, 10, 5341, 4447, 5120, 4167, 1047, 742, 4222, 2916, 3377, 2533, 2707, 2819, 42, 3054, 703, 1519, 1891, 1740, 2997, 347, 5190, 3489, 4284, 833, 4467, 2603, 4198, 4987, 4303, 2483, 435, 4121, 2536, 3048, 2561, 4425, 3177, 2774, 5313, 5078, 1804, 2780, 317, 1372, 1842, 2517, 35, 4283, 3692, 794, 4047, 4496, 4319, 1623, 896, 4416, 3383, 2217, 2330, 2026, 2565, 890, 1423, 3773, 2941, 4926, 2977, 256, 2755, 3724, 1697, 3141, 3189, 2520, 402, 1159, 1593, 508, 1536, 2376, 2842, 691, 3596, 2321, 1576, 5411, 2201, 2532, 4138, 4631, 3815, 4657, 2905, 3472, 4518, 4823, 4810, 2892, 4073, 2806, 3715, 31, 2372, 1782, 2133, 1893, 3932, 4602, 3997, 1607, 1238, 4296, 1350, 4498, 4735, 1489, 4877, 845, 1630, 3469, 4143, 4002, 106, 2773, 2881, 287, 2062, 1757, 4230, 1627, 830, 563, 1196, 2460, 5333, 2472, 1067, 1377, 4844, 3515, 4552, 958, 4347, 1170, 1543, 3120, 2239, 28, 4909, 3026, 515, 3293, 1948, 4948, 76, 970, 840, 4011, 2675, 4050, 37, 108, 4651, 3319, 3660, 5160, 4768, 1911, 5345, 23, 4419, 1815, 447, 581, 4426, 893, 2756, 1864, 4418, 4444, 1411, 3446, 3278, 1618, 4786, 3998, 2055, 2795, 4841, 1599, 1044, 2418, 2206, 1394, 3409, 4428, 5301, 5139, 4504, 3974, 4123, 2414, 3527, 4244, 4985, 3310, 3975, 1318, 952, 4822, 3414, 2223, 1506, 627, 3094, 1236, 4642, 2481, 1629, 4509, 4265, 3829, 4149, 3249, 426, 3817, 2571, 3894, 4662, 744, 4561, 1926, 3576, 2655, 1714, 2072, 1559, 3358, 4741, 2526, 2896, 5132, 613, 4331, 1969, 1727, 1293, 871, 5264, 4669, 1505, 1095]",260,750,1,False,750
62,numeric,location,4,True,False,True,"{2: 151, 1: 172, 5: 122, 3: 154, 4: 141, 0: 10}","[4097, 1548, 5419, 4731, 3902, 3380, 4432, 3710, 3542, 3991, 4880, 2494, 2930, 1237, 5356, 235, 4127, 3911, 217, 3274, 932, 1468, 2624, 2837, 3687, 1483, 2116, 3691, 4885, 1822, 1115, 1952, 4887, 876, 2002, 4576, 3443, 5286, 2441, 4713, 121, 2388, 292, 5439, 83, 4206, 4866, 1120, 5436, 1558, 1312, 2596, 3921, 1887, 388, 2130, 1360, 1525, 4673, 4770, 3790, 1675, 2897, 556, 4577, 4946, 2628, 1915, 2862, 5186, 4722, 3211, 2127, 2225, 352, 1392, 1877, 2901, 1025, 4799, 1285, 2739, 5107, 4436, 415, 2864, 15, 2351, 4600, 2046, 3401, 650, 3938, 1545, 226, 4522, 992, 5069, 534, 18, 335, 3566, 3064, 2698, 989, 123, 1932, 4178, 3670, 4847, 1514, 2273, 1786, 574, 2856, 3256, 618, 4694, 5405, 4404, 2676, 3762, 5255, 3755, 2485, 5321, 536, 233, 3760, 1837, 4431, 3948, 5252, 3797, 1538, 13, 1387, 1886, 1994, 2954, 4108, 3432, 3881, 4477, 2919, 4613, 5175, 714, 1719, 4590, 3976, 3180, 2250, 2329, 3919, 5171, 3330, 2506, 3126, 3434, 223, 1272, 1304, 2738, 3311, 1290, 3073, 3199, 5388, 1989, 2828, 1431, 2509, 1643, 3373, 2821, 1188, 2859, 1955, 510, 1486, 595, 2764, 2793, 2298, 708, 1768, 5056, 5179, 4869, 2794, 2360, 4895, 1094, 5372, 2311, 2488, 1066, 2618, 429, 571, 2244, 2290, 1380, 2387, 68, 2439, 1878, 3749, 4145, 3746, 4125, 1315, 2150, 4656, 348, 770, 3019, 2275, 587, 315, 4120, 36, 2855, 3651, 2566, 4293, 640, 1490, 4054, 4959, 1835, 2354, 3522, 4901, 1243, 1571, 3332, 652, 2068, 1808, 5156, 1114, 4716, 2121, 5117, 4747, 4593, 451, 3953, 2782, 2461, 5091, 4920, 4668, 3397, 5247, 1260, 297, 2704, 3504, 3203, 2900, 384, 157, 4868, 3488, 5245, 3173, 1647, 3273, 1192, 3908, 38, 3992, 749, 5294, 3848, 860, 2479, 2459, 867, 3218, 4838, 4482, 20, 1521, 1641, 122, 3118, 2063, 2400, 3519, 1063, 2035, 3442, 2890, 1763, 2119, 5400, 1961, 4854, 2292, 2772, 527, 4917, 4955, 2172, 1186, 4006, 1388, 4382, 4717, 2798, 831, 1206, 189, 5149, 4021, 507, 3599, 3197, 5148, 539, 2171, 2575, 1615, 4032, 2592, 5425, 350, 201, 2074, 3364, 3764, 2122, 3738, 1086, 4460, 400, 63, 1662, 286, 291, 693, 3484, 2629, 4674, 2334, 1913, 4762, 2824, 4767, 4750, 4965, 1785, 2069, 583, 1797, 5051, 4848, 2634, 1507, 4085, 5159, 3279, 3927, 4, 550, 5447, 207, 2799, 551, 5144, 2563, 146, 4989, 4400, 2113, 434, 27, 4129, 3768, 3668, 3459, 3091, 1215, 4091, 1681, 2872, 4014, 4194, 779, 4029, 3756, 4760, 2476, 1749, 4658, 4871, 4348, 2757, 646, 1897, 2195, 316, 716, 4208, 5383, 825, 5370, 3078, 3778, 1702, 3984, 3847, 1150, 4300, 649, 4808, 3775, 4935, 3159, 687, 1223, 946, 4538, 4535, 3077, 5359, 780, 477, 2524, 371, 5142, 3611, 62, 1069, 4193, 883, 4130, 4328, 622, 4974, 1436, 4519, 1762, 4238, 3012, 3554, 4026, 3342, 4182, 5410, 1407, 2736, 913, 4045, 182, 1382, 3625, 1351, 3839, 3583, 2938, 46, 829, 5326, 2230, 612, 5021, 3121, 1127, 3006, 1852, 329, 118, 3794, 4081, 72, 1330, 519, 1195, 2017, 1920, 314, 1129, 3544, 1000, 282, 4041, 2857, 324, 2210, 5283, 2272, 4438, 10, 5341, 4447, 5120, 4167, 1047, 742, 4222, 2916, 3377, 2533, 2707, 2819, 42, 3054, 703, 1519, 1891, 1740, 2997, 347, 5190, 3489, 4284, 833, 4467, 2603, 4198, 4987, 4303, 2483, 435, 4121, 2536, 3048, 2561, 4425, 3177, 2774, 5313, 5078, 1804, 2780, 317, 1372, 1842, 2517, 35, 4283, 3692, 794, 4047, 4496, 4319, 1623, 896, 4416, 3383, 2217, 2330, 2026, 2565, 890, 1423, 3773, 2941, 4926, 2977, 256, 2755, 3724, 1697, 3141, 3189, 2520, 402, 1159, 1593, 508, 1536, 2376, 2842, 691, 3596, 2321, 1576, 5411, 2201, 2532, 4138, 4631, 3815, 4657, 2905, 3472, 4518, 4823, 4810, 2892, 4073, 2806, 3715, 31, 2372, 1782, 2133, 1893, 3932, 4602, 3997, 1607, 1238, 4296, 1350, 4498, 4735, 1489, 4877, 845, 1630, 3469, 4143, 4002, 106, 2773, 2881, 287, 2062, 1757, 4230, 1627, 830, 563, 1196, 2460, 5333, 2472, 1067, 1377, 4844, 3515, 4552, 958, 4347, 1170, 1543, 3120, 2239, 28, 4909, 3026, 515, 3293, 1948, 4948, 76, 970, 840, 4011, 2675, 4050, 37, 108, 4651, 3319, 3660, 5160, 4768, 1911, 5345, 23, 4419, 1815, 447, 581, 4426, 893, 2756, 1864, 4418, 4444, 1411, 3446, 3278, 1618, 4786, 3998, 2055, 2795, 4841, 1599, 1044, 2418, 2206, 1394, 3409, 4428, 5301, 5139, 4504, 3974, 4123, 2414, 3527, 4244, 4985, 3310, 3975, 1318, 952, 4822, 3414, 2223, 1506, 627, 3094, 1236, 4642, 2481, 1629, 4509, 4265, 3829, 4149, 3249, 426, 3817, 2571, 3894, 4662, 744, 4561, 1926, 3576, 2655, 1714, 2072, 1559, 3358, 4741, 2526, 2896, 5132, 613, 4331, 1969, 1727, 1293, 871, 5264, 4669, 1505, 1095]",62,750,1,False,750
185,human,human,3,True,True,True,"{2: 151, 1: 172, 5: 122, 3: 154, 4: 141, 0: 10}","[4097, 1548, 5419, 4731, 3902, 3380, 4432, 3710, 3542, 3991, 4880, 2494, 2930, 1237, 5356, 235, 4127, 3911, 217, 3274, 932, 1468, 2624, 2837, 3687, 1483, 2116, 3691, 4885, 1822, 1115, 1952, 4887, 876, 2002, 4576, 3443, 5286, 2441, 4713, 121, 2388, 292, 5439, 83, 4206, 4866, 1120, 5436, 1558, 1312, 2596, 3921, 1887, 388, 2130, 1360, 1525, 4673, 4770, 3790, 1675, 2897, 556, 4577, 4946, 2628, 1915, 2862, 5186, 4722, 3211, 2127, 2225, 352, 1392, 1877, 2901, 1025, 4799, 1285, 2739, 5107, 4436, 415, 2864, 15, 2351, 4600, 2046, 3401, 650, 3938, 1545, 226, 4522, 992, 5069, 534, 18, 335, 3566, 3064, 2698, 989, 123, 1932, 4178, 3670, 4847, 1514, 2273, 1786, 574, 2856, 3256, 618, 4694, 5405, 4404, 2676, 3762, 5255, 3755, 2485, 5321, 536, 233, 3760, 1837, 4431, 3948, 5252, 3797, 1538, 13, 1387, 1886, 1994, 2954, 4108, 3432, 3881, 4477, 2919, 4613, 5175, 714, 1719, 4590, 3976, 3180, 2250, 2329, 3919, 5171, 3330, 2506, 3126, 3434, 223, 1272, 1304, 2738, 3311, 1290, 3073, 3199, 5388, 1989, 2828, 1431, 2509, 1643, 3373, 2821, 1188, 2859, 1955, 510, 1486, 595, 2764, 2793, 2298, 708, 1768, 5056, 5179, 4869, 2794, 2360, 4895, 1094, 5372, 2311, 2488, 1066, 2618, 429, 571, 2244, 2290, 1380, 2387, 68, 2439, 1878, 3749, 4145, 3746, 4125, 1315, 2150, 4656, 348, 770, 3019, 2275, 587, 315, 4120, 36, 2855, 3651, 2566, 4293, 640, 1490, 4054, 4959, 1835, 2354, 3522, 4901, 1243, 1571, 3332, 652, 2068, 1808, 5156, 1114, 4716, 2121, 5117, 4747, 4593, 451, 3953, 2782, 2461, 5091, 4920, 4668, 3397, 5247, 1260, 297, 2704, 3504, 3203, 2900, 384, 157, 4868, 3488, 5245, 3173, 1647, 3273, 1192, 3908, 38, 3992, 749, 5294, 3848, 860, 2479, 2459, 867, 3218, 4838, 4482, 20, 1521, 1641, 122, 3118, 2063, 2400, 3519, 1063, 2035, 3442, 2890, 1763, 2119, 5400, 1961, 4854, 2292, 2772, 527, 4917, 4955, 2172, 1186, 4006, 1388, 4382, 4717, 2798, 831, 1206, 189, 5149, 4021, 507, 3599, 3197, 5148, 539, 2171, 2575, 1615, 4032, 2592, 5425, 350, 201, 2074, 3364, 3764, 2122, 3738, 1086, 4460, 400, 63, 1662, 286, 291, 693, 3484, 2629, 4674, 2334, 1913, 4762, 2824, 4767, 4750, 4965, 1785, 2069, 583, 1797, 5051, 4848, 2634, 1507, 4085, 5159, 3279, 3927, 4, 550, 5447, 207, 2799, 551, 5144, 2563, 146, 4989, 4400, 2113, 434, 27, 4129, 3768, 3668, 3459, 3091, 1215, 4091, 1681, 2872, 4014, 4194, 779, 4029, 3756, 4760, 2476, 1749, 4658, 4871, 4348, 2757, 646, 1897, 2195, 316, 716, 4208, 5383, 825, 5370, 3078, 3778, 1702, 3984, 3847, 1150, 4300, 649, 4808, 3775, 4935, 3159, 687, 1223, 946, 4538, 4535, 3077, 5359, 780, 477, 2524, 371, 5142, 3611, 62, 1069, 4193, 883, 4130, 4328, 622, 4974, 1436, 4519, 1762, 4238, 3012, 3554, 4026, 3342, 4182, 5410, 1407, 2736, 913, 4045, 182, 1382, 3625, 1351, 3839, 3583, 2938, 46, 829, 5326, 2230, 612, 5021, 3121, 1127, 3006, 1852, 329, 118, 3794, 4081, 72, 1330, 519, 1195, 2017, 1920, 314, 1129, 3544, 1000, 282, 4041, 2857, 324, 2210, 5283, 2272, 4438, 10, 5341, 4447, 5120, 4167, 1047, 742, 4222, 2916, 3377, 2533, 2707, 2819, 42, 3054, 703, 1519, 1891, 1740, 2997, 347, 5190, 3489, 4284, 833, 4467, 2603, 4198, 4987, 4303, 2483, 435, 4121, 2536, 3048, 2561, 4425, 3177, 2774, 5313, 5078, 1804, 2780, 317, 1372, 1842, 2517, 35, 4283, 3692, 794, 4047, 4496, 4319, 1623, 896, 4416, 3383, 2217, 2330, 2026, 2565, 890, 1423, 3773, 2941, 4926, 2977, 256, 2755, 3724, 1697, 3141, 3189, 2520, 402, 1159, 1593, 508, 1536, 2376, 2842, 691, 3596, 2321, 1576, 5411, 2201, 2532, 4138, 4631, 3815, 4657, 2905, 3472, 4518, 4823, 4810, 2892, 4073, 2806, 3715, 31, 2372, 1782, 2133, 1893, 3932, 4602, 3997, 1607, 1238, 4296, 1350, 4498, 4735, 1489, 4877, 845, 1630, 3469, 4143, 4002, 106, 2773, 2881, 287, 2062, 1757, 4230, 1627, 830, 563, 1196, 2460, 5333, 2472, 1067, 1377, 4844, 3515, 4552, 958, 4347, 1170, 1543, 3120, 2239, 28, 4909, 3026, 515, 3293, 1948, 4948, 76, 970, 840, 4011, 2675, 4050, 37, 108, 4651, 3319, 3660, 5160, 4768, 1911, 5345, 23, 4419, 1815, 447, 581, 4426, 893, 2756, 1864, 4418, 4444, 1411, 3446, 3278, 1618, 4786, 3998, 2055, 2795, 4841, 1599, 1044, 2418, 2206, 1394, 3409, 4428, 5301, 5139, 4504, 3974, 4123, 2414, 3527, 4244, 4985, 3310, 3975, 1318, 952, 4822, 3414, 2223, 1506, 627, 3094, 1236, 4642, 2481, 1629, 4509, 4265, 3829, 4149, 3249, 426, 3817, 2571, 3894, 4662, 744, 4561, 1926, 3576, 2655, 1714, 2072, 1559, 3358, 4741, 2526, 2896, 5132, 613, 4331, 1969, 1727, 1293, 871, 5264, 4669, 1505, 1095]",185,750,1,False,750
429,human,human,3,True,True,True,"{2: 151, 1: 172, 5: 122, 3: 154, 4: 141, 0: 10}","[4097, 1548, 5419, 4731, 3902, 3380, 4432, 3710, 3542, 3991, 4880, 2494, 2930, 1237, 5356, 235, 4127, 3911, 217, 3274, 932, 1468, 2624, 2837, 3687, 1483, 2116, 3691, 4885, 1822, 1115, 1952, 4887, 876, 2002, 4576, 3443, 5286, 2441, 4713, 121, 2388, 292, 5439, 83, 4206, 4866, 1120, 5436, 1558, 1312, 2596, 3921, 1887, 388, 2130, 1360, 1525, 4673, 4770, 3790, 1675, 2897, 556, 4577, 4946, 2628, 1915, 2862, 5186, 4722, 3211, 2127, 2225, 352, 1392, 1877, 2901, 1025, 4799, 1285, 2739, 5107, 4436, 415, 2864, 15, 2351, 4600, 2046, 3401, 650, 3938, 1545, 226, 4522, 992, 5069, 534, 18, 335, 3566, 3064, 2698, 989, 123, 1932, 4178, 3670, 4847, 1514, 2273, 1786, 574, 2856, 3256, 618, 4694, 5405, 4404, 2676, 3762, 5255, 3755, 2485, 5321, 536, 233, 3760, 1837, 4431, 3948, 5252, 3797, 1538, 13, 1387, 1886, 1994, 2954, 4108, 3432, 3881, 4477, 2919, 4613, 5175, 714, 1719, 4590, 3976, 3180, 2250, 2329, 3919, 5171, 3330, 2506, 3126, 3434, 223, 1272, 1304, 2738, 3311, 1290, 3073, 3199, 5388, 1989, 2828, 1431, 2509, 1643, 3373, 2821, 1188, 2859, 1955, 510, 1486, 595, 2764, 2793, 2298, 708, 1768, 5056, 5179, 4869, 2794, 2360, 4895, 1094, 5372, 2311, 2488, 1066, 2618, 429, 571, 2244, 2290, 1380, 2387, 68, 2439, 1878, 3749, 4145, 3746, 4125, 1315, 2150, 4656, 348, 770, 3019, 2275, 587, 315, 4120, 36, 2855, 3651, 2566, 4293, 640, 1490, 4054, 4959, 1835, 2354, 3522, 4901, 1243, 1571, 3332, 652, 2068, 1808, 5156, 1114, 4716, 2121, 5117, 4747, 4593, 451, 3953, 2782, 2461, 5091, 4920, 4668, 3397, 5247, 1260, 297, 2704, 3504, 3203, 2900, 384, 157, 4868, 3488, 5245, 3173, 1647, 3273, 1192, 3908, 38, 3992, 749, 5294, 3848, 860, 2479, 2459, 867, 3218, 4838, 4482, 20, 1521, 1641, 122, 3118, 2063, 2400, 3519, 1063, 2035, 3442, 2890, 1763, 2119, 5400, 1961, 4854, 2292, 2772, 527, 4917, 4955, 2172, 1186, 4006, 1388, 4382, 4717, 2798, 831, 1206, 189, 5149, 4021, 507, 3599, 3197, 5148, 539, 2171, 2575, 1615, 4032, 2592, 5425, 350, 201, 2074, 3364, 3764, 2122, 3738, 1086, 4460, 400, 63, 1662, 286, 291, 693, 3484, 2629, 4674, 2334, 1913, 4762, 2824, 4767, 4750, 4965, 1785, 2069, 583, 1797, 5051, 4848, 2634, 1507, 4085, 5159, 3279, 3927, 4, 550, 5447, 207, 2799, 551, 5144, 2563, 146, 4989, 4400, 2113, 434, 27, 4129, 3768, 3668, 3459, 3091, 1215, 4091, 1681, 2872, 4014, 4194, 779, 4029, 3756, 4760, 2476, 1749, 4658, 4871, 4348, 2757, 646, 1897, 2195, 316, 716, 4208, 5383, 825, 5370, 3078, 3778, 1702, 3984, 3847, 1150, 4300, 649, 4808, 3775, 4935, 3159, 687, 1223, 946, 4538, 4535, 3077, 5359, 780, 477, 2524, 371, 5142, 3611, 62, 1069, 4193, 883, 4130, 4328, 622, 4974, 1436, 4519, 1762, 4238, 3012, 3554, 4026, 3342, 4182, 5410, 1407, 2736, 913, 4045, 182, 1382, 3625, 1351, 3839, 3583, 2938, 46, 829, 5326, 2230, 612, 5021, 3121, 1127, 3006, 1852, 329, 118, 3794, 4081, 72, 1330, 519, 1195, 2017, 1920, 314, 1129, 3544, 1000, 282, 4041, 2857, 324, 2210, 5283, 2272, 4438, 10, 5341, 4447, 5120, 4167, 1047, 742, 4222, 2916, 3377, 2533, 2707, 2819, 42, 3054, 703, 1519, 1891, 1740, 2997, 347, 5190, 3489, 4284, 833, 4467, 2603, 4198, 4987, 4303, 2483, 435, 4121, 2536, 3048, 2561, 4425, 3177, 2774, 5313, 5078, 1804, 2780, 317, 1372, 1842, 2517, 35, 4283, 3692, 794, 4047, 4496, 4319, 1623, 896, 4416, 3383, 2217, 2330, 2026, 2565, 890, 1423, 3773, 2941, 4926, 2977, 256, 2755, 3724, 1697, 3141, 3189, 2520, 402, 1159, 1593, 508, 1536, 2376, 2842, 691, 3596, 2321, 1576, 5411, 2201, 2532, 4138, 4631, 3815, 4657, 2905, 3472, 4518, 4823, 4810, 2892, 4073, 2806, 3715, 31, 2372, 1782, 2133, 1893, 3932, 4602, 3997, 1607, 1238, 4296, 1350, 4498, 4735, 1489, 4877, 845, 1630, 3469, 4143, 4002, 106, 2773, 2881, 287, 2062, 1757, 4230, 1627, 830, 563, 1196, 2460, 5333, 2472, 1067, 1377, 4844, 3515, 4552, 958, 4347, 1170, 1543, 3120, 2239, 28, 4909, 3026, 515, 3293, 1948, 4948, 76, 970, 840, 4011, 2675, 4050, 37, 108, 4651, 3319, 3660, 5160, 4768, 1911, 5345, 23, 4419, 1815, 447, 581, 4426, 893, 2756, 1864, 4418, 4444, 1411, 3446, 3278, 1618, 4786, 3998, 2055, 2795, 4841, 1599, 1044, 2418, 2206, 1394, 3409, 4428, 5301, 5139, 4504, 3974, 4123, 2414, 3527, 4244, 4985, 3310, 3975, 1318, 952, 4822, 3414, 2223, 1506, 627, 3094, 1236, 4642, 2481, 1629, 4509, 4265, 3829, 4149, 3249, 426, 3817, 2571, 3894, 4662, 744, 4561, 1926, 3576, 2655, 1714, 2072, 1559, 3358, 4741, 2526, 2896, 5132, 613, 4331, 1969, 1727, 1293, 871, 5264, 4669, 1505, 1095]",429,750,1,False,750
97,description,description,2,True,True,True,"{2: 151, 1: 172, 5: 122, 3: 154, 4: 141, 0: 10}","[4097, 1548, 5419, 4731, 3902, 3380, 4432, 3710, 3542, 3991, 4880, 2494, 2930, 1237, 5356, 235, 4127, 3911, 217, 3274, 932, 1468, 2624, 2837, 3687, 1483, 2116, 3691, 4885, 1822, 1115, 1952, 4887, 876, 2002, 4576, 3443, 5286, 2441, 4713, 121, 2388, 292, 5439, 83, 4206, 4866, 1120, 5436, 1558, 1312, 2596, 3921, 1887, 388, 2130, 1360, 1525, 4673, 4770, 3790, 1675, 2897, 556, 4577, 4946, 2628, 1915, 2862, 5186, 4722, 3211, 2127, 2225, 352, 1392, 1877, 2901, 1025, 4799, 1285, 2739, 5107, 4436, 415, 2864, 15, 2351, 4600, 2046, 3401, 650, 3938, 1545, 226, 4522, 992, 5069, 534, 18, 335, 3566, 3064, 2698, 989, 123, 1932, 4178, 3670, 4847, 1514, 2273, 1786, 574, 2856, 3256, 618, 4694, 5405, 4404, 2676, 3762, 5255, 3755, 2485, 5321, 536, 233, 3760, 1837, 4431, 3948, 5252, 3797, 1538, 13, 1387, 1886, 1994, 2954, 4108, 3432, 3881, 4477, 2919, 4613, 5175, 714, 1719, 4590, 3976, 3180, 2250, 2329, 3919, 5171, 3330, 2506, 3126, 3434, 223, 1272, 1304, 2738, 3311, 1290, 3073, 3199, 5388, 1989, 2828, 1431, 2509, 1643, 3373, 2821, 1188, 2859, 1955, 510, 1486, 595, 2764, 2793, 2298, 708, 1768, 5056, 5179, 4869, 2794, 2360, 4895, 1094, 5372, 2311, 2488, 1066, 2618, 429, 571, 2244, 2290, 1380, 2387, 68, 2439, 1878, 3749, 4145, 3746, 4125, 1315, 2150, 4656, 348, 770, 3019, 2275, 587, 315, 4120, 36, 2855, 3651, 2566, 4293, 640, 1490, 4054, 4959, 1835, 2354, 3522, 4901, 1243, 1571, 3332, 652, 2068, 1808, 5156, 1114, 4716, 2121, 5117, 4747, 4593, 451, 3953, 2782, 2461, 5091, 4920, 4668, 3397, 5247, 1260, 297, 2704, 3504, 3203, 2900, 384, 157, 4868, 3488, 5245, 3173, 1647, 3273, 1192, 3908, 38, 3992, 749, 5294, 3848, 860, 2479, 2459, 867, 3218, 4838, 4482, 20, 1521, 1641, 122, 3118, 2063, 2400, 3519, 1063, 2035, 3442, 2890, 1763, 2119, 5400, 1961, 4854, 2292, 2772, 527, 4917, 4955, 2172, 1186, 4006, 1388, 4382, 4717, 2798, 831, 1206, 189, 5149, 4021, 507, 3599, 3197, 5148, 539, 2171, 2575, 1615, 4032, 2592, 5425, 350, 201, 2074, 3364, 3764, 2122, 3738, 1086, 4460, 400, 63, 1662, 286, 291, 693, 3484, 2629, 4674, 2334, 1913, 4762, 2824, 4767, 4750, 4965, 1785, 2069, 583, 1797, 5051, 4848, 2634, 1507, 4085, 5159, 3279, 3927, 4, 550, 5447, 207, 2799, 551, 5144, 2563, 146, 4989, 4400, 2113, 434, 27, 4129, 3768, 3668, 3459, 3091, 1215, 4091, 1681, 2872, 4014, 4194, 779, 4029, 3756, 4760, 2476, 1749, 4658, 4871, 4348, 2757, 646, 1897, 2195, 316, 716, 4208, 5383, 825, 5370, 3078, 3778, 1702, 3984, 3847, 1150, 4300, 649, 4808, 3775, 4935, 3159, 687, 1223, 946, 4538, 4535, 3077, 5359, 780, 477, 2524, 371, 5142, 3611, 62, 1069, 4193, 883, 4130, 4328, 622, 4974, 1436, 4519, 1762, 4238, 3012, 3554, 4026, 3342, 4182, 5410, 1407, 2736, 913, 4045, 182, 1382, 3625, 1351, 3839, 3583, 2938, 46, 829, 5326, 2230, 612, 5021, 3121, 1127, 3006, 1852, 329, 118, 3794, 4081, 72, 1330, 519, 1195, 2017, 1920, 314, 1129, 3544, 1000, 282, 4041, 2857, 324, 2210, 5283, 2272, 4438, 10, 5341, 4447, 5120, 4167, 1047, 742, 4222, 2916, 3377, 2533, 2707, 2819, 42, 3054, 703, 1519, 1891, 1740, 2997, 347, 5190, 3489, 4284, 833, 4467, 2603, 4198, 4987, 4303, 2483, 435, 4121, 2536, 3048, 2561, 4425, 3177, 2774, 5313, 5078, 1804, 2780, 317, 1372, 1842, 2517, 35, 4283, 3692, 794, 4047, 4496, 4319, 1623, 896, 4416, 3383, 2217, 2330, 2026, 2565, 890, 1423, 3773, 2941, 4926, 2977, 256, 2755, 3724, 1697, 3141, 3189, 2520, 402, 1159, 1593, 508, 1536, 2376, 2842, 691, 3596, 2321, 1576, 5411, 2201, 2532, 4138, 4631, 3815, 4657, 2905, 3472, 4518, 4823, 4810, 2892, 4073, 2806, 3715, 31, 2372, 1782, 2133, 1893, 3932, 4602, 3997, 1607, 1238, 4296, 1350, 4498, 4735, 1489, 4877, 845, 1630, 3469, 4143, 4002, 106, 2773, 2881, 287, 2062, 1757, 4230, 1627, 830, 563, 1196, 2460, 5333, 2472, 1067, 1377, 4844, 3515, 4552, 958, 4347, 1170, 1543, 3120, 2239, 28, 4909, 3026, 515, 3293, 1948, 4948, 76, 970, 840, 4011, 2675, 4050, 37, 108, 4651, 3319, 3660, 5160, 4768, 1911, 5345, 23, 4419, 1815, 447, 581, 4426, 893, 2756, 1864, 4418, 4444, 1411, 3446, 3278, 1618, 4786, 3998, 2055, 2795, 4841, 1599, 1044, 2418, 2206, 1394, 3409, 4428, 5301, 5139, 4504, 3974, 4123, 2414, 3527, 4244, 4985, 3310, 3975, 1318, 952, 4822, 3414, 2223, 1506, 627, 3094, 1236, 4642, 2481, 1629, 4509, 4265, 3829, 4149, 3249, 426, 3817, 2571, 3894, 4662, 744, 4561, 1926, 3576, 2655, 1714, 2072, 1559, 3358, 4741, 2526, 2896, 5132, 613, 4331, 1969, 1727, 1293, 871, 5264, 4669, 1505, 1095]",97,750,1,False,750
340,numeric,numeric,5,True,True,True,"{2: 151, 1: 172, 5: 122, 3: 154, 4: 141, 0: 10}","[4097, 1548, 5419, 4731, 3902, 3380, 4432, 3710, 3542, 3991, 4880, 2494, 2930, 1237, 5356, 235, 4127, 3911, 217, 3274, 932, 1468, 2624, 2837, 3687, 1483, 2116, 3691, 4885, 1822, 1115, 1952, 4887, 876, 2002, 4576, 3443, 5286, 2441, 4713, 121, 2388, 292, 5439, 83, 4206, 4866, 1120, 5436, 1558, 1312, 2596, 3921, 1887, 388, 2130, 1360, 1525, 4673, 4770, 3790, 1675, 2897, 556, 4577, 4946, 2628, 1915, 2862, 5186, 4722, 3211, 2127, 2225, 352, 1392, 1877, 2901, 1025, 4799, 1285, 2739, 5107, 4436, 415, 2864, 15, 2351, 4600, 2046, 3401, 650, 3938, 1545, 226, 4522, 992, 5069, 534, 18, 335, 3566, 3064, 2698, 989, 123, 1932, 4178, 3670, 4847, 1514, 2273, 1786, 574, 2856, 3256, 618, 4694, 5405, 4404, 2676, 3762, 5255, 3755, 2485, 5321, 536, 233, 3760, 1837, 4431, 3948, 5252, 3797, 1538, 13, 1387, 1886, 1994, 2954, 4108, 3432, 3881, 4477, 2919, 4613, 5175, 714, 1719, 4590, 3976, 3180, 2250, 2329, 3919, 5171, 3330, 2506, 3126, 3434, 223, 1272, 1304, 2738, 3311, 1290, 3073, 3199, 5388, 1989, 2828, 1431, 2509, 1643, 3373, 2821, 1188, 2859, 1955, 510, 1486, 595, 2764, 2793, 2298, 708, 1768, 5056, 5179, 4869, 2794, 2360, 4895, 1094, 5372, 2311, 2488, 1066, 2618, 429, 571, 2244, 2290, 1380, 2387, 68, 2439, 1878, 3749, 4145, 3746, 4125, 1315, 2150, 4656, 348, 770, 3019, 2275, 587, 315, 4120, 36, 2855, 3651, 2566, 4293, 640, 1490, 4054, 4959, 1835, 2354, 3522, 4901, 1243, 1571, 3332, 652, 2068, 1808, 5156, 1114, 4716, 2121, 5117, 4747, 4593, 451, 3953, 2782, 2461, 5091, 4920, 4668, 3397, 5247, 1260, 297, 2704, 3504, 3203, 2900, 384, 157, 4868, 3488, 5245, 3173, 1647, 3273, 1192, 3908, 38, 3992, 749, 5294, 3848, 860, 2479, 2459, 867, 3218, 4838, 4482, 20, 1521, 1641, 122, 3118, 2063, 2400, 3519, 1063, 2035, 3442, 2890, 1763, 2119, 5400, 1961, 4854, 2292, 2772, 527, 4917, 4955, 2172, 1186, 4006, 1388, 4382, 4717, 2798, 831, 1206, 189, 5149, 4021, 507, 3599, 3197, 5148, 539, 2171, 2575, 1615, 4032, 2592, 5425, 350, 201, 2074, 3364, 3764, 2122, 3738, 1086, 4460, 400, 63, 1662, 286, 291, 693, 3484, 2629, 4674, 2334, 1913, 4762, 2824, 4767, 4750, 4965, 1785, 2069, 583, 1797, 5051, 4848, 2634, 1507, 4085, 5159, 3279, 3927, 4, 550, 5447, 207, 2799, 551, 5144, 2563, 146, 4989, 4400, 2113, 434, 27, 4129, 3768, 3668, 3459, 3091, 1215, 4091, 1681, 2872, 4014, 4194, 779, 4029, 3756, 4760, 2476, 1749, 4658, 4871, 4348, 2757, 646, 1897, 2195, 316, 716, 4208, 5383, 825, 5370, 3078, 3778, 1702, 3984, 3847, 1150, 4300, 649, 4808, 3775, 4935, 3159, 687, 1223, 946, 4538, 4535, 3077, 5359, 780, 477, 2524, 371, 5142, 3611, 62, 1069, 4193, 883, 4130, 4328, 622, 4974, 1436, 4519, 1762, 4238, 3012, 3554, 4026, 3342, 4182, 5410, 1407, 2736, 913, 4045, 182, 1382, 3625, 1351, 3839, 3583, 2938, 46, 829, 5326, 2230, 612, 5021, 3121, 1127, 3006, 1852, 329, 118, 3794, 4081, 72, 1330, 519, 1195, 2017, 1920, 314, 1129, 3544, 1000, 282, 4041, 2857, 324, 2210, 5283, 2272, 4438, 10, 5341, 4447, 5120, 4167, 1047, 742, 4222, 2916, 3377, 2533, 2707, 2819, 42, 3054, 703, 1519, 1891, 1740, 2997, 347, 5190, 3489, 4284, 833, 4467, 2603, 4198, 4987, 4303, 2483, 435, 4121, 2536, 3048, 2561, 4425, 3177, 2774, 5313, 5078, 1804, 2780, 317, 1372, 1842, 2517, 35, 4283, 3692, 794, 4047, 4496, 4319, 1623, 896, 4416, 3383, 2217, 2330, 2026, 2565, 890, 1423, 3773, 2941, 4926, 2977, 256, 2755, 3724, 1697, 3141, 3189, 2520, 402, 1159, 1593, 508, 1536, 2376, 2842, 691, 3596, 2321, 1576, 5411, 2201, 2532, 4138, 4631, 3815, 4657, 2905, 3472, 4518, 4823, 4810, 2892, 4073, 2806, 3715, 31, 2372, 1782, 2133, 1893, 3932, 4602, 3997, 1607, 1238, 4296, 1350, 4498, 4735, 1489, 4877, 845, 1630, 3469, 4143, 4002, 106, 2773, 2881, 287, 2062, 1757, 4230, 1627, 830, 563, 1196, 2460, 5333, 2472, 1067, 1377, 4844, 3515, 4552, 958, 4347, 1170, 1543, 3120, 2239, 28, 4909, 3026, 515, 3293, 1948, 4948, 76, 970, 840, 4011, 2675, 4050, 37, 108, 4651, 3319, 3660, 5160, 4768, 1911, 5345, 23, 4419, 1815, 447, 581, 4426, 893, 2756, 1864, 4418, 4444, 1411, 3446, 3278, 1618, 4786, 3998, 2055, 2795, 4841, 1599, 1044, 2418, 2206, 1394, 3409, 4428, 5301, 5139, 4504, 3974, 4123, 2414, 3527, 4244, 4985, 3310, 3975, 1318, 952, 4822, 3414, 2223, 1506, 627, 3094, 1236, 4642, 2481, 1629, 4509, 4265, 3829, 4149, 3249, 426, 3817, 2571, 3894, 4662, 744, 4561, 1926, 3576, 2655, 1714, 2072, 1559, 3358, 4741, 2526, 2896, 5132, 613, 4331, 1969, 1727, 1293, 871, 5264, 4669, 1505, 1095]",340,750,1,False,750
496,numeric,entity,1,True,False,True,"{2: 151, 1: 172, 5: 122, 3: 154, 4: 141, 0: 10}","[4097, 1548, 5419, 4731, 3902, 3380, 4432, 3710, 3542, 3991, 4880, 2494, 2930, 1237, 5356, 235, 4127, 3911, 217, 3274, 932, 1468, 2624, 2837, 3687, 1483, 2116, 3691, 4885, 1822, 1115, 1952, 4887, 876, 2002, 4576, 3443, 5286, 2441, 4713, 121, 2388, 292, 5439, 83, 4206, 4866, 1120, 5436, 1558, 1312, 2596, 3921, 1887, 388, 2130, 1360, 1525, 4673, 4770, 3790, 1675, 2897, 556, 4577, 4946, 2628, 1915, 2862, 5186, 4722, 3211, 2127, 2225, 352, 1392, 1877, 2901, 1025, 4799, 1285, 2739, 5107, 4436, 415, 2864, 15, 2351, 4600, 2046, 3401, 650, 3938, 1545, 226, 4522, 992, 5069, 534, 18, 335, 3566, 3064, 2698, 989, 123, 1932, 4178, 3670, 4847, 1514, 2273, 1786, 574, 2856, 3256, 618, 4694, 5405, 4404, 2676, 3762, 5255, 3755, 2485, 5321, 536, 233, 3760, 1837, 4431, 3948, 5252, 3797, 1538, 13, 1387, 1886, 1994, 2954, 4108, 3432, 3881, 4477, 2919, 4613, 5175, 714, 1719, 4590, 3976, 3180, 2250, 2329, 3919, 5171, 3330, 2506, 3126, 3434, 223, 1272, 1304, 2738, 3311, 1290, 3073, 3199, 5388, 1989, 2828, 1431, 2509, 1643, 3373, 2821, 1188, 2859, 1955, 510, 1486, 595, 2764, 2793, 2298, 708, 1768, 5056, 5179, 4869, 2794, 2360, 4895, 1094, 5372, 2311, 2488, 1066, 2618, 429, 571, 2244, 2290, 1380, 2387, 68, 2439, 1878, 3749, 4145, 3746, 4125, 1315, 2150, 4656, 348, 770, 3019, 2275, 587, 315, 4120, 36, 2855, 3651, 2566, 4293, 640, 1490, 4054, 4959, 1835, 2354, 3522, 4901, 1243, 1571, 3332, 652, 2068, 1808, 5156, 1114, 4716, 2121, 5117, 4747, 4593, 451, 3953, 2782, 2461, 5091, 4920, 4668, 3397, 5247, 1260, 297, 2704, 3504, 3203, 2900, 384, 157, 4868, 3488, 5245, 3173, 1647, 3273, 1192, 3908, 38, 3992, 749, 5294, 3848, 860, 2479, 2459, 867, 3218, 4838, 4482, 20, 1521, 1641, 122, 3118, 2063, 2400, 3519, 1063, 2035, 3442, 2890, 1763, 2119, 5400, 1961, 4854, 2292, 2772, 527, 4917, 4955, 2172, 1186, 4006, 1388, 4382, 4717, 2798, 831, 1206, 189, 5149, 4021, 507, 3599, 3197, 5148, 539, 2171, 2575, 1615, 4032, 2592, 5425, 350, 201, 2074, 3364, 3764, 2122, 3738, 1086, 4460, 400, 63, 1662, 286, 291, 693, 3484, 2629, 4674, 2334, 1913, 4762, 2824, 4767, 4750, 4965, 1785, 2069, 583, 1797, 5051, 4848, 2634, 1507, 4085, 5159, 3279, 3927, 4, 550, 5447, 207, 2799, 551, 5144, 2563, 146, 4989, 4400, 2113, 434, 27, 4129, 3768, 3668, 3459, 3091, 1215, 4091, 1681, 2872, 4014, 4194, 779, 4029, 3756, 4760, 2476, 1749, 4658, 4871, 4348, 2757, 646, 1897, 2195, 316, 716, 4208, 5383, 825, 5370, 3078, 3778, 1702, 3984, 3847, 1150, 4300, 649, 4808, 3775, 4935, 3159, 687, 1223, 946, 4538, 4535, 3077, 5359, 780, 477, 2524, 371, 5142, 3611, 62, 1069, 4193, 883, 4130, 4328, 622, 4974, 1436, 4519, 1762, 4238, 3012, 3554, 4026, 3342, 4182, 5410, 1407, 2736, 913, 4045, 182, 1382, 3625, 1351, 3839, 3583, 2938, 46, 829, 5326, 2230, 612, 5021, 3121, 1127, 3006, 1852, 329, 118, 3794, 4081, 72, 1330, 519, 1195, 2017, 1920, 314, 1129, 3544, 1000, 282, 4041, 2857, 324, 2210, 5283, 2272, 4438, 10, 5341, 4447, 5120, 4167, 1047, 742, 4222, 2916, 3377, 2533, 2707, 2819, 42, 3054, 703, 1519, 1891, 1740, 2997, 347, 5190, 3489, 4284, 833, 4467, 2603, 4198, 4987, 4303, 2483, 435, 4121, 2536, 3048, 2561, 4425, 3177, 2774, 5313, 5078, 1804, 2780, 317, 1372, 1842, 2517, 35, 4283, 3692, 794, 4047, 4496, 4319, 1623, 896, 4416, 3383, 2217, 2330, 2026, 2565, 890, 1423, 3773, 2941, 4926, 2977, 256, 2755, 3724, 1697, 3141, 3189, 2520, 402, 1159, 1593, 508, 1536, 2376, 2842, 691, 3596, 2321, 1576, 5411, 2201, 2532, 4138, 4631, 3815, 4657, 2905, 3472, 4518, 4823, 4810, 2892, 4073, 2806, 3715, 31, 2372, 1782, 2133, 1893, 3932, 4602, 3997, 1607, 1238, 4296, 1350, 4498, 4735, 1489, 4877, 845, 1630, 3469, 4143, 4002, 106, 2773, 2881, 287, 2062, 1757, 4230, 1627, 830, 563, 1196, 2460, 5333, 2472, 1067, 1377, 4844, 3515, 4552, 958, 4347, 1170, 1543, 3120, 2239, 28, 4909, 3026, 515, 3293, 1948, 4948, 76, 970, 840, 4011, 2675, 4050, 37, 108, 4651, 3319, 3660, 5160, 4768, 1911, 5345, 23, 4419, 1815, 447, 581, 4426, 893, 2756, 1864, 4418, 4444, 1411, 3446, 3278, 1618, 4786, 3998, 2055, 2795, 4841, 1599, 1044, 2418, 2206, 1394, 3409, 4428, 5301, 5139, 4504, 3974, 4123, 2414, 3527, 4244, 4985, 3310, 3975, 1318, 952, 4822, 3414, 2223, 1506, 627, 3094, 1236, 4642, 2481, 1629, 4509, 4265, 3829, 4149, 3249, 426, 3817, 2571, 3894, 4662, 744, 4561, 1926, 3576, 2655, 1714, 2072, 1559, 3358, 4741, 2526, 2896, 5132, 613, 4331, 1969, 1727, 1293, 871, 5264, 4669, 1505, 1095]",496,750,1,False,750
183,description,description,2,True,True,True,"{2: 151, 1: 172, 5: 122, 3: 154, 4: 141, 0: 10}","[4097, 1548, 5419, 4731, 3902, 3380, 4432, 3710, 3542, 3991, 4880, 2494, 2930, 1237, 5356, 235, 4127, 3911, 217, 3274, 932, 1468, 2624, 2837, 3687, 1483, 2116, 3691, 4885, 1822, 1115, 1952, 4887, 876, 2002, 4576, 3443, 5286, 2441, 4713, 121, 2388, 292, 5439, 83, 4206, 4866, 1120, 5436, 1558, 1312, 2596, 3921, 1887, 388, 2130, 1360, 1525, 4673, 4770, 3790, 1675, 2897, 556, 4577, 4946, 2628, 1915, 2862, 5186, 4722, 3211, 2127, 2225, 352, 1392, 1877, 2901, 1025, 4799, 1285, 2739, 5107, 4436, 415, 2864, 15, 2351, 4600, 2046, 3401, 650, 3938, 1545, 226, 4522, 992, 5069, 534, 18, 335, 3566, 3064, 2698, 989, 123, 1932, 4178, 3670, 4847, 1514, 2273, 1786, 574, 2856, 3256, 618, 4694, 5405, 4404, 2676, 3762, 5255, 3755, 2485, 5321, 536, 233, 3760, 1837, 4431, 3948, 5252, 3797, 1538, 13, 1387, 1886, 1994, 2954, 4108, 3432, 3881, 4477, 2919, 4613, 5175, 714, 1719, 4590, 3976, 3180, 2250, 2329, 3919, 5171, 3330, 2506, 3126, 3434, 223, 1272, 1304, 2738, 3311, 1290, 3073, 3199, 5388, 1989, 2828, 1431, 2509, 1643, 3373, 2821, 1188, 2859, 1955, 510, 1486, 595, 2764, 2793, 2298, 708, 1768, 5056, 5179, 4869, 2794, 2360, 4895, 1094, 5372, 2311, 2488, 1066, 2618, 429, 571, 2244, 2290, 1380, 2387, 68, 2439, 1878, 3749, 4145, 3746, 4125, 1315, 2150, 4656, 348, 770, 3019, 2275, 587, 315, 4120, 36, 2855, 3651, 2566, 4293, 640, 1490, 4054, 4959, 1835, 2354, 3522, 4901, 1243, 1571, 3332, 652, 2068, 1808, 5156, 1114, 4716, 2121, 5117, 4747, 4593, 451, 3953, 2782, 2461, 5091, 4920, 4668, 3397, 5247, 1260, 297, 2704, 3504, 3203, 2900, 384, 157, 4868, 3488, 5245, 3173, 1647, 3273, 1192, 3908, 38, 3992, 749, 5294, 3848, 860, 2479, 2459, 867, 3218, 4838, 4482, 20, 1521, 1641, 122, 3118, 2063, 2400, 3519, 1063, 2035, 3442, 2890, 1763, 2119, 5400, 1961, 4854, 2292, 2772, 527, 4917, 4955, 2172, 1186, 4006, 1388, 4382, 4717, 2798, 831, 1206, 189, 5149, 4021, 507, 3599, 3197, 5148, 539, 2171, 2575, 1615, 4032, 2592, 5425, 350, 201, 2074, 3364, 3764, 2122, 3738, 1086, 4460, 400, 63, 1662, 286, 291, 693, 3484, 2629, 4674, 2334, 1913, 4762, 2824, 4767, 4750, 4965, 1785, 2069, 583, 1797, 5051, 4848, 2634, 1507, 4085, 5159, 3279, 3927, 4, 550, 5447, 207, 2799, 551, 5144, 2563, 146, 4989, 4400, 2113, 434, 27, 4129, 3768, 3668, 3459, 3091, 1215, 4091, 1681, 2872, 4014, 4194, 779, 4029, 3756, 4760, 2476, 1749, 4658, 4871, 4348, 2757, 646, 1897, 2195, 316, 716, 4208, 5383, 825, 5370, 3078, 3778, 1702, 3984, 3847, 1150, 4300, 649, 4808, 3775, 4935, 3159, 687, 1223, 946, 4538, 4535, 3077, 5359, 780, 477, 2524, 371, 5142, 3611, 62, 1069, 4193, 883, 4130, 4328, 622, 4974, 1436, 4519, 1762, 4238, 3012, 3554, 4026, 3342, 4182, 5410, 1407, 2736, 913, 4045, 182, 1382, 3625, 1351, 3839, 3583, 2938, 46, 829, 5326, 2230, 612, 5021, 3121, 1127, 3006, 1852, 329, 118, 3794, 4081, 72, 1330, 519, 1195, 2017, 1920, 314, 1129, 3544, 1000, 282, 4041, 2857, 324, 2210, 5283, 2272, 4438, 10, 5341, 4447, 5120, 4167, 1047, 742, 4222, 2916, 3377, 2533, 2707, 2819, 42, 3054, 703, 1519, 1891, 1740, 2997, 347, 5190, 3489, 4284, 833, 4467, 2603, 4198, 4987, 4303, 2483, 435, 4121, 2536, 3048, 2561, 4425, 3177, 2774, 5313, 5078, 1804, 2780, 317, 1372, 1842, 2517, 35, 4283, 3692, 794, 4047, 4496, 4319, 1623, 896, 4416, 3383, 2217, 2330, 2026, 2565, 890, 1423, 3773, 2941, 4926, 2977, 256, 2755, 3724, 1697, 3141, 3189, 2520, 402, 1159, 1593, 508, 1536, 2376, 2842, 691, 3596, 2321, 1576, 5411, 2201, 2532, 4138, 4631, 3815, 4657, 2905, 3472, 4518, 4823, 4810, 2892, 4073, 2806, 3715, 31, 2372, 1782, 2133, 1893, 3932, 4602, 3997, 1607, 1238, 4296, 1350, 4498, 4735, 1489, 4877, 845, 1630, 3469, 4143, 4002, 106, 2773, 2881, 287, 2062, 1757, 4230, 1627, 830, 563, 1196, 2460, 5333, 2472, 1067, 1377, 4844, 3515, 4552, 958, 4347, 1170, 1543, 3120, 2239, 28, 4909, 3026, 515, 3293, 1948, 4948, 76, 970, 840, 4011, 2675, 4050, 37, 108, 4651, 3319, 3660, 5160, 4768, 1911, 5345, 23, 4419, 1815, 447, 581, 4426, 893, 2756, 1864, 4418, 4444, 1411, 3446, 3278, 1618, 4786, 3998, 2055, 2795, 4841, 1599, 1044, 2418, 2206, 1394, 3409, 4428, 5301, 5139, 4504, 3974, 4123, 2414, 3527, 4244, 4985, 3310, 3975, 1318, 952, 4822, 3414, 2223, 1506, 627, 3094, 1236, 4642, 2481, 1629, 4509, 4265, 3829, 4149, 3249, 426, 3817, 2571, 3894, 4662, 744, 4561, 1926, 3576, 2655, 1714, 2072, 1559, 3358, 4741, 2526, 2896, 5132, 613, 4331, 1969, 1727, 1293, 871, 5264, 4669, 1505, 1095]",183,750,1,False,750
393,numeric,numeric,5,True,True,True,"{2: 151, 1: 172, 5: 122, 3: 154, 4: 141, 0: 10}","[4097, 1548, 5419, 4731, 3902, 3380, 4432, 3710, 3542, 3991, 4880, 2494, 2930, 1237, 5356, 235, 4127, 3911, 217, 3274, 932, 1468, 2624, 2837, 3687, 1483, 2116, 3691, 4885, 1822, 1115, 1952, 4887, 876, 2002, 4576, 3443, 5286, 2441, 4713, 121, 2388, 292, 5439, 83, 4206, 4866, 1120, 5436, 1558, 1312, 2596, 3921, 1887, 388, 2130, 1360, 1525, 4673, 4770, 3790, 1675, 2897, 556, 4577, 4946, 2628, 1915, 2862, 5186, 4722, 3211, 2127, 2225, 352, 1392, 1877, 2901, 1025, 4799, 1285, 2739, 5107, 4436, 415, 2864, 15, 2351, 4600, 2046, 3401, 650, 3938, 1545, 226, 4522, 992, 5069, 534, 18, 335, 3566, 3064, 2698, 989, 123, 1932, 4178, 3670, 4847, 1514, 2273, 1786, 574, 2856, 3256, 618, 4694, 5405, 4404, 2676, 3762, 5255, 3755, 2485, 5321, 536, 233, 3760, 1837, 4431, 3948, 5252, 3797, 1538, 13, 1387, 1886, 1994, 2954, 4108, 3432, 3881, 4477, 2919, 4613, 5175, 714, 1719, 4590, 3976, 3180, 2250, 2329, 3919, 5171, 3330, 2506, 3126, 3434, 223, 1272, 1304, 2738, 3311, 1290, 3073, 3199, 5388, 1989, 2828, 1431, 2509, 1643, 3373, 2821, 1188, 2859, 1955, 510, 1486, 595, 2764, 2793, 2298, 708, 1768, 5056, 5179, 4869, 2794, 2360, 4895, 1094, 5372, 2311, 2488, 1066, 2618, 429, 571, 2244, 2290, 1380, 2387, 68, 2439, 1878, 3749, 4145, 3746, 4125, 1315, 2150, 4656, 348, 770, 3019, 2275, 587, 315, 4120, 36, 2855, 3651, 2566, 4293, 640, 1490, 4054, 4959, 1835, 2354, 3522, 4901, 1243, 1571, 3332, 652, 2068, 1808, 5156, 1114, 4716, 2121, 5117, 4747, 4593, 451, 3953, 2782, 2461, 5091, 4920, 4668, 3397, 5247, 1260, 297, 2704, 3504, 3203, 2900, 384, 157, 4868, 3488, 5245, 3173, 1647, 3273, 1192, 3908, 38, 3992, 749, 5294, 3848, 860, 2479, 2459, 867, 3218, 4838, 4482, 20, 1521, 1641, 122, 3118, 2063, 2400, 3519, 1063, 2035, 3442, 2890, 1763, 2119, 5400, 1961, 4854, 2292, 2772, 527, 4917, 4955, 2172, 1186, 4006, 1388, 4382, 4717, 2798, 831, 1206, 189, 5149, 4021, 507, 3599, 3197, 5148, 539, 2171, 2575, 1615, 4032, 2592, 5425, 350, 201, 2074, 3364, 3764, 2122, 3738, 1086, 4460, 400, 63, 1662, 286, 291, 693, 3484, 2629, 4674, 2334, 1913, 4762, 2824, 4767, 4750, 4965, 1785, 2069, 583, 1797, 5051, 4848, 2634, 1507, 4085, 5159, 3279, 3927, 4, 550, 5447, 207, 2799, 551, 5144, 2563, 146, 4989, 4400, 2113, 434, 27, 4129, 3768, 3668, 3459, 3091, 1215, 4091, 1681, 2872, 4014, 4194, 779, 4029, 3756, 4760, 2476, 1749, 4658, 4871, 4348, 2757, 646, 1897, 2195, 316, 716, 4208, 5383, 825, 5370, 3078, 3778, 1702, 3984, 3847, 1150, 4300, 649, 4808, 3775, 4935, 3159, 687, 1223, 946, 4538, 4535, 3077, 5359, 780, 477, 2524, 371, 5142, 3611, 62, 1069, 4193, 883, 4130, 4328, 622, 4974, 1436, 4519, 1762, 4238, 3012, 3554, 4026, 3342, 4182, 5410, 1407, 2736, 913, 4045, 182, 1382, 3625, 1351, 3839, 3583, 2938, 46, 829, 5326, 2230, 612, 5021, 3121, 1127, 3006, 1852, 329, 118, 3794, 4081, 72, 1330, 519, 1195, 2017, 1920, 314, 1129, 3544, 1000, 282, 4041, 2857, 324, 2210, 5283, 2272, 4438, 10, 5341, 4447, 5120, 4167, 1047, 742, 4222, 2916, 3377, 2533, 2707, 2819, 42, 3054, 703, 1519, 1891, 1740, 2997, 347, 5190, 3489, 4284, 833, 4467, 2603, 4198, 4987, 4303, 2483, 435, 4121, 2536, 3048, 2561, 4425, 3177, 2774, 5313, 5078, 1804, 2780, 317, 1372, 1842, 2517, 35, 4283, 3692, 794, 4047, 4496, 4319, 1623, 896, 4416, 3383, 2217, 2330, 2026, 2565, 890, 1423, 3773, 2941, 4926, 2977, 256, 2755, 3724, 1697, 3141, 3189, 2520, 402, 1159, 1593, 508, 1536, 2376, 2842, 691, 3596, 2321, 1576, 5411, 2201, 2532, 4138, 4631, 3815, 4657, 2905, 3472, 4518, 4823, 4810, 2892, 4073, 2806, 3715, 31, 2372, 1782, 2133, 1893, 3932, 4602, 3997, 1607, 1238, 4296, 1350, 4498, 4735, 1489, 4877, 845, 1630, 3469, 4143, 4002, 106, 2773, 2881, 287, 2062, 1757, 4230, 1627, 830, 563, 1196, 2460, 5333, 2472, 1067, 1377, 4844, 3515, 4552, 958, 4347, 1170, 1543, 3120, 2239, 28, 4909, 3026, 515, 3293, 1948, 4948, 76, 970, 840, 4011, 2675, 4050, 37, 108, 4651, 3319, 3660, 5160, 4768, 1911, 5345, 23, 4419, 1815, 447, 581, 4426, 893, 2756, 1864, 4418, 4444, 1411, 3446, 3278, 1618, 4786, 3998, 2055, 2795, 4841, 1599, 1044, 2418, 2206, 1394, 3409, 4428, 5301, 5139, 4504, 3974, 4123, 2414, 3527, 4244, 4985, 3310, 3975, 1318, 952, 4822, 3414, 2223, 1506, 627, 3094, 1236, 4642, 2481, 1629, 4509, 4265, 3829, 4149, 3249, 426, 3817, 2571, 3894, 4662, 744, 4561, 1926, 3576, 2655, 1714, 2072, 1559, 3358, 4741, 2526, 2896, 5132, 613, 4331, 1969, 1727, 1293, 871, 5264, 4669, 1505, 1095]",393,750,1,False,750
15,numeric,numeric,5,True,True,True,"{2: 151, 1: 172, 5: 122, 3: 154, 4: 141, 0: 10}","[4097, 1548, 5419, 4731, 3902, 3380, 4432, 3710, 3542, 3991, 4880, 2494, 2930, 1237, 5356, 235, 4127, 3911, 217, 3274, 932, 1468, 2624, 2837, 3687, 1483, 2116, 3691, 4885, 1822, 1115, 1952, 4887, 876, 2002, 4576, 3443, 5286, 2441, 4713, 121, 2388, 292, 5439, 83, 4206, 4866, 1120, 5436, 1558, 1312, 2596, 3921, 1887, 388, 2130, 1360, 1525, 4673, 4770, 3790, 1675, 2897, 556, 4577, 4946, 2628, 1915, 2862, 5186, 4722, 3211, 2127, 2225, 352, 1392, 1877, 2901, 1025, 4799, 1285, 2739, 5107, 4436, 415, 2864, 15, 2351, 4600, 2046, 3401, 650, 3938, 1545, 226, 4522, 992, 5069, 534, 18, 335, 3566, 3064, 2698, 989, 123, 1932, 4178, 3670, 4847, 1514, 2273, 1786, 574, 2856, 3256, 618, 4694, 5405, 4404, 2676, 3762, 5255, 3755, 2485, 5321, 536, 233, 3760, 1837, 4431, 3948, 5252, 3797, 1538, 13, 1387, 1886, 1994, 2954, 4108, 3432, 3881, 4477, 2919, 4613, 5175, 714, 1719, 4590, 3976, 3180, 2250, 2329, 3919, 5171, 3330, 2506, 3126, 3434, 223, 1272, 1304, 2738, 3311, 1290, 3073, 3199, 5388, 1989, 2828, 1431, 2509, 1643, 3373, 2821, 1188, 2859, 1955, 510, 1486, 595, 2764, 2793, 2298, 708, 1768, 5056, 5179, 4869, 2794, 2360, 4895, 1094, 5372, 2311, 2488, 1066, 2618, 429, 571, 2244, 2290, 1380, 2387, 68, 2439, 1878, 3749, 4145, 3746, 4125, 1315, 2150, 4656, 348, 770, 3019, 2275, 587, 315, 4120, 36, 2855, 3651, 2566, 4293, 640, 1490, 4054, 4959, 1835, 2354, 3522, 4901, 1243, 1571, 3332, 652, 2068, 1808, 5156, 1114, 4716, 2121, 5117, 4747, 4593, 451, 3953, 2782, 2461, 5091, 4920, 4668, 3397, 5247, 1260, 297, 2704, 3504, 3203, 2900, 384, 157, 4868, 3488, 5245, 3173, 1647, 3273, 1192, 3908, 38, 3992, 749, 5294, 3848, 860, 2479, 2459, 867, 3218, 4838, 4482, 20, 1521, 1641, 122, 3118, 2063, 2400, 3519, 1063, 2035, 3442, 2890, 1763, 2119, 5400, 1961, 4854, 2292, 2772, 527, 4917, 4955, 2172, 1186, 4006, 1388, 4382, 4717, 2798, 831, 1206, 189, 5149, 4021, 507, 3599, 3197, 5148, 539, 2171, 2575, 1615, 4032, 2592, 5425, 350, 201, 2074, 3364, 3764, 2122, 3738, 1086, 4460, 400, 63, 1662, 286, 291, 693, 3484, 2629, 4674, 2334, 1913, 4762, 2824, 4767, 4750, 4965, 1785, 2069, 583, 1797, 5051, 4848, 2634, 1507, 4085, 5159, 3279, 3927, 4, 550, 5447, 207, 2799, 551, 5144, 2563, 146, 4989, 4400, 2113, 434, 27, 4129, 3768, 3668, 3459, 3091, 1215, 4091, 1681, 2872, 4014, 4194, 779, 4029, 3756, 4760, 2476, 1749, 4658, 4871, 4348, 2757, 646, 1897, 2195, 316, 716, 4208, 5383, 825, 5370, 3078, 3778, 1702, 3984, 3847, 1150, 4300, 649, 4808, 3775, 4935, 3159, 687, 1223, 946, 4538, 4535, 3077, 5359, 780, 477, 2524, 371, 5142, 3611, 62, 1069, 4193, 883, 4130, 4328, 622, 4974, 1436, 4519, 1762, 4238, 3012, 3554, 4026, 3342, 4182, 5410, 1407, 2736, 913, 4045, 182, 1382, 3625, 1351, 3839, 3583, 2938, 46, 829, 5326, 2230, 612, 5021, 3121, 1127, 3006, 1852, 329, 118, 3794, 4081, 72, 1330, 519, 1195, 2017, 1920, 314, 1129, 3544, 1000, 282, 4041, 2857, 324, 2210, 5283, 2272, 4438, 10, 5341, 4447, 5120, 4167, 1047, 742, 4222, 2916, 3377, 2533, 2707, 2819, 42, 3054, 703, 1519, 1891, 1740, 2997, 347, 5190, 3489, 4284, 833, 4467, 2603, 4198, 4987, 4303, 2483, 435, 4121, 2536, 3048, 2561, 4425, 3177, 2774, 5313, 5078, 1804, 2780, 317, 1372, 1842, 2517, 35, 4283, 3692, 794, 4047, 4496, 4319, 1623, 896, 4416, 3383, 2217, 2330, 2026, 2565, 890, 1423, 3773, 2941, 4926, 2977, 256, 2755, 3724, 1697, 3141, 3189, 2520, 402, 1159, 1593, 508, 1536, 2376, 2842, 691, 3596, 2321, 1576, 5411, 2201, 2532, 4138, 4631, 3815, 4657, 2905, 3472, 4518, 4823, 4810, 2892, 4073, 2806, 3715, 31, 2372, 1782, 2133, 1893, 3932, 4602, 3997, 1607, 1238, 4296, 1350, 4498, 4735, 1489, 4877, 845, 1630, 3469, 4143, 4002, 106, 2773, 2881, 287, 2062, 1757, 4230, 1627, 830, 563, 1196, 2460, 5333, 2472, 1067, 1377, 4844, 3515, 4552, 958, 4347, 1170, 1543, 3120, 2239, 28, 4909, 3026, 515, 3293, 1948, 4948, 76, 970, 840, 4011, 2675, 4050, 37, 108, 4651, 3319, 3660, 5160, 4768, 1911, 5345, 23, 4419, 1815, 447, 581, 4426, 893, 2756, 1864, 4418, 4444, 1411, 3446, 3278, 1618, 4786, 3998, 2055, 2795, 4841, 1599, 1044, 2418, 2206, 1394, 3409, 4428, 5301, 5139, 4504, 3974, 4123, 2414, 3527, 4244, 4985, 3310, 3975, 1318, 952, 4822, 3414, 2223, 1506, 627, 3094, 1236, 4642, 2481, 1629, 4509, 4265, 3829, 4149, 3249, 426, 3817, 2571, 3894, 4662, 744, 4561, 1926, 3576, 2655, 1714, 2072, 1559, 3358, 4741, 2526, 2896, 5132, 613, 4331, 1969, 1727, 1293, 871, 5264, 4669, 1505, 1095]",15,750,1,False,750
162,numeric,numeric,5,True,True,True,"{2: 151, 1: 172, 5: 122, 3: 154, 4: 141, 0: 10}","[4097, 1548, 5419, 4731, 3902, 3380, 4432, 3710, 3542, 3991, 4880, 2494, 2930, 1237, 5356, 235, 4127, 3911, 217, 3274, 932, 1468, 2624, 2837, 3687, 1483, 2116, 3691, 4885, 1822, 1115, 1952, 4887, 876, 2002, 4576, 3443, 5286, 2441, 4713, 121, 2388, 292, 5439, 83, 4206, 4866, 1120, 5436, 1558, 1312, 2596, 3921, 1887, 388, 2130, 1360, 1525, 4673, 4770, 3790, 1675, 2897, 556, 4577, 4946, 2628, 1915, 2862, 5186, 4722, 3211, 2127, 2225, 352, 1392, 1877, 2901, 1025, 4799, 1285, 2739, 5107, 4436, 415, 2864, 15, 2351, 4600, 2046, 3401, 650, 3938, 1545, 226, 4522, 992, 5069, 534, 18, 335, 3566, 3064, 2698, 989, 123, 1932, 4178, 3670, 4847, 1514, 2273, 1786, 574, 2856, 3256, 618, 4694, 5405, 4404, 2676, 3762, 5255, 3755, 2485, 5321, 536, 233, 3760, 1837, 4431, 3948, 5252, 3797, 1538, 13, 1387, 1886, 1994, 2954, 4108, 3432, 3881, 4477, 2919, 4613, 5175, 714, 1719, 4590, 3976, 3180, 2250, 2329, 3919, 5171, 3330, 2506, 3126, 3434, 223, 1272, 1304, 2738, 3311, 1290, 3073, 3199, 5388, 1989, 2828, 1431, 2509, 1643, 3373, 2821, 1188, 2859, 1955, 510, 1486, 595, 2764, 2793, 2298, 708, 1768, 5056, 5179, 4869, 2794, 2360, 4895, 1094, 5372, 2311, 2488, 1066, 2618, 429, 571, 2244, 2290, 1380, 2387, 68, 2439, 1878, 3749, 4145, 3746, 4125, 1315, 2150, 4656, 348, 770, 3019, 2275, 587, 315, 4120, 36, 2855, 3651, 2566, 4293, 640, 1490, 4054, 4959, 1835, 2354, 3522, 4901, 1243, 1571, 3332, 652, 2068, 1808, 5156, 1114, 4716, 2121, 5117, 4747, 4593, 451, 3953, 2782, 2461, 5091, 4920, 4668, 3397, 5247, 1260, 297, 2704, 3504, 3203, 2900, 384, 157, 4868, 3488, 5245, 3173, 1647, 3273, 1192, 3908, 38, 3992, 749, 5294, 3848, 860, 2479, 2459, 867, 3218, 4838, 4482, 20, 1521, 1641, 122, 3118, 2063, 2400, 3519, 1063, 2035, 3442, 2890, 1763, 2119, 5400, 1961, 4854, 2292, 2772, 527, 4917, 4955, 2172, 1186, 4006, 1388, 4382, 4717, 2798, 831, 1206, 189, 5149, 4021, 507, 3599, 3197, 5148, 539, 2171, 2575, 1615, 4032, 2592, 5425, 350, 201, 2074, 3364, 3764, 2122, 3738, 1086, 4460, 400, 63, 1662, 286, 291, 693, 3484, 2629, 4674, 2334, 1913, 4762, 2824, 4767, 4750, 4965, 1785, 2069, 583, 1797, 5051, 4848, 2634, 1507, 4085, 5159, 3279, 3927, 4, 550, 5447, 207, 2799, 551, 5144, 2563, 146, 4989, 4400, 2113, 434, 27, 4129, 3768, 3668, 3459, 3091, 1215, 4091, 1681, 2872, 4014, 4194, 779, 4029, 3756, 4760, 2476, 1749, 4658, 4871, 4348, 2757, 646, 1897, 2195, 316, 716, 4208, 5383, 825, 5370, 3078, 3778, 1702, 3984, 3847, 1150, 4300, 649, 4808, 3775, 4935, 3159, 687, 1223, 946, 4538, 4535, 3077, 5359, 780, 477, 2524, 371, 5142, 3611, 62, 1069, 4193, 883, 4130, 4328, 622, 4974, 1436, 4519, 1762, 4238, 3012, 3554, 4026, 3342, 4182, 5410, 1407, 2736, 913, 4045, 182, 1382, 3625, 1351, 3839, 3583, 2938, 46, 829, 5326, 2230, 612, 5021, 3121, 1127, 3006, 1852, 329, 118, 3794, 4081, 72, 1330, 519, 1195, 2017, 1920, 314, 1129, 3544, 1000, 282, 4041, 2857, 324, 2210, 5283, 2272, 4438, 10, 5341, 4447, 5120, 4167, 1047, 742, 4222, 2916, 3377, 2533, 2707, 2819, 42, 3054, 703, 1519, 1891, 1740, 2997, 347, 5190, 3489, 4284, 833, 4467, 2603, 4198, 4987, 4303, 2483, 435, 4121, 2536, 3048, 2561, 4425, 3177, 2774, 5313, 5078, 1804, 2780, 317, 1372, 1842, 2517, 35, 4283, 3692, 794, 4047, 4496, 4319, 1623, 896, 4416, 3383, 2217, 2330, 2026, 2565, 890, 1423, 3773, 2941, 4926, 2977, 256, 2755, 3724, 1697, 3141, 3189, 2520, 402, 1159, 1593, 508, 1536, 2376, 2842, 691, 3596, 2321, 1576, 5411, 2201, 2532, 4138, 4631, 3815, 4657, 2905, 3472, 4518, 4823, 4810, 2892, 4073, 2806, 3715, 31, 2372, 1782, 2133, 1893, 3932, 4602, 3997, 1607, 1238, 4296, 1350, 4498, 4735, 1489, 4877, 845, 1630, 3469, 4143, 4002, 106, 2773, 2881, 287, 2062, 1757, 4230, 1627, 830, 563, 1196, 2460, 5333, 2472, 1067, 1377, 4844, 3515, 4552, 958, 4347, 1170, 1543, 3120, 2239, 28, 4909, 3026, 515, 3293, 1948, 4948, 76, 970, 840, 4011, 2675, 4050, 37, 108, 4651, 3319, 3660, 5160, 4768, 1911, 5345, 23, 4419, 1815, 447, 581, 4426, 893, 2756, 1864, 4418, 4444, 1411, 3446, 3278, 1618, 4786, 3998, 2055, 2795, 4841, 1599, 1044, 2418, 2206, 1394, 3409, 4428, 5301, 5139, 4504, 3974, 4123, 2414, 3527, 4244, 4985, 3310, 3975, 1318, 952, 4822, 3414, 2223, 1506, 627, 3094, 1236, 4642, 2481, 1629, 4509, 4265, 3829, 4149, 3249, 426, 3817, 2571, 3894, 4662, 744, 4561, 1926, 3576, 2655, 1714, 2072, 1559, 3358, 4741, 2526, 2896, 5132, 613, 4331, 1969, 1727, 1293, 871, 5264, 4669, 1505, 1095]",162,750,1,False,750
481,numeric,entity,1,True,False,True,"{2: 151, 1: 172, 5: 122, 3: 154, 4: 141, 0: 10}","[4097, 1548, 5419, 4731, 3902, 3380, 4432, 3710, 3542, 3991, 4880, 2494, 2930, 1237, 5356, 235, 4127, 3911, 217, 3274, 932, 1468, 2624, 2837, 3687, 1483, 2116, 3691, 4885, 1822, 1115, 1952, 4887, 876, 2002, 4576, 3443, 5286, 2441, 4713, 121, 2388, 292, 5439, 83, 4206, 4866, 1120, 5436, 1558, 1312, 2596, 3921, 1887, 388, 2130, 1360, 1525, 4673, 4770, 3790, 1675, 2897, 556, 4577, 4946, 2628, 1915, 2862, 5186, 4722, 3211, 2127, 2225, 352, 1392, 1877, 2901, 1025, 4799, 1285, 2739, 5107, 4436, 415, 2864, 15, 2351, 4600, 2046, 3401, 650, 3938, 1545, 226, 4522, 992, 5069, 534, 18, 335, 3566, 3064, 2698, 989, 123, 1932, 4178, 3670, 4847, 1514, 2273, 1786, 574, 2856, 3256, 618, 4694, 5405, 4404, 2676, 3762, 5255, 3755, 2485, 5321, 536, 233, 3760, 1837, 4431, 3948, 5252, 3797, 1538, 13, 1387, 1886, 1994, 2954, 4108, 3432, 3881, 4477, 2919, 4613, 5175, 714, 1719, 4590, 3976, 3180, 2250, 2329, 3919, 5171, 3330, 2506, 3126, 3434, 223, 1272, 1304, 2738, 3311, 1290, 3073, 3199, 5388, 1989, 2828, 1431, 2509, 1643, 3373, 2821, 1188, 2859, 1955, 510, 1486, 595, 2764, 2793, 2298, 708, 1768, 5056, 5179, 4869, 2794, 2360, 4895, 1094, 5372, 2311, 2488, 1066, 2618, 429, 571, 2244, 2290, 1380, 2387, 68, 2439, 1878, 3749, 4145, 3746, 4125, 1315, 2150, 4656, 348, 770, 3019, 2275, 587, 315, 4120, 36, 2855, 3651, 2566, 4293, 640, 1490, 4054, 4959, 1835, 2354, 3522, 4901, 1243, 1571, 3332, 652, 2068, 1808, 5156, 1114, 4716, 2121, 5117, 4747, 4593, 451, 3953, 2782, 2461, 5091, 4920, 4668, 3397, 5247, 1260, 297, 2704, 3504, 3203, 2900, 384, 157, 4868, 3488, 5245, 3173, 1647, 3273, 1192, 3908, 38, 3992, 749, 5294, 3848, 860, 2479, 2459, 867, 3218, 4838, 4482, 20, 1521, 1641, 122, 3118, 2063, 2400, 3519, 1063, 2035, 3442, 2890, 1763, 2119, 5400, 1961, 4854, 2292, 2772, 527, 4917, 4955, 2172, 1186, 4006, 1388, 4382, 4717, 2798, 831, 1206, 189, 5149, 4021, 507, 3599, 3197, 5148, 539, 2171, 2575, 1615, 4032, 2592, 5425, 350, 201, 2074, 3364, 3764, 2122, 3738, 1086, 4460, 400, 63, 1662, 286, 291, 693, 3484, 2629, 4674, 2334, 1913, 4762, 2824, 4767, 4750, 4965, 1785, 2069, 583, 1797, 5051, 4848, 2634, 1507, 4085, 5159, 3279, 3927, 4, 550, 5447, 207, 2799, 551, 5144, 2563, 146, 4989, 4400, 2113, 434, 27, 4129, 3768, 3668, 3459, 3091, 1215, 4091, 1681, 2872, 4014, 4194, 779, 4029, 3756, 4760, 2476, 1749, 4658, 4871, 4348, 2757, 646, 1897, 2195, 316, 716, 4208, 5383, 825, 5370, 3078, 3778, 1702, 3984, 3847, 1150, 4300, 649, 4808, 3775, 4935, 3159, 687, 1223, 946, 4538, 4535, 3077, 5359, 780, 477, 2524, 371, 5142, 3611, 62, 1069, 4193, 883, 4130, 4328, 622, 4974, 1436, 4519, 1762, 4238, 3012, 3554, 4026, 3342, 4182, 5410, 1407, 2736, 913, 4045, 182, 1382, 3625, 1351, 3839, 3583, 2938, 46, 829, 5326, 2230, 612, 5021, 3121, 1127, 3006, 1852, 329, 118, 3794, 4081, 72, 1330, 519, 1195, 2017, 1920, 314, 1129, 3544, 1000, 282, 4041, 2857, 324, 2210, 5283, 2272, 4438, 10, 5341, 4447, 5120, 4167, 1047, 742, 4222, 2916, 3377, 2533, 2707, 2819, 42, 3054, 703, 1519, 1891, 1740, 2997, 347, 5190, 3489, 4284, 833, 4467, 2603, 4198, 4987, 4303, 2483, 435, 4121, 2536, 3048, 2561, 4425, 3177, 2774, 5313, 5078, 1804, 2780, 317, 1372, 1842, 2517, 35, 4283, 3692, 794, 4047, 4496, 4319, 1623, 896, 4416, 3383, 2217, 2330, 2026, 2565, 890, 1423, 3773, 2941, 4926, 2977, 256, 2755, 3724, 1697, 3141, 3189, 2520, 402, 1159, 1593, 508, 1536, 2376, 2842, 691, 3596, 2321, 1576, 5411, 2201, 2532, 4138, 4631, 3815, 4657, 2905, 3472, 4518, 4823, 4810, 2892, 4073, 2806, 3715, 31, 2372, 1782, 2133, 1893, 3932, 4602, 3997, 1607, 1238, 4296, 1350, 4498, 4735, 1489, 4877, 845, 1630, 3469, 4143, 4002, 106, 2773, 2881, 287, 2062, 1757, 4230, 1627, 830, 563, 1196, 2460, 5333, 2472, 1067, 1377, 4844, 3515, 4552, 958, 4347, 1170, 1543, 3120, 2239, 28, 4909, 3026, 515, 3293, 1948, 4948, 76, 970, 840, 4011, 2675, 4050, 37, 108, 4651, 3319, 3660, 5160, 4768, 1911, 5345, 23, 4419, 1815, 447, 581, 4426, 893, 2756, 1864, 4418, 4444, 1411, 3446, 3278, 1618, 4786, 3998, 2055, 2795, 4841, 1599, 1044, 2418, 2206, 1394, 3409, 4428, 5301, 5139, 4504, 3974, 4123, 2414, 3527, 4244, 4985, 3310, 3975, 1318, 952, 4822, 3414, 2223, 1506, 627, 3094, 1236, 4642, 2481, 1629, 4509, 4265, 3829, 4149, 3249, 426, 3817, 2571, 3894, 4662, 744, 4561, 1926, 3576, 2655, 1714, 2072, 1559, 3358, 4741, 2526, 2896, 5132, 613, 4331, 1969, 1727, 1293, 871, 5264, 4669, 1505, 1095]",481,750,1,False,750
332,numeric,entity,1,True,False,True,"{2: 151, 1: 172, 5: 122, 3: 154, 4: 141, 0: 10}","[4097, 1548, 5419, 4731, 3902, 3380, 4432, 3710, 3542, 3991, 4880, 2494, 2930, 1237, 5356, 235, 4127, 3911, 217, 3274, 932, 1468, 2624, 2837, 3687, 1483, 2116, 3691, 4885, 1822, 1115, 1952, 4887, 876, 2002, 4576, 3443, 5286, 2441, 4713, 121, 2388, 292, 5439, 83, 4206, 4866, 1120, 5436, 1558, 1312, 2596, 3921, 1887, 388, 2130, 1360, 1525, 4673, 4770, 3790, 1675, 2897, 556, 4577, 4946, 2628, 1915, 2862, 5186, 4722, 3211, 2127, 2225, 352, 1392, 1877, 2901, 1025, 4799, 1285, 2739, 5107, 4436, 415, 2864, 15, 2351, 4600, 2046, 3401, 650, 3938, 1545, 226, 4522, 992, 5069, 534, 18, 335, 3566, 3064, 2698, 989, 123, 1932, 4178, 3670, 4847, 1514, 2273, 1786, 574, 2856, 3256, 618, 4694, 5405, 4404, 2676, 3762, 5255, 3755, 2485, 5321, 536, 233, 3760, 1837, 4431, 3948, 5252, 3797, 1538, 13, 1387, 1886, 1994, 2954, 4108, 3432, 3881, 4477, 2919, 4613, 5175, 714, 1719, 4590, 3976, 3180, 2250, 2329, 3919, 5171, 3330, 2506, 3126, 3434, 223, 1272, 1304, 2738, 3311, 1290, 3073, 3199, 5388, 1989, 2828, 1431, 2509, 1643, 3373, 2821, 1188, 2859, 1955, 510, 1486, 595, 2764, 2793, 2298, 708, 1768, 5056, 5179, 4869, 2794, 2360, 4895, 1094, 5372, 2311, 2488, 1066, 2618, 429, 571, 2244, 2290, 1380, 2387, 68, 2439, 1878, 3749, 4145, 3746, 4125, 1315, 2150, 4656, 348, 770, 3019, 2275, 587, 315, 4120, 36, 2855, 3651, 2566, 4293, 640, 1490, 4054, 4959, 1835, 2354, 3522, 4901, 1243, 1571, 3332, 652, 2068, 1808, 5156, 1114, 4716, 2121, 5117, 4747, 4593, 451, 3953, 2782, 2461, 5091, 4920, 4668, 3397, 5247, 1260, 297, 2704, 3504, 3203, 2900, 384, 157, 4868, 3488, 5245, 3173, 1647, 3273, 1192, 3908, 38, 3992, 749, 5294, 3848, 860, 2479, 2459, 867, 3218, 4838, 4482, 20, 1521, 1641, 122, 3118, 2063, 2400, 3519, 1063, 2035, 3442, 2890, 1763, 2119, 5400, 1961, 4854, 2292, 2772, 527, 4917, 4955, 2172, 1186, 4006, 1388, 4382, 4717, 2798, 831, 1206, 189, 5149, 4021, 507, 3599, 3197, 5148, 539, 2171, 2575, 1615, 4032, 2592, 5425, 350, 201, 2074, 3364, 3764, 2122, 3738, 1086, 4460, 400, 63, 1662, 286, 291, 693, 3484, 2629, 4674, 2334, 1913, 4762, 2824, 4767, 4750, 4965, 1785, 2069, 583, 1797, 5051, 4848, 2634, 1507, 4085, 5159, 3279, 3927, 4, 550, 5447, 207, 2799, 551, 5144, 2563, 146, 4989, 4400, 2113, 434, 27, 4129, 3768, 3668, 3459, 3091, 1215, 4091, 1681, 2872, 4014, 4194, 779, 4029, 3756, 4760, 2476, 1749, 4658, 4871, 4348, 2757, 646, 1897, 2195, 316, 716, 4208, 5383, 825, 5370, 3078, 3778, 1702, 3984, 3847, 1150, 4300, 649, 4808, 3775, 4935, 3159, 687, 1223, 946, 4538, 4535, 3077, 5359, 780, 477, 2524, 371, 5142, 3611, 62, 1069, 4193, 883, 4130, 4328, 622, 4974, 1436, 4519, 1762, 4238, 3012, 3554, 4026, 3342, 4182, 5410, 1407, 2736, 913, 4045, 182, 1382, 3625, 1351, 3839, 3583, 2938, 46, 829, 5326, 2230, 612, 5021, 3121, 1127, 3006, 1852, 329, 118, 3794, 4081, 72, 1330, 519, 1195, 2017, 1920, 314, 1129, 3544, 1000, 282, 4041, 2857, 324, 2210, 5283, 2272, 4438, 10, 5341, 4447, 5120, 4167, 1047, 742, 4222, 2916, 3377, 2533, 2707, 2819, 42, 3054, 703, 1519, 1891, 1740, 2997, 347, 5190, 3489, 4284, 833, 4467, 2603, 4198, 4987, 4303, 2483, 435, 4121, 2536, 3048, 2561, 4425, 3177, 2774, 5313, 5078, 1804, 2780, 317, 1372, 1842, 2517, 35, 4283, 3692, 794, 4047, 4496, 4319, 1623, 896, 4416, 3383, 2217, 2330, 2026, 2565, 890, 1423, 3773, 2941, 4926, 2977, 256, 2755, 3724, 1697, 3141, 3189, 2520, 402, 1159, 1593, 508, 1536, 2376, 2842, 691, 3596, 2321, 1576, 5411, 2201, 2532, 4138, 4631, 3815, 4657, 2905, 3472, 4518, 4823, 4810, 2892, 4073, 2806, 3715, 31, 2372, 1782, 2133, 1893, 3932, 4602, 3997, 1607, 1238, 4296, 1350, 4498, 4735, 1489, 4877, 845, 1630, 3469, 4143, 4002, 106, 2773, 2881, 287, 2062, 1757, 4230, 1627, 830, 563, 1196, 2460, 5333, 2472, 1067, 1377, 4844, 3515, 4552, 958, 4347, 1170, 1543, 3120, 2239, 28, 4909, 3026, 515, 3293, 1948, 4948, 76, 970, 840, 4011, 2675, 4050, 37, 108, 4651, 3319, 3660, 5160, 4768, 1911, 5345, 23, 4419, 1815, 447, 581, 4426, 893, 2756, 1864, 4418, 4444, 1411, 3446, 3278, 1618, 4786, 3998, 2055, 2795, 4841, 1599, 1044, 2418, 2206, 1394, 3409, 4428, 5301, 5139, 4504, 3974, 4123, 2414, 3527, 4244, 4985, 3310, 3975, 1318, 952, 4822, 3414, 2223, 1506, 627, 3094, 1236, 4642, 2481, 1629, 4509, 4265, 3829, 4149, 3249, 426, 3817, 2571, 3894, 4662, 744, 4561, 1926, 3576, 2655, 1714, 2072, 1559, 3358, 4741, 2526, 2896, 5132, 613, 4331, 1969, 1727, 1293, 871, 5264, 4669, 1505, 1095]",332,750,1,False,750
251,numeric,location,4,True,False,True,"{2: 151, 1: 172, 5: 122, 3: 154, 4: 141, 0: 10}","[4097, 1548, 5419, 4731, 3902, 3380, 4432, 3710, 3542, 3991, 4880, 2494, 2930, 1237, 5356, 235, 4127, 3911, 217, 3274, 932, 1468, 2624, 2837, 3687, 1483, 2116, 3691, 4885, 1822, 1115, 1952, 4887, 876, 2002, 4576, 3443, 5286, 2441, 4713, 121, 2388, 292, 5439, 83, 4206, 4866, 1120, 5436, 1558, 1312, 2596, 3921, 1887, 388, 2130, 1360, 1525, 4673, 4770, 3790, 1675, 2897, 556, 4577, 4946, 2628, 1915, 2862, 5186, 4722, 3211, 2127, 2225, 352, 1392, 1877, 2901, 1025, 4799, 1285, 2739, 5107, 4436, 415, 2864, 15, 2351, 4600, 2046, 3401, 650, 3938, 1545, 226, 4522, 992, 5069, 534, 18, 335, 3566, 3064, 2698, 989, 123, 1932, 4178, 3670, 4847, 1514, 2273, 1786, 574, 2856, 3256, 618, 4694, 5405, 4404, 2676, 3762, 5255, 3755, 2485, 5321, 536, 233, 3760, 1837, 4431, 3948, 5252, 3797, 1538, 13, 1387, 1886, 1994, 2954, 4108, 3432, 3881, 4477, 2919, 4613, 5175, 714, 1719, 4590, 3976, 3180, 2250, 2329, 3919, 5171, 3330, 2506, 3126, 3434, 223, 1272, 1304, 2738, 3311, 1290, 3073, 3199, 5388, 1989, 2828, 1431, 2509, 1643, 3373, 2821, 1188, 2859, 1955, 510, 1486, 595, 2764, 2793, 2298, 708, 1768, 5056, 5179, 4869, 2794, 2360, 4895, 1094, 5372, 2311, 2488, 1066, 2618, 429, 571, 2244, 2290, 1380, 2387, 68, 2439, 1878, 3749, 4145, 3746, 4125, 1315, 2150, 4656, 348, 770, 3019, 2275, 587, 315, 4120, 36, 2855, 3651, 2566, 4293, 640, 1490, 4054, 4959, 1835, 2354, 3522, 4901, 1243, 1571, 3332, 652, 2068, 1808, 5156, 1114, 4716, 2121, 5117, 4747, 4593, 451, 3953, 2782, 2461, 5091, 4920, 4668, 3397, 5247, 1260, 297, 2704, 3504, 3203, 2900, 384, 157, 4868, 3488, 5245, 3173, 1647, 3273, 1192, 3908, 38, 3992, 749, 5294, 3848, 860, 2479, 2459, 867, 3218, 4838, 4482, 20, 1521, 1641, 122, 3118, 2063, 2400, 3519, 1063, 2035, 3442, 2890, 1763, 2119, 5400, 1961, 4854, 2292, 2772, 527, 4917, 4955, 2172, 1186, 4006, 1388, 4382, 4717, 2798, 831, 1206, 189, 5149, 4021, 507, 3599, 3197, 5148, 539, 2171, 2575, 1615, 4032, 2592, 5425, 350, 201, 2074, 3364, 3764, 2122, 3738, 1086, 4460, 400, 63, 1662, 286, 291, 693, 3484, 2629, 4674, 2334, 1913, 4762, 2824, 4767, 4750, 4965, 1785, 2069, 583, 1797, 5051, 4848, 2634, 1507, 4085, 5159, 3279, 3927, 4, 550, 5447, 207, 2799, 551, 5144, 2563, 146, 4989, 4400, 2113, 434, 27, 4129, 3768, 3668, 3459, 3091, 1215, 4091, 1681, 2872, 4014, 4194, 779, 4029, 3756, 4760, 2476, 1749, 4658, 4871, 4348, 2757, 646, 1897, 2195, 316, 716, 4208, 5383, 825, 5370, 3078, 3778, 1702, 3984, 3847, 1150, 4300, 649, 4808, 3775, 4935, 3159, 687, 1223, 946, 4538, 4535, 3077, 5359, 780, 477, 2524, 371, 5142, 3611, 62, 1069, 4193, 883, 4130, 4328, 622, 4974, 1436, 4519, 1762, 4238, 3012, 3554, 4026, 3342, 4182, 5410, 1407, 2736, 913, 4045, 182, 1382, 3625, 1351, 3839, 3583, 2938, 46, 829, 5326, 2230, 612, 5021, 3121, 1127, 3006, 1852, 329, 118, 3794, 4081, 72, 1330, 519, 1195, 2017, 1920, 314, 1129, 3544, 1000, 282, 4041, 2857, 324, 2210, 5283, 2272, 4438, 10, 5341, 4447, 5120, 4167, 1047, 742, 4222, 2916, 3377, 2533, 2707, 2819, 42, 3054, 703, 1519, 1891, 1740, 2997, 347, 5190, 3489, 4284, 833, 4467, 2603, 4198, 4987, 4303, 2483, 435, 4121, 2536, 3048, 2561, 4425, 3177, 2774, 5313, 5078, 1804, 2780, 317, 1372, 1842, 2517, 35, 4283, 3692, 794, 4047, 4496, 4319, 1623, 896, 4416, 3383, 2217, 2330, 2026, 2565, 890, 1423, 3773, 2941, 4926, 2977, 256, 2755, 3724, 1697, 3141, 3189, 2520, 402, 1159, 1593, 508, 1536, 2376, 2842, 691, 3596, 2321, 1576, 5411, 2201, 2532, 4138, 4631, 3815, 4657, 2905, 3472, 4518, 4823, 4810, 2892, 4073, 2806, 3715, 31, 2372, 1782, 2133, 1893, 3932, 4602, 3997, 1607, 1238, 4296, 1350, 4498, 4735, 1489, 4877, 845, 1630, 3469, 4143, 4002, 106, 2773, 2881, 287, 2062, 1757, 4230, 1627, 830, 563, 1196, 2460, 5333, 2472, 1067, 1377, 4844, 3515, 4552, 958, 4347, 1170, 1543, 3120, 2239, 28, 4909, 3026, 515, 3293, 1948, 4948, 76, 970, 840, 4011, 2675, 4050, 37, 108, 4651, 3319, 3660, 5160, 4768, 1911, 5345, 23, 4419, 1815, 447, 581, 4426, 893, 2756, 1864, 4418, 4444, 1411, 3446, 3278, 1618, 4786, 3998, 2055, 2795, 4841, 1599, 1044, 2418, 2206, 1394, 3409, 4428, 5301, 5139, 4504, 3974, 4123, 2414, 3527, 4244, 4985, 3310, 3975, 1318, 952, 4822, 3414, 2223, 1506, 627, 3094, 1236, 4642, 2481, 1629, 4509, 4265, 3829, 4149, 3249, 426, 3817, 2571, 3894, 4662, 744, 4561, 1926, 3576, 2655, 1714, 2072, 1559, 3358, 4741, 2526, 2896, 5132, 613, 4331, 1969, 1727, 1293, 871, 5264, 4669, 1505, 1095]",251,750,1,False,750
305,location,location,4,True,True,True,"{2: 151, 1: 172, 5: 122, 3: 154, 4: 141, 0: 10}","[4097, 1548, 5419, 4731, 3902, 3380, 4432, 3710, 3542, 3991, 4880, 2494, 2930, 1237, 5356, 235, 4127, 3911, 217, 3274, 932, 1468, 2624, 2837, 3687, 1483, 2116, 3691, 4885, 1822, 1115, 1952, 4887, 876, 2002, 4576, 3443, 5286, 2441, 4713, 121, 2388, 292, 5439, 83, 4206, 4866, 1120, 5436, 1558, 1312, 2596, 3921, 1887, 388, 2130, 1360, 1525, 4673, 4770, 3790, 1675, 2897, 556, 4577, 4946, 2628, 1915, 2862, 5186, 4722, 3211, 2127, 2225, 352, 1392, 1877, 2901, 1025, 4799, 1285, 2739, 5107, 4436, 415, 2864, 15, 2351, 4600, 2046, 3401, 650, 3938, 1545, 226, 4522, 992, 5069, 534, 18, 335, 3566, 3064, 2698, 989, 123, 1932, 4178, 3670, 4847, 1514, 2273, 1786, 574, 2856, 3256, 618, 4694, 5405, 4404, 2676, 3762, 5255, 3755, 2485, 5321, 536, 233, 3760, 1837, 4431, 3948, 5252, 3797, 1538, 13, 1387, 1886, 1994, 2954, 4108, 3432, 3881, 4477, 2919, 4613, 5175, 714, 1719, 4590, 3976, 3180, 2250, 2329, 3919, 5171, 3330, 2506, 3126, 3434, 223, 1272, 1304, 2738, 3311, 1290, 3073, 3199, 5388, 1989, 2828, 1431, 2509, 1643, 3373, 2821, 1188, 2859, 1955, 510, 1486, 595, 2764, 2793, 2298, 708, 1768, 5056, 5179, 4869, 2794, 2360, 4895, 1094, 5372, 2311, 2488, 1066, 2618, 429, 571, 2244, 2290, 1380, 2387, 68, 2439, 1878, 3749, 4145, 3746, 4125, 1315, 2150, 4656, 348, 770, 3019, 2275, 587, 315, 4120, 36, 2855, 3651, 2566, 4293, 640, 1490, 4054, 4959, 1835, 2354, 3522, 4901, 1243, 1571, 3332, 652, 2068, 1808, 5156, 1114, 4716, 2121, 5117, 4747, 4593, 451, 3953, 2782, 2461, 5091, 4920, 4668, 3397, 5247, 1260, 297, 2704, 3504, 3203, 2900, 384, 157, 4868, 3488, 5245, 3173, 1647, 3273, 1192, 3908, 38, 3992, 749, 5294, 3848, 860, 2479, 2459, 867, 3218, 4838, 4482, 20, 1521, 1641, 122, 3118, 2063, 2400, 3519, 1063, 2035, 3442, 2890, 1763, 2119, 5400, 1961, 4854, 2292, 2772, 527, 4917, 4955, 2172, 1186, 4006, 1388, 4382, 4717, 2798, 831, 1206, 189, 5149, 4021, 507, 3599, 3197, 5148, 539, 2171, 2575, 1615, 4032, 2592, 5425, 350, 201, 2074, 3364, 3764, 2122, 3738, 1086, 4460, 400, 63, 1662, 286, 291, 693, 3484, 2629, 4674, 2334, 1913, 4762, 2824, 4767, 4750, 4965, 1785, 2069, 583, 1797, 5051, 4848, 2634, 1507, 4085, 5159, 3279, 3927, 4, 550, 5447, 207, 2799, 551, 5144, 2563, 146, 4989, 4400, 2113, 434, 27, 4129, 3768, 3668, 3459, 3091, 1215, 4091, 1681, 2872, 4014, 4194, 779, 4029, 3756, 4760, 2476, 1749, 4658, 4871, 4348, 2757, 646, 1897, 2195, 316, 716, 4208, 5383, 825, 5370, 3078, 3778, 1702, 3984, 3847, 1150, 4300, 649, 4808, 3775, 4935, 3159, 687, 1223, 946, 4538, 4535, 3077, 5359, 780, 477, 2524, 371, 5142, 3611, 62, 1069, 4193, 883, 4130, 4328, 622, 4974, 1436, 4519, 1762, 4238, 3012, 3554, 4026, 3342, 4182, 5410, 1407, 2736, 913, 4045, 182, 1382, 3625, 1351, 3839, 3583, 2938, 46, 829, 5326, 2230, 612, 5021, 3121, 1127, 3006, 1852, 329, 118, 3794, 4081, 72, 1330, 519, 1195, 2017, 1920, 314, 1129, 3544, 1000, 282, 4041, 2857, 324, 2210, 5283, 2272, 4438, 10, 5341, 4447, 5120, 4167, 1047, 742, 4222, 2916, 3377, 2533, 2707, 2819, 42, 3054, 703, 1519, 1891, 1740, 2997, 347, 5190, 3489, 4284, 833, 4467, 2603, 4198, 4987, 4303, 2483, 435, 4121, 2536, 3048, 2561, 4425, 3177, 2774, 5313, 5078, 1804, 2780, 317, 1372, 1842, 2517, 35, 4283, 3692, 794, 4047, 4496, 4319, 1623, 896, 4416, 3383, 2217, 2330, 2026, 2565, 890, 1423, 3773, 2941, 4926, 2977, 256, 2755, 3724, 1697, 3141, 3189, 2520, 402, 1159, 1593, 508, 1536, 2376, 2842, 691, 3596, 2321, 1576, 5411, 2201, 2532, 4138, 4631, 3815, 4657, 2905, 3472, 4518, 4823, 4810, 2892, 4073, 2806, 3715, 31, 2372, 1782, 2133, 1893, 3932, 4602, 3997, 1607, 1238, 4296, 1350, 4498, 4735, 1489, 4877, 845, 1630, 3469, 4143, 4002, 106, 2773, 2881, 287, 2062, 1757, 4230, 1627, 830, 563, 1196, 2460, 5333, 2472, 1067, 1377, 4844, 3515, 4552, 958, 4347, 1170, 1543, 3120, 2239, 28, 4909, 3026, 515, 3293, 1948, 4948, 76, 970, 840, 4011, 2675, 4050, 37, 108, 4651, 3319, 3660, 5160, 4768, 1911, 5345, 23, 4419, 1815, 447, 581, 4426, 893, 2756, 1864, 4418, 4444, 1411, 3446, 3278, 1618, 4786, 3998, 2055, 2795, 4841, 1599, 1044, 2418, 2206, 1394, 3409, 4428, 5301, 5139, 4504, 3974, 4123, 2414, 3527, 4244, 4985, 3310, 3975, 1318, 952, 4822, 3414, 2223, 1506, 627, 3094, 1236, 4642, 2481, 1629, 4509, 4265, 3829, 4149, 3249, 426, 3817, 2571, 3894, 4662, 744, 4561, 1926, 3576, 2655, 1714, 2072, 1559, 3358, 4741, 2526, 2896, 5132, 613, 4331, 1969, 1727, 1293, 871, 5264, 4669, 1505, 1095]",305,750,1,False,750
169,human,human,3,True,True,True,"{2: 151, 1: 172, 5: 122, 3: 154, 4: 141, 0: 10}","[4097, 1548, 5419, 4731, 3902, 3380, 4432, 3710, 3542, 3991, 4880, 2494, 2930, 1237, 5356, 235, 4127, 3911, 217, 3274, 932, 1468, 2624, 2837, 3687, 1483, 2116, 3691, 4885, 1822, 1115, 1952, 4887, 876, 2002, 4576, 3443, 5286, 2441, 4713, 121, 2388, 292, 5439, 83, 4206, 4866, 1120, 5436, 1558, 1312, 2596, 3921, 1887, 388, 2130, 1360, 1525, 4673, 4770, 3790, 1675, 2897, 556, 4577, 4946, 2628, 1915, 2862, 5186, 4722, 3211, 2127, 2225, 352, 1392, 1877, 2901, 1025, 4799, 1285, 2739, 5107, 4436, 415, 2864, 15, 2351, 4600, 2046, 3401, 650, 3938, 1545, 226, 4522, 992, 5069, 534, 18, 335, 3566, 3064, 2698, 989, 123, 1932, 4178, 3670, 4847, 1514, 2273, 1786, 574, 2856, 3256, 618, 4694, 5405, 4404, 2676, 3762, 5255, 3755, 2485, 5321, 536, 233, 3760, 1837, 4431, 3948, 5252, 3797, 1538, 13, 1387, 1886, 1994, 2954, 4108, 3432, 3881, 4477, 2919, 4613, 5175, 714, 1719, 4590, 3976, 3180, 2250, 2329, 3919, 5171, 3330, 2506, 3126, 3434, 223, 1272, 1304, 2738, 3311, 1290, 3073, 3199, 5388, 1989, 2828, 1431, 2509, 1643, 3373, 2821, 1188, 2859, 1955, 510, 1486, 595, 2764, 2793, 2298, 708, 1768, 5056, 5179, 4869, 2794, 2360, 4895, 1094, 5372, 2311, 2488, 1066, 2618, 429, 571, 2244, 2290, 1380, 2387, 68, 2439, 1878, 3749, 4145, 3746, 4125, 1315, 2150, 4656, 348, 770, 3019, 2275, 587, 315, 4120, 36, 2855, 3651, 2566, 4293, 640, 1490, 4054, 4959, 1835, 2354, 3522, 4901, 1243, 1571, 3332, 652, 2068, 1808, 5156, 1114, 4716, 2121, 5117, 4747, 4593, 451, 3953, 2782, 2461, 5091, 4920, 4668, 3397, 5247, 1260, 297, 2704, 3504, 3203, 2900, 384, 157, 4868, 3488, 5245, 3173, 1647, 3273, 1192, 3908, 38, 3992, 749, 5294, 3848, 860, 2479, 2459, 867, 3218, 4838, 4482, 20, 1521, 1641, 122, 3118, 2063, 2400, 3519, 1063, 2035, 3442, 2890, 1763, 2119, 5400, 1961, 4854, 2292, 2772, 527, 4917, 4955, 2172, 1186, 4006, 1388, 4382, 4717, 2798, 831, 1206, 189, 5149, 4021, 507, 3599, 3197, 5148, 539, 2171, 2575, 1615, 4032, 2592, 5425, 350, 201, 2074, 3364, 3764, 2122, 3738, 1086, 4460, 400, 63, 1662, 286, 291, 693, 3484, 2629, 4674, 2334, 1913, 4762, 2824, 4767, 4750, 4965, 1785, 2069, 583, 1797, 5051, 4848, 2634, 1507, 4085, 5159, 3279, 3927, 4, 550, 5447, 207, 2799, 551, 5144, 2563, 146, 4989, 4400, 2113, 434, 27, 4129, 3768, 3668, 3459, 3091, 1215, 4091, 1681, 2872, 4014, 4194, 779, 4029, 3756, 4760, 2476, 1749, 4658, 4871, 4348, 2757, 646, 1897, 2195, 316, 716, 4208, 5383, 825, 5370, 3078, 3778, 1702, 3984, 3847, 1150, 4300, 649, 4808, 3775, 4935, 3159, 687, 1223, 946, 4538, 4535, 3077, 5359, 780, 477, 2524, 371, 5142, 3611, 62, 1069, 4193, 883, 4130, 4328, 622, 4974, 1436, 4519, 1762, 4238, 3012, 3554, 4026, 3342, 4182, 5410, 1407, 2736, 913, 4045, 182, 1382, 3625, 1351, 3839, 3583, 2938, 46, 829, 5326, 2230, 612, 5021, 3121, 1127, 3006, 1852, 329, 118, 3794, 4081, 72, 1330, 519, 1195, 2017, 1920, 314, 1129, 3544, 1000, 282, 4041, 2857, 324, 2210, 5283, 2272, 4438, 10, 5341, 4447, 5120, 4167, 1047, 742, 4222, 2916, 3377, 2533, 2707, 2819, 42, 3054, 703, 1519, 1891, 1740, 2997, 347, 5190, 3489, 4284, 833, 4467, 2603, 4198, 4987, 4303, 2483, 435, 4121, 2536, 3048, 2561, 4425, 3177, 2774, 5313, 5078, 1804, 2780, 317, 1372, 1842, 2517, 35, 4283, 3692, 794, 4047, 4496, 4319, 1623, 896, 4416, 3383, 2217, 2330, 2026, 2565, 890, 1423, 3773, 2941, 4926, 2977, 256, 2755, 3724, 1697, 3141, 3189, 2520, 402, 1159, 1593, 508, 1536, 2376, 2842, 691, 3596, 2321, 1576, 5411, 2201, 2532, 4138, 4631, 3815, 4657, 2905, 3472, 4518, 4823, 4810, 2892, 4073, 2806, 3715, 31, 2372, 1782, 2133, 1893, 3932, 4602, 3997, 1607, 1238, 4296, 1350, 4498, 4735, 1489, 4877, 845, 1630, 3469, 4143, 4002, 106, 2773, 2881, 287, 2062, 1757, 4230, 1627, 830, 563, 1196, 2460, 5333, 2472, 1067, 1377, 4844, 3515, 4552, 958, 4347, 1170, 1543, 3120, 2239, 28, 4909, 3026, 515, 3293, 1948, 4948, 76, 970, 840, 4011, 2675, 4050, 37, 108, 4651, 3319, 3660, 5160, 4768, 1911, 5345, 23, 4419, 1815, 447, 581, 4426, 893, 2756, 1864, 4418, 4444, 1411, 3446, 3278, 1618, 4786, 3998, 2055, 2795, 4841, 1599, 1044, 2418, 2206, 1394, 3409, 4428, 5301, 5139, 4504, 3974, 4123, 2414, 3527, 4244, 4985, 3310, 3975, 1318, 952, 4822, 3414, 2223, 1506, 627, 3094, 1236, 4642, 2481, 1629, 4509, 4265, 3829, 4149, 3249, 426, 3817, 2571, 3894, 4662, 744, 4561, 1926, 3576, 2655, 1714, 2072, 1559, 3358, 4741, 2526, 2896, 5132, 613, 4331, 1969, 1727, 1293, 871, 5264, 4669, 1505, 1095]",169,750,1,False,750
249,numeric,entity,1,True,False,True,"{2: 151, 1: 172, 5: 122, 3: 154, 4: 141, 0: 10}","[4097, 1548, 5419, 4731, 3902, 3380, 4432, 3710, 3542, 3991, 4880, 2494, 2930, 1237, 5356, 235, 4127, 3911, 217, 3274, 932, 1468, 2624, 2837, 3687, 1483, 2116, 3691, 4885, 1822, 1115, 1952, 4887, 876, 2002, 4576, 3443, 5286, 2441, 4713, 121, 2388, 292, 5439, 83, 4206, 4866, 1120, 5436, 1558, 1312, 2596, 3921, 1887, 388, 2130, 1360, 1525, 4673, 4770, 3790, 1675, 2897, 556, 4577, 4946, 2628, 1915, 2862, 5186, 4722, 3211, 2127, 2225, 352, 1392, 1877, 2901, 1025, 4799, 1285, 2739, 5107, 4436, 415, 2864, 15, 2351, 4600, 2046, 3401, 650, 3938, 1545, 226, 4522, 992, 5069, 534, 18, 335, 3566, 3064, 2698, 989, 123, 1932, 4178, 3670, 4847, 1514, 2273, 1786, 574, 2856, 3256, 618, 4694, 5405, 4404, 2676, 3762, 5255, 3755, 2485, 5321, 536, 233, 3760, 1837, 4431, 3948, 5252, 3797, 1538, 13, 1387, 1886, 1994, 2954, 4108, 3432, 3881, 4477, 2919, 4613, 5175, 714, 1719, 4590, 3976, 3180, 2250, 2329, 3919, 5171, 3330, 2506, 3126, 3434, 223, 1272, 1304, 2738, 3311, 1290, 3073, 3199, 5388, 1989, 2828, 1431, 2509, 1643, 3373, 2821, 1188, 2859, 1955, 510, 1486, 595, 2764, 2793, 2298, 708, 1768, 5056, 5179, 4869, 2794, 2360, 4895, 1094, 5372, 2311, 2488, 1066, 2618, 429, 571, 2244, 2290, 1380, 2387, 68, 2439, 1878, 3749, 4145, 3746, 4125, 1315, 2150, 4656, 348, 770, 3019, 2275, 587, 315, 4120, 36, 2855, 3651, 2566, 4293, 640, 1490, 4054, 4959, 1835, 2354, 3522, 4901, 1243, 1571, 3332, 652, 2068, 1808, 5156, 1114, 4716, 2121, 5117, 4747, 4593, 451, 3953, 2782, 2461, 5091, 4920, 4668, 3397, 5247, 1260, 297, 2704, 3504, 3203, 2900, 384, 157, 4868, 3488, 5245, 3173, 1647, 3273, 1192, 3908, 38, 3992, 749, 5294, 3848, 860, 2479, 2459, 867, 3218, 4838, 4482, 20, 1521, 1641, 122, 3118, 2063, 2400, 3519, 1063, 2035, 3442, 2890, 1763, 2119, 5400, 1961, 4854, 2292, 2772, 527, 4917, 4955, 2172, 1186, 4006, 1388, 4382, 4717, 2798, 831, 1206, 189, 5149, 4021, 507, 3599, 3197, 5148, 539, 2171, 2575, 1615, 4032, 2592, 5425, 350, 201, 2074, 3364, 3764, 2122, 3738, 1086, 4460, 400, 63, 1662, 286, 291, 693, 3484, 2629, 4674, 2334, 1913, 4762, 2824, 4767, 4750, 4965, 1785, 2069, 583, 1797, 5051, 4848, 2634, 1507, 4085, 5159, 3279, 3927, 4, 550, 5447, 207, 2799, 551, 5144, 2563, 146, 4989, 4400, 2113, 434, 27, 4129, 3768, 3668, 3459, 3091, 1215, 4091, 1681, 2872, 4014, 4194, 779, 4029, 3756, 4760, 2476, 1749, 4658, 4871, 4348, 2757, 646, 1897, 2195, 316, 716, 4208, 5383, 825, 5370, 3078, 3778, 1702, 3984, 3847, 1150, 4300, 649, 4808, 3775, 4935, 3159, 687, 1223, 946, 4538, 4535, 3077, 5359, 780, 477, 2524, 371, 5142, 3611, 62, 1069, 4193, 883, 4130, 4328, 622, 4974, 1436, 4519, 1762, 4238, 3012, 3554, 4026, 3342, 4182, 5410, 1407, 2736, 913, 4045, 182, 1382, 3625, 1351, 3839, 3583, 2938, 46, 829, 5326, 2230, 612, 5021, 3121, 1127, 3006, 1852, 329, 118, 3794, 4081, 72, 1330, 519, 1195, 2017, 1920, 314, 1129, 3544, 1000, 282, 4041, 2857, 324, 2210, 5283, 2272, 4438, 10, 5341, 4447, 5120, 4167, 1047, 742, 4222, 2916, 3377, 2533, 2707, 2819, 42, 3054, 703, 1519, 1891, 1740, 2997, 347, 5190, 3489, 4284, 833, 4467, 2603, 4198, 4987, 4303, 2483, 435, 4121, 2536, 3048, 2561, 4425, 3177, 2774, 5313, 5078, 1804, 2780, 317, 1372, 1842, 2517, 35, 4283, 3692, 794, 4047, 4496, 4319, 1623, 896, 4416, 3383, 2217, 2330, 2026, 2565, 890, 1423, 3773, 2941, 4926, 2977, 256, 2755, 3724, 1697, 3141, 3189, 2520, 402, 1159, 1593, 508, 1536, 2376, 2842, 691, 3596, 2321, 1576, 5411, 2201, 2532, 4138, 4631, 3815, 4657, 2905, 3472, 4518, 4823, 4810, 2892, 4073, 2806, 3715, 31, 2372, 1782, 2133, 1893, 3932, 4602, 3997, 1607, 1238, 4296, 1350, 4498, 4735, 1489, 4877, 845, 1630, 3469, 4143, 4002, 106, 2773, 2881, 287, 2062, 1757, 4230, 1627, 830, 563, 1196, 2460, 5333, 2472, 1067, 1377, 4844, 3515, 4552, 958, 4347, 1170, 1543, 3120, 2239, 28, 4909, 3026, 515, 3293, 1948, 4948, 76, 970, 840, 4011, 2675, 4050, 37, 108, 4651, 3319, 3660, 5160, 4768, 1911, 5345, 23, 4419, 1815, 447, 581, 4426, 893, 2756, 1864, 4418, 4444, 1411, 3446, 3278, 1618, 4786, 3998, 2055, 2795, 4841, 1599, 1044, 2418, 2206, 1394, 3409, 4428, 5301, 5139, 4504, 3974, 4123, 2414, 3527, 4244, 4985, 3310, 3975, 1318, 952, 4822, 3414, 2223, 1506, 627, 3094, 1236, 4642, 2481, 1629, 4509, 4265, 3829, 4149, 3249, 426, 3817, 2571, 3894, 4662, 744, 4561, 1926, 3576, 2655, 1714, 2072, 1559, 3358, 4741, 2526, 2896, 5132, 613, 4331, 1969, 1727, 1293, 871, 5264, 4669, 1505, 1095]",249,750,1,False,750
143,numeric,entity,1,True,False,True,"{2: 151, 1: 172, 5: 122, 3: 154, 4: 141, 0: 10}","[4097, 1548, 5419, 4731, 3902, 3380, 4432, 3710, 3542, 3991, 4880, 2494, 2930, 1237, 5356, 235, 4127, 3911, 217, 3274, 932, 1468, 2624, 2837, 3687, 1483, 2116, 3691, 4885, 1822, 1115, 1952, 4887, 876, 2002, 4576, 3443, 5286, 2441, 4713, 121, 2388, 292, 5439, 83, 4206, 4866, 1120, 5436, 1558, 1312, 2596, 3921, 1887, 388, 2130, 1360, 1525, 4673, 4770, 3790, 1675, 2897, 556, 4577, 4946, 2628, 1915, 2862, 5186, 4722, 3211, 2127, 2225, 352, 1392, 1877, 2901, 1025, 4799, 1285, 2739, 5107, 4436, 415, 2864, 15, 2351, 4600, 2046, 3401, 650, 3938, 1545, 226, 4522, 992, 5069, 534, 18, 335, 3566, 3064, 2698, 989, 123, 1932, 4178, 3670, 4847, 1514, 2273, 1786, 574, 2856, 3256, 618, 4694, 5405, 4404, 2676, 3762, 5255, 3755, 2485, 5321, 536, 233, 3760, 1837, 4431, 3948, 5252, 3797, 1538, 13, 1387, 1886, 1994, 2954, 4108, 3432, 3881, 4477, 2919, 4613, 5175, 714, 1719, 4590, 3976, 3180, 2250, 2329, 3919, 5171, 3330, 2506, 3126, 3434, 223, 1272, 1304, 2738, 3311, 1290, 3073, 3199, 5388, 1989, 2828, 1431, 2509, 1643, 3373, 2821, 1188, 2859, 1955, 510, 1486, 595, 2764, 2793, 2298, 708, 1768, 5056, 5179, 4869, 2794, 2360, 4895, 1094, 5372, 2311, 2488, 1066, 2618, 429, 571, 2244, 2290, 1380, 2387, 68, 2439, 1878, 3749, 4145, 3746, 4125, 1315, 2150, 4656, 348, 770, 3019, 2275, 587, 315, 4120, 36, 2855, 3651, 2566, 4293, 640, 1490, 4054, 4959, 1835, 2354, 3522, 4901, 1243, 1571, 3332, 652, 2068, 1808, 5156, 1114, 4716, 2121, 5117, 4747, 4593, 451, 3953, 2782, 2461, 5091, 4920, 4668, 3397, 5247, 1260, 297, 2704, 3504, 3203, 2900, 384, 157, 4868, 3488, 5245, 3173, 1647, 3273, 1192, 3908, 38, 3992, 749, 5294, 3848, 860, 2479, 2459, 867, 3218, 4838, 4482, 20, 1521, 1641, 122, 3118, 2063, 2400, 3519, 1063, 2035, 3442, 2890, 1763, 2119, 5400, 1961, 4854, 2292, 2772, 527, 4917, 4955, 2172, 1186, 4006, 1388, 4382, 4717, 2798, 831, 1206, 189, 5149, 4021, 507, 3599, 3197, 5148, 539, 2171, 2575, 1615, 4032, 2592, 5425, 350, 201, 2074, 3364, 3764, 2122, 3738, 1086, 4460, 400, 63, 1662, 286, 291, 693, 3484, 2629, 4674, 2334, 1913, 4762, 2824, 4767, 4750, 4965, 1785, 2069, 583, 1797, 5051, 4848, 2634, 1507, 4085, 5159, 3279, 3927, 4, 550, 5447, 207, 2799, 551, 5144, 2563, 146, 4989, 4400, 2113, 434, 27, 4129, 3768, 3668, 3459, 3091, 1215, 4091, 1681, 2872, 4014, 4194, 779, 4029, 3756, 4760, 2476, 1749, 4658, 4871, 4348, 2757, 646, 1897, 2195, 316, 716, 4208, 5383, 825, 5370, 3078, 3778, 1702, 3984, 3847, 1150, 4300, 649, 4808, 3775, 4935, 3159, 687, 1223, 946, 4538, 4535, 3077, 5359, 780, 477, 2524, 371, 5142, 3611, 62, 1069, 4193, 883, 4130, 4328, 622, 4974, 1436, 4519, 1762, 4238, 3012, 3554, 4026, 3342, 4182, 5410, 1407, 2736, 913, 4045, 182, 1382, 3625, 1351, 3839, 3583, 2938, 46, 829, 5326, 2230, 612, 5021, 3121, 1127, 3006, 1852, 329, 118, 3794, 4081, 72, 1330, 519, 1195, 2017, 1920, 314, 1129, 3544, 1000, 282, 4041, 2857, 324, 2210, 5283, 2272, 4438, 10, 5341, 4447, 5120, 4167, 1047, 742, 4222, 2916, 3377, 2533, 2707, 2819, 42, 3054, 703, 1519, 1891, 1740, 2997, 347, 5190, 3489, 4284, 833, 4467, 2603, 4198, 4987, 4303, 2483, 435, 4121, 2536, 3048, 2561, 4425, 3177, 2774, 5313, 5078, 1804, 2780, 317, 1372, 1842, 2517, 35, 4283, 3692, 794, 4047, 4496, 4319, 1623, 896, 4416, 3383, 2217, 2330, 2026, 2565, 890, 1423, 3773, 2941, 4926, 2977, 256, 2755, 3724, 1697, 3141, 3189, 2520, 402, 1159, 1593, 508, 1536, 2376, 2842, 691, 3596, 2321, 1576, 5411, 2201, 2532, 4138, 4631, 3815, 4657, 2905, 3472, 4518, 4823, 4810, 2892, 4073, 2806, 3715, 31, 2372, 1782, 2133, 1893, 3932, 4602, 3997, 1607, 1238, 4296, 1350, 4498, 4735, 1489, 4877, 845, 1630, 3469, 4143, 4002, 106, 2773, 2881, 287, 2062, 1757, 4230, 1627, 830, 563, 1196, 2460, 5333, 2472, 1067, 1377, 4844, 3515, 4552, 958, 4347, 1170, 1543, 3120, 2239, 28, 4909, 3026, 515, 3293, 1948, 4948, 76, 970, 840, 4011, 2675, 4050, 37, 108, 4651, 3319, 3660, 5160, 4768, 1911, 5345, 23, 4419, 1815, 447, 581, 4426, 893, 2756, 1864, 4418, 4444, 1411, 3446, 3278, 1618, 4786, 3998, 2055, 2795, 4841, 1599, 1044, 2418, 2206, 1394, 3409, 4428, 5301, 5139, 4504, 3974, 4123, 2414, 3527, 4244, 4985, 3310, 3975, 1318, 952, 4822, 3414, 2223, 1506, 627, 3094, 1236, 4642, 2481, 1629, 4509, 4265, 3829, 4149, 3249, 426, 3817, 2571, 3894, 4662, 744, 4561, 1926, 3576, 2655, 1714, 2072, 1559, 3358, 4741, 2526, 2896, 5132, 613, 4331, 1969, 1727, 1293, 871, 5264, 4669, 1505, 1095]",143,750,1,False,750
396,description,description,2,True,True,True,"{2: 151, 1: 172, 5: 122, 3: 154, 4: 141, 0: 10}","[4097, 1548, 5419, 4731, 3902, 3380, 4432, 3710, 3542, 3991, 4880, 2494, 2930, 1237, 5356, 235, 4127, 3911, 217, 3274, 932, 1468, 2624, 2837, 3687, 1483, 2116, 3691, 4885, 1822, 1115, 1952, 4887, 876, 2002, 4576, 3443, 5286, 2441, 4713, 121, 2388, 292, 5439, 83, 4206, 4866, 1120, 5436, 1558, 1312, 2596, 3921, 1887, 388, 2130, 1360, 1525, 4673, 4770, 3790, 1675, 2897, 556, 4577, 4946, 2628, 1915, 2862, 5186, 4722, 3211, 2127, 2225, 352, 1392, 1877, 2901, 1025, 4799, 1285, 2739, 5107, 4436, 415, 2864, 15, 2351, 4600, 2046, 3401, 650, 3938, 1545, 226, 4522, 992, 5069, 534, 18, 335, 3566, 3064, 2698, 989, 123, 1932, 4178, 3670, 4847, 1514, 2273, 1786, 574, 2856, 3256, 618, 4694, 5405, 4404, 2676, 3762, 5255, 3755, 2485, 5321, 536, 233, 3760, 1837, 4431, 3948, 5252, 3797, 1538, 13, 1387, 1886, 1994, 2954, 4108, 3432, 3881, 4477, 2919, 4613, 5175, 714, 1719, 4590, 3976, 3180, 2250, 2329, 3919, 5171, 3330, 2506, 3126, 3434, 223, 1272, 1304, 2738, 3311, 1290, 3073, 3199, 5388, 1989, 2828, 1431, 2509, 1643, 3373, 2821, 1188, 2859, 1955, 510, 1486, 595, 2764, 2793, 2298, 708, 1768, 5056, 5179, 4869, 2794, 2360, 4895, 1094, 5372, 2311, 2488, 1066, 2618, 429, 571, 2244, 2290, 1380, 2387, 68, 2439, 1878, 3749, 4145, 3746, 4125, 1315, 2150, 4656, 348, 770, 3019, 2275, 587, 315, 4120, 36, 2855, 3651, 2566, 4293, 640, 1490, 4054, 4959, 1835, 2354, 3522, 4901, 1243, 1571, 3332, 652, 2068, 1808, 5156, 1114, 4716, 2121, 5117, 4747, 4593, 451, 3953, 2782, 2461, 5091, 4920, 4668, 3397, 5247, 1260, 297, 2704, 3504, 3203, 2900, 384, 157, 4868, 3488, 5245, 3173, 1647, 3273, 1192, 3908, 38, 3992, 749, 5294, 3848, 860, 2479, 2459, 867, 3218, 4838, 4482, 20, 1521, 1641, 122, 3118, 2063, 2400, 3519, 1063, 2035, 3442, 2890, 1763, 2119, 5400, 1961, 4854, 2292, 2772, 527, 4917, 4955, 2172, 1186, 4006, 1388, 4382, 4717, 2798, 831, 1206, 189, 5149, 4021, 507, 3599, 3197, 5148, 539, 2171, 2575, 1615, 4032, 2592, 5425, 350, 201, 2074, 3364, 3764, 2122, 3738, 1086, 4460, 400, 63, 1662, 286, 291, 693, 3484, 2629, 4674, 2334, 1913, 4762, 2824, 4767, 4750, 4965, 1785, 2069, 583, 1797, 5051, 4848, 2634, 1507, 4085, 5159, 3279, 3927, 4, 550, 5447, 207, 2799, 551, 5144, 2563, 146, 4989, 4400, 2113, 434, 27, 4129, 3768, 3668, 3459, 3091, 1215, 4091, 1681, 2872, 4014, 4194, 779, 4029, 3756, 4760, 2476, 1749, 4658, 4871, 4348, 2757, 646, 1897, 2195, 316, 716, 4208, 5383, 825, 5370, 3078, 3778, 1702, 3984, 3847, 1150, 4300, 649, 4808, 3775, 4935, 3159, 687, 1223, 946, 4538, 4535, 3077, 5359, 780, 477, 2524, 371, 5142, 3611, 62, 1069, 4193, 883, 4130, 4328, 622, 4974, 1436, 4519, 1762, 4238, 3012, 3554, 4026, 3342, 4182, 5410, 1407, 2736, 913, 4045, 182, 1382, 3625, 1351, 3839, 3583, 2938, 46, 829, 5326, 2230, 612, 5021, 3121, 1127, 3006, 1852, 329, 118, 3794, 4081, 72, 1330, 519, 1195, 2017, 1920, 314, 1129, 3544, 1000, 282, 4041, 2857, 324, 2210, 5283, 2272, 4438, 10, 5341, 4447, 5120, 4167, 1047, 742, 4222, 2916, 3377, 2533, 2707, 2819, 42, 3054, 703, 1519, 1891, 1740, 2997, 347, 5190, 3489, 4284, 833, 4467, 2603, 4198, 4987, 4303, 2483, 435, 4121, 2536, 3048, 2561, 4425, 3177, 2774, 5313, 5078, 1804, 2780, 317, 1372, 1842, 2517, 35, 4283, 3692, 794, 4047, 4496, 4319, 1623, 896, 4416, 3383, 2217, 2330, 2026, 2565, 890, 1423, 3773, 2941, 4926, 2977, 256, 2755, 3724, 1697, 3141, 3189, 2520, 402, 1159, 1593, 508, 1536, 2376, 2842, 691, 3596, 2321, 1576, 5411, 2201, 2532, 4138, 4631, 3815, 4657, 2905, 3472, 4518, 4823, 4810, 2892, 4073, 2806, 3715, 31, 2372, 1782, 2133, 1893, 3932, 4602, 3997, 1607, 1238, 4296, 1350, 4498, 4735, 1489, 4877, 845, 1630, 3469, 4143, 4002, 106, 2773, 2881, 287, 2062, 1757, 4230, 1627, 830, 563, 1196, 2460, 5333, 2472, 1067, 1377, 4844, 3515, 4552, 958, 4347, 1170, 1543, 3120, 2239, 28, 4909, 3026, 515, 3293, 1948, 4948, 76, 970, 840, 4011, 2675, 4050, 37, 108, 4651, 3319, 3660, 5160, 4768, 1911, 5345, 23, 4419, 1815, 447, 581, 4426, 893, 2756, 1864, 4418, 4444, 1411, 3446, 3278, 1618, 4786, 3998, 2055, 2795, 4841, 1599, 1044, 2418, 2206, 1394, 3409, 4428, 5301, 5139, 4504, 3974, 4123, 2414, 3527, 4244, 4985, 3310, 3975, 1318, 952, 4822, 3414, 2223, 1506, 627, 3094, 1236, 4642, 2481, 1629, 4509, 4265, 3829, 4149, 3249, 426, 3817, 2571, 3894, 4662, 744, 4561, 1926, 3576, 2655, 1714, 2072, 1559, 3358, 4741, 2526, 2896, 5132, 613, 4331, 1969, 1727, 1293, 871, 5264, 4669, 1505, 1095]",396,750,1,False,750
71,numeric,numeric,5,True,True,True,"{2: 151, 1: 172, 5: 122, 3: 154, 4: 141, 0: 10}","[4097, 1548, 5419, 4731, 3902, 3380, 4432, 3710, 3542, 3991, 4880, 2494, 2930, 1237, 5356, 235, 4127, 3911, 217, 3274, 932, 1468, 2624, 2837, 3687, 1483, 2116, 3691, 4885, 1822, 1115, 1952, 4887, 876, 2002, 4576, 3443, 5286, 2441, 4713, 121, 2388, 292, 5439, 83, 4206, 4866, 1120, 5436, 1558, 1312, 2596, 3921, 1887, 388, 2130, 1360, 1525, 4673, 4770, 3790, 1675, 2897, 556, 4577, 4946, 2628, 1915, 2862, 5186, 4722, 3211, 2127, 2225, 352, 1392, 1877, 2901, 1025, 4799, 1285, 2739, 5107, 4436, 415, 2864, 15, 2351, 4600, 2046, 3401, 650, 3938, 1545, 226, 4522, 992, 5069, 534, 18, 335, 3566, 3064, 2698, 989, 123, 1932, 4178, 3670, 4847, 1514, 2273, 1786, 574, 2856, 3256, 618, 4694, 5405, 4404, 2676, 3762, 5255, 3755, 2485, 5321, 536, 233, 3760, 1837, 4431, 3948, 5252, 3797, 1538, 13, 1387, 1886, 1994, 2954, 4108, 3432, 3881, 4477, 2919, 4613, 5175, 714, 1719, 4590, 3976, 3180, 2250, 2329, 3919, 5171, 3330, 2506, 3126, 3434, 223, 1272, 1304, 2738, 3311, 1290, 3073, 3199, 5388, 1989, 2828, 1431, 2509, 1643, 3373, 2821, 1188, 2859, 1955, 510, 1486, 595, 2764, 2793, 2298, 708, 1768, 5056, 5179, 4869, 2794, 2360, 4895, 1094, 5372, 2311, 2488, 1066, 2618, 429, 571, 2244, 2290, 1380, 2387, 68, 2439, 1878, 3749, 4145, 3746, 4125, 1315, 2150, 4656, 348, 770, 3019, 2275, 587, 315, 4120, 36, 2855, 3651, 2566, 4293, 640, 1490, 4054, 4959, 1835, 2354, 3522, 4901, 1243, 1571, 3332, 652, 2068, 1808, 5156, 1114, 4716, 2121, 5117, 4747, 4593, 451, 3953, 2782, 2461, 5091, 4920, 4668, 3397, 5247, 1260, 297, 2704, 3504, 3203, 2900, 384, 157, 4868, 3488, 5245, 3173, 1647, 3273, 1192, 3908, 38, 3992, 749, 5294, 3848, 860, 2479, 2459, 867, 3218, 4838, 4482, 20, 1521, 1641, 122, 3118, 2063, 2400, 3519, 1063, 2035, 3442, 2890, 1763, 2119, 5400, 1961, 4854, 2292, 2772, 527, 4917, 4955, 2172, 1186, 4006, 1388, 4382, 4717, 2798, 831, 1206, 189, 5149, 4021, 507, 3599, 3197, 5148, 539, 2171, 2575, 1615, 4032, 2592, 5425, 350, 201, 2074, 3364, 3764, 2122, 3738, 1086, 4460, 400, 63, 1662, 286, 291, 693, 3484, 2629, 4674, 2334, 1913, 4762, 2824, 4767, 4750, 4965, 1785, 2069, 583, 1797, 5051, 4848, 2634, 1507, 4085, 5159, 3279, 3927, 4, 550, 5447, 207, 2799, 551, 5144, 2563, 146, 4989, 4400, 2113, 434, 27, 4129, 3768, 3668, 3459, 3091, 1215, 4091, 1681, 2872, 4014, 4194, 779, 4029, 3756, 4760, 2476, 1749, 4658, 4871, 4348, 2757, 646, 1897, 2195, 316, 716, 4208, 5383, 825, 5370, 3078, 3778, 1702, 3984, 3847, 1150, 4300, 649, 4808, 3775, 4935, 3159, 687, 1223, 946, 4538, 4535, 3077, 5359, 780, 477, 2524, 371, 5142, 3611, 62, 1069, 4193, 883, 4130, 4328, 622, 4974, 1436, 4519, 1762, 4238, 3012, 3554, 4026, 3342, 4182, 5410, 1407, 2736, 913, 4045, 182, 1382, 3625, 1351, 3839, 3583, 2938, 46, 829, 5326, 2230, 612, 5021, 3121, 1127, 3006, 1852, 329, 118, 3794, 4081, 72, 1330, 519, 1195, 2017, 1920, 314, 1129, 3544, 1000, 282, 4041, 2857, 324, 2210, 5283, 2272, 4438, 10, 5341, 4447, 5120, 4167, 1047, 742, 4222, 2916, 3377, 2533, 2707, 2819, 42, 3054, 703, 1519, 1891, 1740, 2997, 347, 5190, 3489, 4284, 833, 4467, 2603, 4198, 4987, 4303, 2483, 435, 4121, 2536, 3048, 2561, 4425, 3177, 2774, 5313, 5078, 1804, 2780, 317, 1372, 1842, 2517, 35, 4283, 3692, 794, 4047, 4496, 4319, 1623, 896, 4416, 3383, 2217, 2330, 2026, 2565, 890, 1423, 3773, 2941, 4926, 2977, 256, 2755, 3724, 1697, 3141, 3189, 2520, 402, 1159, 1593, 508, 1536, 2376, 2842, 691, 3596, 2321, 1576, 5411, 2201, 2532, 4138, 4631, 3815, 4657, 2905, 3472, 4518, 4823, 4810, 2892, 4073, 2806, 3715, 31, 2372, 1782, 2133, 1893, 3932, 4602, 3997, 1607, 1238, 4296, 1350, 4498, 4735, 1489, 4877, 845, 1630, 3469, 4143, 4002, 106, 2773, 2881, 287, 2062, 1757, 4230, 1627, 830, 563, 1196, 2460, 5333, 2472, 1067, 1377, 4844, 3515, 4552, 958, 4347, 1170, 1543, 3120, 2239, 28, 4909, 3026, 515, 3293, 1948, 4948, 76, 970, 840, 4011, 2675, 4050, 37, 108, 4651, 3319, 3660, 5160, 4768, 1911, 5345, 23, 4419, 1815, 447, 581, 4426, 893, 2756, 1864, 4418, 4444, 1411, 3446, 3278, 1618, 4786, 3998, 2055, 2795, 4841, 1599, 1044, 2418, 2206, 1394, 3409, 4428, 5301, 5139, 4504, 3974, 4123, 2414, 3527, 4244, 4985, 3310, 3975, 1318, 952, 4822, 3414, 2223, 1506, 627, 3094, 1236, 4642, 2481, 1629, 4509, 4265, 3829, 4149, 3249, 426, 3817, 2571, 3894, 4662, 744, 4561, 1926, 3576, 2655, 1714, 2072, 1559, 3358, 4741, 2526, 2896, 5132, 613, 4331, 1969, 1727, 1293, 871, 5264, 4669, 1505, 1095]",71,750,1,False,750
168,numeric,location,4,True,False,True,"{2: 151, 1: 172, 5: 122, 3: 154, 4: 141, 0: 10}","[4097, 1548, 5419, 4731, 3902, 3380, 4432, 3710, 3542, 3991, 4880, 2494, 2930, 1237, 5356, 235, 4127, 3911, 217, 3274, 932, 1468, 2624, 2837, 3687, 1483, 2116, 3691, 4885, 1822, 1115, 1952, 4887, 876, 2002, 4576, 3443, 5286, 2441, 4713, 121, 2388, 292, 5439, 83, 4206, 4866, 1120, 5436, 1558, 1312, 2596, 3921, 1887, 388, 2130, 1360, 1525, 4673, 4770, 3790, 1675, 2897, 556, 4577, 4946, 2628, 1915, 2862, 5186, 4722, 3211, 2127, 2225, 352, 1392, 1877, 2901, 1025, 4799, 1285, 2739, 5107, 4436, 415, 2864, 15, 2351, 4600, 2046, 3401, 650, 3938, 1545, 226, 4522, 992, 5069, 534, 18, 335, 3566, 3064, 2698, 989, 123, 1932, 4178, 3670, 4847, 1514, 2273, 1786, 574, 2856, 3256, 618, 4694, 5405, 4404, 2676, 3762, 5255, 3755, 2485, 5321, 536, 233, 3760, 1837, 4431, 3948, 5252, 3797, 1538, 13, 1387, 1886, 1994, 2954, 4108, 3432, 3881, 4477, 2919, 4613, 5175, 714, 1719, 4590, 3976, 3180, 2250, 2329, 3919, 5171, 3330, 2506, 3126, 3434, 223, 1272, 1304, 2738, 3311, 1290, 3073, 3199, 5388, 1989, 2828, 1431, 2509, 1643, 3373, 2821, 1188, 2859, 1955, 510, 1486, 595, 2764, 2793, 2298, 708, 1768, 5056, 5179, 4869, 2794, 2360, 4895, 1094, 5372, 2311, 2488, 1066, 2618, 429, 571, 2244, 2290, 1380, 2387, 68, 2439, 1878, 3749, 4145, 3746, 4125, 1315, 2150, 4656, 348, 770, 3019, 2275, 587, 315, 4120, 36, 2855, 3651, 2566, 4293, 640, 1490, 4054, 4959, 1835, 2354, 3522, 4901, 1243, 1571, 3332, 652, 2068, 1808, 5156, 1114, 4716, 2121, 5117, 4747, 4593, 451, 3953, 2782, 2461, 5091, 4920, 4668, 3397, 5247, 1260, 297, 2704, 3504, 3203, 2900, 384, 157, 4868, 3488, 5245, 3173, 1647, 3273, 1192, 3908, 38, 3992, 749, 5294, 3848, 860, 2479, 2459, 867, 3218, 4838, 4482, 20, 1521, 1641, 122, 3118, 2063, 2400, 3519, 1063, 2035, 3442, 2890, 1763, 2119, 5400, 1961, 4854, 2292, 2772, 527, 4917, 4955, 2172, 1186, 4006, 1388, 4382, 4717, 2798, 831, 1206, 189, 5149, 4021, 507, 3599, 3197, 5148, 539, 2171, 2575, 1615, 4032, 2592, 5425, 350, 201, 2074, 3364, 3764, 2122, 3738, 1086, 4460, 400, 63, 1662, 286, 291, 693, 3484, 2629, 4674, 2334, 1913, 4762, 2824, 4767, 4750, 4965, 1785, 2069, 583, 1797, 5051, 4848, 2634, 1507, 4085, 5159, 3279, 3927, 4, 550, 5447, 207, 2799, 551, 5144, 2563, 146, 4989, 4400, 2113, 434, 27, 4129, 3768, 3668, 3459, 3091, 1215, 4091, 1681, 2872, 4014, 4194, 779, 4029, 3756, 4760, 2476, 1749, 4658, 4871, 4348, 2757, 646, 1897, 2195, 316, 716, 4208, 5383, 825, 5370, 3078, 3778, 1702, 3984, 3847, 1150, 4300, 649, 4808, 3775, 4935, 3159, 687, 1223, 946, 4538, 4535, 3077, 5359, 780, 477, 2524, 371, 5142, 3611, 62, 1069, 4193, 883, 4130, 4328, 622, 4974, 1436, 4519, 1762, 4238, 3012, 3554, 4026, 3342, 4182, 5410, 1407, 2736, 913, 4045, 182, 1382, 3625, 1351, 3839, 3583, 2938, 46, 829, 5326, 2230, 612, 5021, 3121, 1127, 3006, 1852, 329, 118, 3794, 4081, 72, 1330, 519, 1195, 2017, 1920, 314, 1129, 3544, 1000, 282, 4041, 2857, 324, 2210, 5283, 2272, 4438, 10, 5341, 4447, 5120, 4167, 1047, 742, 4222, 2916, 3377, 2533, 2707, 2819, 42, 3054, 703, 1519, 1891, 1740, 2997, 347, 5190, 3489, 4284, 833, 4467, 2603, 4198, 4987, 4303, 2483, 435, 4121, 2536, 3048, 2561, 4425, 3177, 2774, 5313, 5078, 1804, 2780, 317, 1372, 1842, 2517, 35, 4283, 3692, 794, 4047, 4496, 4319, 1623, 896, 4416, 3383, 2217, 2330, 2026, 2565, 890, 1423, 3773, 2941, 4926, 2977, 256, 2755, 3724, 1697, 3141, 3189, 2520, 402, 1159, 1593, 508, 1536, 2376, 2842, 691, 3596, 2321, 1576, 5411, 2201, 2532, 4138, 4631, 3815, 4657, 2905, 3472, 4518, 4823, 4810, 2892, 4073, 2806, 3715, 31, 2372, 1782, 2133, 1893, 3932, 4602, 3997, 1607, 1238, 4296, 1350, 4498, 4735, 1489, 4877, 845, 1630, 3469, 4143, 4002, 106, 2773, 2881, 287, 2062, 1757, 4230, 1627, 830, 563, 1196, 2460, 5333, 2472, 1067, 1377, 4844, 3515, 4552, 958, 4347, 1170, 1543, 3120, 2239, 28, 4909, 3026, 515, 3293, 1948, 4948, 76, 970, 840, 4011, 2675, 4050, 37, 108, 4651, 3319, 3660, 5160, 4768, 1911, 5345, 23, 4419, 1815, 447, 581, 4426, 893, 2756, 1864, 4418, 4444, 1411, 3446, 3278, 1618, 4786, 3998, 2055, 2795, 4841, 1599, 1044, 2418, 2206, 1394, 3409, 4428, 5301, 5139, 4504, 3974, 4123, 2414, 3527, 4244, 4985, 3310, 3975, 1318, 952, 4822, 3414, 2223, 1506, 627, 3094, 1236, 4642, 2481, 1629, 4509, 4265, 3829, 4149, 3249, 426, 3817, 2571, 3894, 4662, 744, 4561, 1926, 3576, 2655, 1714, 2072, 1559, 3358, 4741, 2526, 2896, 5132, 613, 4331, 1969, 1727, 1293, 871, 5264, 4669, 1505, 1095]",168,750,1,False,750
199,numeric,entity,1,True,False,True,"{2: 151, 1: 172, 5: 122, 3: 154, 4: 141, 0: 10}","[4097, 1548, 5419, 4731, 3902, 3380, 4432, 3710, 3542, 3991, 4880, 2494, 2930, 1237, 5356, 235, 4127, 3911, 217, 3274, 932, 1468, 2624, 2837, 3687, 1483, 2116, 3691, 4885, 1822, 1115, 1952, 4887, 876, 2002, 4576, 3443, 5286, 2441, 4713, 121, 2388, 292, 5439, 83, 4206, 4866, 1120, 5436, 1558, 1312, 2596, 3921, 1887, 388, 2130, 1360, 1525, 4673, 4770, 3790, 1675, 2897, 556, 4577, 4946, 2628, 1915, 2862, 5186, 4722, 3211, 2127, 2225, 352, 1392, 1877, 2901, 1025, 4799, 1285, 2739, 5107, 4436, 415, 2864, 15, 2351, 4600, 2046, 3401, 650, 3938, 1545, 226, 4522, 992, 5069, 534, 18, 335, 3566, 3064, 2698, 989, 123, 1932, 4178, 3670, 4847, 1514, 2273, 1786, 574, 2856, 3256, 618, 4694, 5405, 4404, 2676, 3762, 5255, 3755, 2485, 5321, 536, 233, 3760, 1837, 4431, 3948, 5252, 3797, 1538, 13, 1387, 1886, 1994, 2954, 4108, 3432, 3881, 4477, 2919, 4613, 5175, 714, 1719, 4590, 3976, 3180, 2250, 2329, 3919, 5171, 3330, 2506, 3126, 3434, 223, 1272, 1304, 2738, 3311, 1290, 3073, 3199, 5388, 1989, 2828, 1431, 2509, 1643, 3373, 2821, 1188, 2859, 1955, 510, 1486, 595, 2764, 2793, 2298, 708, 1768, 5056, 5179, 4869, 2794, 2360, 4895, 1094, 5372, 2311, 2488, 1066, 2618, 429, 571, 2244, 2290, 1380, 2387, 68, 2439, 1878, 3749, 4145, 3746, 4125, 1315, 2150, 4656, 348, 770, 3019, 2275, 587, 315, 4120, 36, 2855, 3651, 2566, 4293, 640, 1490, 4054, 4959, 1835, 2354, 3522, 4901, 1243, 1571, 3332, 652, 2068, 1808, 5156, 1114, 4716, 2121, 5117, 4747, 4593, 451, 3953, 2782, 2461, 5091, 4920, 4668, 3397, 5247, 1260, 297, 2704, 3504, 3203, 2900, 384, 157, 4868, 3488, 5245, 3173, 1647, 3273, 1192, 3908, 38, 3992, 749, 5294, 3848, 860, 2479, 2459, 867, 3218, 4838, 4482, 20, 1521, 1641, 122, 3118, 2063, 2400, 3519, 1063, 2035, 3442, 2890, 1763, 2119, 5400, 1961, 4854, 2292, 2772, 527, 4917, 4955, 2172, 1186, 4006, 1388, 4382, 4717, 2798, 831, 1206, 189, 5149, 4021, 507, 3599, 3197, 5148, 539, 2171, 2575, 1615, 4032, 2592, 5425, 350, 201, 2074, 3364, 3764, 2122, 3738, 1086, 4460, 400, 63, 1662, 286, 291, 693, 3484, 2629, 4674, 2334, 1913, 4762, 2824, 4767, 4750, 4965, 1785, 2069, 583, 1797, 5051, 4848, 2634, 1507, 4085, 5159, 3279, 3927, 4, 550, 5447, 207, 2799, 551, 5144, 2563, 146, 4989, 4400, 2113, 434, 27, 4129, 3768, 3668, 3459, 3091, 1215, 4091, 1681, 2872, 4014, 4194, 779, 4029, 3756, 4760, 2476, 1749, 4658, 4871, 4348, 2757, 646, 1897, 2195, 316, 716, 4208, 5383, 825, 5370, 3078, 3778, 1702, 3984, 3847, 1150, 4300, 649, 4808, 3775, 4935, 3159, 687, 1223, 946, 4538, 4535, 3077, 5359, 780, 477, 2524, 371, 5142, 3611, 62, 1069, 4193, 883, 4130, 4328, 622, 4974, 1436, 4519, 1762, 4238, 3012, 3554, 4026, 3342, 4182, 5410, 1407, 2736, 913, 4045, 182, 1382, 3625, 1351, 3839, 3583, 2938, 46, 829, 5326, 2230, 612, 5021, 3121, 1127, 3006, 1852, 329, 118, 3794, 4081, 72, 1330, 519, 1195, 2017, 1920, 314, 1129, 3544, 1000, 282, 4041, 2857, 324, 2210, 5283, 2272, 4438, 10, 5341, 4447, 5120, 4167, 1047, 742, 4222, 2916, 3377, 2533, 2707, 2819, 42, 3054, 703, 1519, 1891, 1740, 2997, 347, 5190, 3489, 4284, 833, 4467, 2603, 4198, 4987, 4303, 2483, 435, 4121, 2536, 3048, 2561, 4425, 3177, 2774, 5313, 5078, 1804, 2780, 317, 1372, 1842, 2517, 35, 4283, 3692, 794, 4047, 4496, 4319, 1623, 896, 4416, 3383, 2217, 2330, 2026, 2565, 890, 1423, 3773, 2941, 4926, 2977, 256, 2755, 3724, 1697, 3141, 3189, 2520, 402, 1159, 1593, 508, 1536, 2376, 2842, 691, 3596, 2321, 1576, 5411, 2201, 2532, 4138, 4631, 3815, 4657, 2905, 3472, 4518, 4823, 4810, 2892, 4073, 2806, 3715, 31, 2372, 1782, 2133, 1893, 3932, 4602, 3997, 1607, 1238, 4296, 1350, 4498, 4735, 1489, 4877, 845, 1630, 3469, 4143, 4002, 106, 2773, 2881, 287, 2062, 1757, 4230, 1627, 830, 563, 1196, 2460, 5333, 2472, 1067, 1377, 4844, 3515, 4552, 958, 4347, 1170, 1543, 3120, 2239, 28, 4909, 3026, 515, 3293, 1948, 4948, 76, 970, 840, 4011, 2675, 4050, 37, 108, 4651, 3319, 3660, 5160, 4768, 1911, 5345, 23, 4419, 1815, 447, 581, 4426, 893, 2756, 1864, 4418, 4444, 1411, 3446, 3278, 1618, 4786, 3998, 2055, 2795, 4841, 1599, 1044, 2418, 2206, 1394, 3409, 4428, 5301, 5139, 4504, 3974, 4123, 2414, 3527, 4244, 4985, 3310, 3975, 1318, 952, 4822, 3414, 2223, 1506, 627, 3094, 1236, 4642, 2481, 1629, 4509, 4265, 3829, 4149, 3249, 426, 3817, 2571, 3894, 4662, 744, 4561, 1926, 3576, 2655, 1714, 2072, 1559, 3358, 4741, 2526, 2896, 5132, 613, 4331, 1969, 1727, 1293, 871, 5264, 4669, 1505, 1095]",199,750,1,False,750
366,numeric,entity,1,True,False,True,"{2: 151, 1: 172, 5: 122, 3: 154, 4: 141, 0: 10}","[4097, 1548, 5419, 4731, 3902, 3380, 4432, 3710, 3542, 3991, 4880, 2494, 2930, 1237, 5356, 235, 4127, 3911, 217, 3274, 932, 1468, 2624, 2837, 3687, 1483, 2116, 3691, 4885, 1822, 1115, 1952, 4887, 876, 2002, 4576, 3443, 5286, 2441, 4713, 121, 2388, 292, 5439, 83, 4206, 4866, 1120, 5436, 1558, 1312, 2596, 3921, 1887, 388, 2130, 1360, 1525, 4673, 4770, 3790, 1675, 2897, 556, 4577, 4946, 2628, 1915, 2862, 5186, 4722, 3211, 2127, 2225, 352, 1392, 1877, 2901, 1025, 4799, 1285, 2739, 5107, 4436, 415, 2864, 15, 2351, 4600, 2046, 3401, 650, 3938, 1545, 226, 4522, 992, 5069, 534, 18, 335, 3566, 3064, 2698, 989, 123, 1932, 4178, 3670, 4847, 1514, 2273, 1786, 574, 2856, 3256, 618, 4694, 5405, 4404, 2676, 3762, 5255, 3755, 2485, 5321, 536, 233, 3760, 1837, 4431, 3948, 5252, 3797, 1538, 13, 1387, 1886, 1994, 2954, 4108, 3432, 3881, 4477, 2919, 4613, 5175, 714, 1719, 4590, 3976, 3180, 2250, 2329, 3919, 5171, 3330, 2506, 3126, 3434, 223, 1272, 1304, 2738, 3311, 1290, 3073, 3199, 5388, 1989, 2828, 1431, 2509, 1643, 3373, 2821, 1188, 2859, 1955, 510, 1486, 595, 2764, 2793, 2298, 708, 1768, 5056, 5179, 4869, 2794, 2360, 4895, 1094, 5372, 2311, 2488, 1066, 2618, 429, 571, 2244, 2290, 1380, 2387, 68, 2439, 1878, 3749, 4145, 3746, 4125, 1315, 2150, 4656, 348, 770, 3019, 2275, 587, 315, 4120, 36, 2855, 3651, 2566, 4293, 640, 1490, 4054, 4959, 1835, 2354, 3522, 4901, 1243, 1571, 3332, 652, 2068, 1808, 5156, 1114, 4716, 2121, 5117, 4747, 4593, 451, 3953, 2782, 2461, 5091, 4920, 4668, 3397, 5247, 1260, 297, 2704, 3504, 3203, 2900, 384, 157, 4868, 3488, 5245, 3173, 1647, 3273, 1192, 3908, 38, 3992, 749, 5294, 3848, 860, 2479, 2459, 867, 3218, 4838, 4482, 20, 1521, 1641, 122, 3118, 2063, 2400, 3519, 1063, 2035, 3442, 2890, 1763, 2119, 5400, 1961, 4854, 2292, 2772, 527, 4917, 4955, 2172, 1186, 4006, 1388, 4382, 4717, 2798, 831, 1206, 189, 5149, 4021, 507, 3599, 3197, 5148, 539, 2171, 2575, 1615, 4032, 2592, 5425, 350, 201, 2074, 3364, 3764, 2122, 3738, 1086, 4460, 400, 63, 1662, 286, 291, 693, 3484, 2629, 4674, 2334, 1913, 4762, 2824, 4767, 4750, 4965, 1785, 2069, 583, 1797, 5051, 4848, 2634, 1507, 4085, 5159, 3279, 3927, 4, 550, 5447, 207, 2799, 551, 5144, 2563, 146, 4989, 4400, 2113, 434, 27, 4129, 3768, 3668, 3459, 3091, 1215, 4091, 1681, 2872, 4014, 4194, 779, 4029, 3756, 4760, 2476, 1749, 4658, 4871, 4348, 2757, 646, 1897, 2195, 316, 716, 4208, 5383, 825, 5370, 3078, 3778, 1702, 3984, 3847, 1150, 4300, 649, 4808, 3775, 4935, 3159, 687, 1223, 946, 4538, 4535, 3077, 5359, 780, 477, 2524, 371, 5142, 3611, 62, 1069, 4193, 883, 4130, 4328, 622, 4974, 1436, 4519, 1762, 4238, 3012, 3554, 4026, 3342, 4182, 5410, 1407, 2736, 913, 4045, 182, 1382, 3625, 1351, 3839, 3583, 2938, 46, 829, 5326, 2230, 612, 5021, 3121, 1127, 3006, 1852, 329, 118, 3794, 4081, 72, 1330, 519, 1195, 2017, 1920, 314, 1129, 3544, 1000, 282, 4041, 2857, 324, 2210, 5283, 2272, 4438, 10, 5341, 4447, 5120, 4167, 1047, 742, 4222, 2916, 3377, 2533, 2707, 2819, 42, 3054, 703, 1519, 1891, 1740, 2997, 347, 5190, 3489, 4284, 833, 4467, 2603, 4198, 4987, 4303, 2483, 435, 4121, 2536, 3048, 2561, 4425, 3177, 2774, 5313, 5078, 1804, 2780, 317, 1372, 1842, 2517, 35, 4283, 3692, 794, 4047, 4496, 4319, 1623, 896, 4416, 3383, 2217, 2330, 2026, 2565, 890, 1423, 3773, 2941, 4926, 2977, 256, 2755, 3724, 1697, 3141, 3189, 2520, 402, 1159, 1593, 508, 1536, 2376, 2842, 691, 3596, 2321, 1576, 5411, 2201, 2532, 4138, 4631, 3815, 4657, 2905, 3472, 4518, 4823, 4810, 2892, 4073, 2806, 3715, 31, 2372, 1782, 2133, 1893, 3932, 4602, 3997, 1607, 1238, 4296, 1350, 4498, 4735, 1489, 4877, 845, 1630, 3469, 4143, 4002, 106, 2773, 2881, 287, 2062, 1757, 4230, 1627, 830, 563, 1196, 2460, 5333, 2472, 1067, 1377, 4844, 3515, 4552, 958, 4347, 1170, 1543, 3120, 2239, 28, 4909, 3026, 515, 3293, 1948, 4948, 76, 970, 840, 4011, 2675, 4050, 37, 108, 4651, 3319, 3660, 5160, 4768, 1911, 5345, 23, 4419, 1815, 447, 581, 4426, 893, 2756, 1864, 4418, 4444, 1411, 3446, 3278, 1618, 4786, 3998, 2055, 2795, 4841, 1599, 1044, 2418, 2206, 1394, 3409, 4428, 5301, 5139, 4504, 3974, 4123, 2414, 3527, 4244, 4985, 3310, 3975, 1318, 952, 4822, 3414, 2223, 1506, 627, 3094, 1236, 4642, 2481, 1629, 4509, 4265, 3829, 4149, 3249, 426, 3817, 2571, 3894, 4662, 744, 4561, 1926, 3576, 2655, 1714, 2072, 1559, 3358, 4741, 2526, 2896, 5132, 613, 4331, 1969, 1727, 1293, 871, 5264, 4669, 1505, 1095]",366,750,1,False,750
464,numeric,location,4,True,False,True,"{2: 151, 1: 172, 5: 122, 3: 154, 4: 141, 0: 10}","[4097, 1548, 5419, 4731, 3902, 3380, 4432, 3710, 3542, 3991, 4880, 2494, 2930, 1237, 5356, 235, 4127, 3911, 217, 3274, 932, 1468, 2624, 2837, 3687, 1483, 2116, 3691, 4885, 1822, 1115, 1952, 4887, 876, 2002, 4576, 3443, 5286, 2441, 4713, 121, 2388, 292, 5439, 83, 4206, 4866, 1120, 5436, 1558, 1312, 2596, 3921, 1887, 388, 2130, 1360, 1525, 4673, 4770, 3790, 1675, 2897, 556, 4577, 4946, 2628, 1915, 2862, 5186, 4722, 3211, 2127, 2225, 352, 1392, 1877, 2901, 1025, 4799, 1285, 2739, 5107, 4436, 415, 2864, 15, 2351, 4600, 2046, 3401, 650, 3938, 1545, 226, 4522, 992, 5069, 534, 18, 335, 3566, 3064, 2698, 989, 123, 1932, 4178, 3670, 4847, 1514, 2273, 1786, 574, 2856, 3256, 618, 4694, 5405, 4404, 2676, 3762, 5255, 3755, 2485, 5321, 536, 233, 3760, 1837, 4431, 3948, 5252, 3797, 1538, 13, 1387, 1886, 1994, 2954, 4108, 3432, 3881, 4477, 2919, 4613, 5175, 714, 1719, 4590, 3976, 3180, 2250, 2329, 3919, 5171, 3330, 2506, 3126, 3434, 223, 1272, 1304, 2738, 3311, 1290, 3073, 3199, 5388, 1989, 2828, 1431, 2509, 1643, 3373, 2821, 1188, 2859, 1955, 510, 1486, 595, 2764, 2793, 2298, 708, 1768, 5056, 5179, 4869, 2794, 2360, 4895, 1094, 5372, 2311, 2488, 1066, 2618, 429, 571, 2244, 2290, 1380, 2387, 68, 2439, 1878, 3749, 4145, 3746, 4125, 1315, 2150, 4656, 348, 770, 3019, 2275, 587, 315, 4120, 36, 2855, 3651, 2566, 4293, 640, 1490, 4054, 4959, 1835, 2354, 3522, 4901, 1243, 1571, 3332, 652, 2068, 1808, 5156, 1114, 4716, 2121, 5117, 4747, 4593, 451, 3953, 2782, 2461, 5091, 4920, 4668, 3397, 5247, 1260, 297, 2704, 3504, 3203, 2900, 384, 157, 4868, 3488, 5245, 3173, 1647, 3273, 1192, 3908, 38, 3992, 749, 5294, 3848, 860, 2479, 2459, 867, 3218, 4838, 4482, 20, 1521, 1641, 122, 3118, 2063, 2400, 3519, 1063, 2035, 3442, 2890, 1763, 2119, 5400, 1961, 4854, 2292, 2772, 527, 4917, 4955, 2172, 1186, 4006, 1388, 4382, 4717, 2798, 831, 1206, 189, 5149, 4021, 507, 3599, 3197, 5148, 539, 2171, 2575, 1615, 4032, 2592, 5425, 350, 201, 2074, 3364, 3764, 2122, 3738, 1086, 4460, 400, 63, 1662, 286, 291, 693, 3484, 2629, 4674, 2334, 1913, 4762, 2824, 4767, 4750, 4965, 1785, 2069, 583, 1797, 5051, 4848, 2634, 1507, 4085, 5159, 3279, 3927, 4, 550, 5447, 207, 2799, 551, 5144, 2563, 146, 4989, 4400, 2113, 434, 27, 4129, 3768, 3668, 3459, 3091, 1215, 4091, 1681, 2872, 4014, 4194, 779, 4029, 3756, 4760, 2476, 1749, 4658, 4871, 4348, 2757, 646, 1897, 2195, 316, 716, 4208, 5383, 825, 5370, 3078, 3778, 1702, 3984, 3847, 1150, 4300, 649, 4808, 3775, 4935, 3159, 687, 1223, 946, 4538, 4535, 3077, 5359, 780, 477, 2524, 371, 5142, 3611, 62, 1069, 4193, 883, 4130, 4328, 622, 4974, 1436, 4519, 1762, 4238, 3012, 3554, 4026, 3342, 4182, 5410, 1407, 2736, 913, 4045, 182, 1382, 3625, 1351, 3839, 3583, 2938, 46, 829, 5326, 2230, 612, 5021, 3121, 1127, 3006, 1852, 329, 118, 3794, 4081, 72, 1330, 519, 1195, 2017, 1920, 314, 1129, 3544, 1000, 282, 4041, 2857, 324, 2210, 5283, 2272, 4438, 10, 5341, 4447, 5120, 4167, 1047, 742, 4222, 2916, 3377, 2533, 2707, 2819, 42, 3054, 703, 1519, 1891, 1740, 2997, 347, 5190, 3489, 4284, 833, 4467, 2603, 4198, 4987, 4303, 2483, 435, 4121, 2536, 3048, 2561, 4425, 3177, 2774, 5313, 5078, 1804, 2780, 317, 1372, 1842, 2517, 35, 4283, 3692, 794, 4047, 4496, 4319, 1623, 896, 4416, 3383, 2217, 2330, 2026, 2565, 890, 1423, 3773, 2941, 4926, 2977, 256, 2755, 3724, 1697, 3141, 3189, 2520, 402, 1159, 1593, 508, 1536, 2376, 2842, 691, 3596, 2321, 1576, 5411, 2201, 2532, 4138, 4631, 3815, 4657, 2905, 3472, 4518, 4823, 4810, 2892, 4073, 2806, 3715, 31, 2372, 1782, 2133, 1893, 3932, 4602, 3997, 1607, 1238, 4296, 1350, 4498, 4735, 1489, 4877, 845, 1630, 3469, 4143, 4002, 106, 2773, 2881, 287, 2062, 1757, 4230, 1627, 830, 563, 1196, 2460, 5333, 2472, 1067, 1377, 4844, 3515, 4552, 958, 4347, 1170, 1543, 3120, 2239, 28, 4909, 3026, 515, 3293, 1948, 4948, 76, 970, 840, 4011, 2675, 4050, 37, 108, 4651, 3319, 3660, 5160, 4768, 1911, 5345, 23, 4419, 1815, 447, 581, 4426, 893, 2756, 1864, 4418, 4444, 1411, 3446, 3278, 1618, 4786, 3998, 2055, 2795, 4841, 1599, 1044, 2418, 2206, 1394, 3409, 4428, 5301, 5139, 4504, 3974, 4123, 2414, 3527, 4244, 4985, 3310, 3975, 1318, 952, 4822, 3414, 2223, 1506, 627, 3094, 1236, 4642, 2481, 1629, 4509, 4265, 3829, 4149, 3249, 426, 3817, 2571, 3894, 4662, 744, 4561, 1926, 3576, 2655, 1714, 2072, 1559, 3358, 4741, 2526, 2896, 5132, 613, 4331, 1969, 1727, 1293, 871, 5264, 4669, 1505, 1095]",464,750,1,False,750
318,numeric,entity,1,True,False,True,"{2: 151, 1: 172, 5: 122, 3: 154, 4: 141, 0: 10}","[4097, 1548, 5419, 4731, 3902, 3380, 4432, 3710, 3542, 3991, 4880, 2494, 2930, 1237, 5356, 235, 4127, 3911, 217, 3274, 932, 1468, 2624, 2837, 3687, 1483, 2116, 3691, 4885, 1822, 1115, 1952, 4887, 876, 2002, 4576, 3443, 5286, 2441, 4713, 121, 2388, 292, 5439, 83, 4206, 4866, 1120, 5436, 1558, 1312, 2596, 3921, 1887, 388, 2130, 1360, 1525, 4673, 4770, 3790, 1675, 2897, 556, 4577, 4946, 2628, 1915, 2862, 5186, 4722, 3211, 2127, 2225, 352, 1392, 1877, 2901, 1025, 4799, 1285, 2739, 5107, 4436, 415, 2864, 15, 2351, 4600, 2046, 3401, 650, 3938, 1545, 226, 4522, 992, 5069, 534, 18, 335, 3566, 3064, 2698, 989, 123, 1932, 4178, 3670, 4847, 1514, 2273, 1786, 574, 2856, 3256, 618, 4694, 5405, 4404, 2676, 3762, 5255, 3755, 2485, 5321, 536, 233, 3760, 1837, 4431, 3948, 5252, 3797, 1538, 13, 1387, 1886, 1994, 2954, 4108, 3432, 3881, 4477, 2919, 4613, 5175, 714, 1719, 4590, 3976, 3180, 2250, 2329, 3919, 5171, 3330, 2506, 3126, 3434, 223, 1272, 1304, 2738, 3311, 1290, 3073, 3199, 5388, 1989, 2828, 1431, 2509, 1643, 3373, 2821, 1188, 2859, 1955, 510, 1486, 595, 2764, 2793, 2298, 708, 1768, 5056, 5179, 4869, 2794, 2360, 4895, 1094, 5372, 2311, 2488, 1066, 2618, 429, 571, 2244, 2290, 1380, 2387, 68, 2439, 1878, 3749, 4145, 3746, 4125, 1315, 2150, 4656, 348, 770, 3019, 2275, 587, 315, 4120, 36, 2855, 3651, 2566, 4293, 640, 1490, 4054, 4959, 1835, 2354, 3522, 4901, 1243, 1571, 3332, 652, 2068, 1808, 5156, 1114, 4716, 2121, 5117, 4747, 4593, 451, 3953, 2782, 2461, 5091, 4920, 4668, 3397, 5247, 1260, 297, 2704, 3504, 3203, 2900, 384, 157, 4868, 3488, 5245, 3173, 1647, 3273, 1192, 3908, 38, 3992, 749, 5294, 3848, 860, 2479, 2459, 867, 3218, 4838, 4482, 20, 1521, 1641, 122, 3118, 2063, 2400, 3519, 1063, 2035, 3442, 2890, 1763, 2119, 5400, 1961, 4854, 2292, 2772, 527, 4917, 4955, 2172, 1186, 4006, 1388, 4382, 4717, 2798, 831, 1206, 189, 5149, 4021, 507, 3599, 3197, 5148, 539, 2171, 2575, 1615, 4032, 2592, 5425, 350, 201, 2074, 3364, 3764, 2122, 3738, 1086, 4460, 400, 63, 1662, 286, 291, 693, 3484, 2629, 4674, 2334, 1913, 4762, 2824, 4767, 4750, 4965, 1785, 2069, 583, 1797, 5051, 4848, 2634, 1507, 4085, 5159, 3279, 3927, 4, 550, 5447, 207, 2799, 551, 5144, 2563, 146, 4989, 4400, 2113, 434, 27, 4129, 3768, 3668, 3459, 3091, 1215, 4091, 1681, 2872, 4014, 4194, 779, 4029, 3756, 4760, 2476, 1749, 4658, 4871, 4348, 2757, 646, 1897, 2195, 316, 716, 4208, 5383, 825, 5370, 3078, 3778, 1702, 3984, 3847, 1150, 4300, 649, 4808, 3775, 4935, 3159, 687, 1223, 946, 4538, 4535, 3077, 5359, 780, 477, 2524, 371, 5142, 3611, 62, 1069, 4193, 883, 4130, 4328, 622, 4974, 1436, 4519, 1762, 4238, 3012, 3554, 4026, 3342, 4182, 5410, 1407, 2736, 913, 4045, 182, 1382, 3625, 1351, 3839, 3583, 2938, 46, 829, 5326, 2230, 612, 5021, 3121, 1127, 3006, 1852, 329, 118, 3794, 4081, 72, 1330, 519, 1195, 2017, 1920, 314, 1129, 3544, 1000, 282, 4041, 2857, 324, 2210, 5283, 2272, 4438, 10, 5341, 4447, 5120, 4167, 1047, 742, 4222, 2916, 3377, 2533, 2707, 2819, 42, 3054, 703, 1519, 1891, 1740, 2997, 347, 5190, 3489, 4284, 833, 4467, 2603, 4198, 4987, 4303, 2483, 435, 4121, 2536, 3048, 2561, 4425, 3177, 2774, 5313, 5078, 1804, 2780, 317, 1372, 1842, 2517, 35, 4283, 3692, 794, 4047, 4496, 4319, 1623, 896, 4416, 3383, 2217, 2330, 2026, 2565, 890, 1423, 3773, 2941, 4926, 2977, 256, 2755, 3724, 1697, 3141, 3189, 2520, 402, 1159, 1593, 508, 1536, 2376, 2842, 691, 3596, 2321, 1576, 5411, 2201, 2532, 4138, 4631, 3815, 4657, 2905, 3472, 4518, 4823, 4810, 2892, 4073, 2806, 3715, 31, 2372, 1782, 2133, 1893, 3932, 4602, 3997, 1607, 1238, 4296, 1350, 4498, 4735, 1489, 4877, 845, 1630, 3469, 4143, 4002, 106, 2773, 2881, 287, 2062, 1757, 4230, 1627, 830, 563, 1196, 2460, 5333, 2472, 1067, 1377, 4844, 3515, 4552, 958, 4347, 1170, 1543, 3120, 2239, 28, 4909, 3026, 515, 3293, 1948, 4948, 76, 970, 840, 4011, 2675, 4050, 37, 108, 4651, 3319, 3660, 5160, 4768, 1911, 5345, 23, 4419, 1815, 447, 581, 4426, 893, 2756, 1864, 4418, 4444, 1411, 3446, 3278, 1618, 4786, 3998, 2055, 2795, 4841, 1599, 1044, 2418, 2206, 1394, 3409, 4428, 5301, 5139, 4504, 3974, 4123, 2414, 3527, 4244, 4985, 3310, 3975, 1318, 952, 4822, 3414, 2223, 1506, 627, 3094, 1236, 4642, 2481, 1629, 4509, 4265, 3829, 4149, 3249, 426, 3817, 2571, 3894, 4662, 744, 4561, 1926, 3576, 2655, 1714, 2072, 1559, 3358, 4741, 2526, 2896, 5132, 613, 4331, 1969, 1727, 1293, 871, 5264, 4669, 1505, 1095]",318,750,1,False,750
242,numeric,description,2,True,False,True,"{2: 151, 1: 172, 5: 122, 3: 154, 4: 141, 0: 10}","[4097, 1548, 5419, 4731, 3902, 3380, 4432, 3710, 3542, 3991, 4880, 2494, 2930, 1237, 5356, 235, 4127, 3911, 217, 3274, 932, 1468, 2624, 2837, 3687, 1483, 2116, 3691, 4885, 1822, 1115, 1952, 4887, 876, 2002, 4576, 3443, 5286, 2441, 4713, 121, 2388, 292, 5439, 83, 4206, 4866, 1120, 5436, 1558, 1312, 2596, 3921, 1887, 388, 2130, 1360, 1525, 4673, 4770, 3790, 1675, 2897, 556, 4577, 4946, 2628, 1915, 2862, 5186, 4722, 3211, 2127, 2225, 352, 1392, 1877, 2901, 1025, 4799, 1285, 2739, 5107, 4436, 415, 2864, 15, 2351, 4600, 2046, 3401, 650, 3938, 1545, 226, 4522, 992, 5069, 534, 18, 335, 3566, 3064, 2698, 989, 123, 1932, 4178, 3670, 4847, 1514, 2273, 1786, 574, 2856, 3256, 618, 4694, 5405, 4404, 2676, 3762, 5255, 3755, 2485, 5321, 536, 233, 3760, 1837, 4431, 3948, 5252, 3797, 1538, 13, 1387, 1886, 1994, 2954, 4108, 3432, 3881, 4477, 2919, 4613, 5175, 714, 1719, 4590, 3976, 3180, 2250, 2329, 3919, 5171, 3330, 2506, 3126, 3434, 223, 1272, 1304, 2738, 3311, 1290, 3073, 3199, 5388, 1989, 2828, 1431, 2509, 1643, 3373, 2821, 1188, 2859, 1955, 510, 1486, 595, 2764, 2793, 2298, 708, 1768, 5056, 5179, 4869, 2794, 2360, 4895, 1094, 5372, 2311, 2488, 1066, 2618, 429, 571, 2244, 2290, 1380, 2387, 68, 2439, 1878, 3749, 4145, 3746, 4125, 1315, 2150, 4656, 348, 770, 3019, 2275, 587, 315, 4120, 36, 2855, 3651, 2566, 4293, 640, 1490, 4054, 4959, 1835, 2354, 3522, 4901, 1243, 1571, 3332, 652, 2068, 1808, 5156, 1114, 4716, 2121, 5117, 4747, 4593, 451, 3953, 2782, 2461, 5091, 4920, 4668, 3397, 5247, 1260, 297, 2704, 3504, 3203, 2900, 384, 157, 4868, 3488, 5245, 3173, 1647, 3273, 1192, 3908, 38, 3992, 749, 5294, 3848, 860, 2479, 2459, 867, 3218, 4838, 4482, 20, 1521, 1641, 122, 3118, 2063, 2400, 3519, 1063, 2035, 3442, 2890, 1763, 2119, 5400, 1961, 4854, 2292, 2772, 527, 4917, 4955, 2172, 1186, 4006, 1388, 4382, 4717, 2798, 831, 1206, 189, 5149, 4021, 507, 3599, 3197, 5148, 539, 2171, 2575, 1615, 4032, 2592, 5425, 350, 201, 2074, 3364, 3764, 2122, 3738, 1086, 4460, 400, 63, 1662, 286, 291, 693, 3484, 2629, 4674, 2334, 1913, 4762, 2824, 4767, 4750, 4965, 1785, 2069, 583, 1797, 5051, 4848, 2634, 1507, 4085, 5159, 3279, 3927, 4, 550, 5447, 207, 2799, 551, 5144, 2563, 146, 4989, 4400, 2113, 434, 27, 4129, 3768, 3668, 3459, 3091, 1215, 4091, 1681, 2872, 4014, 4194, 779, 4029, 3756, 4760, 2476, 1749, 4658, 4871, 4348, 2757, 646, 1897, 2195, 316, 716, 4208, 5383, 825, 5370, 3078, 3778, 1702, 3984, 3847, 1150, 4300, 649, 4808, 3775, 4935, 3159, 687, 1223, 946, 4538, 4535, 3077, 5359, 780, 477, 2524, 371, 5142, 3611, 62, 1069, 4193, 883, 4130, 4328, 622, 4974, 1436, 4519, 1762, 4238, 3012, 3554, 4026, 3342, 4182, 5410, 1407, 2736, 913, 4045, 182, 1382, 3625, 1351, 3839, 3583, 2938, 46, 829, 5326, 2230, 612, 5021, 3121, 1127, 3006, 1852, 329, 118, 3794, 4081, 72, 1330, 519, 1195, 2017, 1920, 314, 1129, 3544, 1000, 282, 4041, 2857, 324, 2210, 5283, 2272, 4438, 10, 5341, 4447, 5120, 4167, 1047, 742, 4222, 2916, 3377, 2533, 2707, 2819, 42, 3054, 703, 1519, 1891, 1740, 2997, 347, 5190, 3489, 4284, 833, 4467, 2603, 4198, 4987, 4303, 2483, 435, 4121, 2536, 3048, 2561, 4425, 3177, 2774, 5313, 5078, 1804, 2780, 317, 1372, 1842, 2517, 35, 4283, 3692, 794, 4047, 4496, 4319, 1623, 896, 4416, 3383, 2217, 2330, 2026, 2565, 890, 1423, 3773, 2941, 4926, 2977, 256, 2755, 3724, 1697, 3141, 3189, 2520, 402, 1159, 1593, 508, 1536, 2376, 2842, 691, 3596, 2321, 1576, 5411, 2201, 2532, 4138, 4631, 3815, 4657, 2905, 3472, 4518, 4823, 4810, 2892, 4073, 2806, 3715, 31, 2372, 1782, 2133, 1893, 3932, 4602, 3997, 1607, 1238, 4296, 1350, 4498, 4735, 1489, 4877, 845, 1630, 3469, 4143, 4002, 106, 2773, 2881, 287, 2062, 1757, 4230, 1627, 830, 563, 1196, 2460, 5333, 2472, 1067, 1377, 4844, 3515, 4552, 958, 4347, 1170, 1543, 3120, 2239, 28, 4909, 3026, 515, 3293, 1948, 4948, 76, 970, 840, 4011, 2675, 4050, 37, 108, 4651, 3319, 3660, 5160, 4768, 1911, 5345, 23, 4419, 1815, 447, 581, 4426, 893, 2756, 1864, 4418, 4444, 1411, 3446, 3278, 1618, 4786, 3998, 2055, 2795, 4841, 1599, 1044, 2418, 2206, 1394, 3409, 4428, 5301, 5139, 4504, 3974, 4123, 2414, 3527, 4244, 4985, 3310, 3975, 1318, 952, 4822, 3414, 2223, 1506, 627, 3094, 1236, 4642, 2481, 1629, 4509, 4265, 3829, 4149, 3249, 426, 3817, 2571, 3894, 4662, 744, 4561, 1926, 3576, 2655, 1714, 2072, 1559, 3358, 4741, 2526, 2896, 5132, 613, 4331, 1969, 1727, 1293, 871, 5264, 4669, 1505, 1095]",242,750,1,False,750
69,numeric,location,4,True,False,True,"{2: 151, 1: 172, 5: 122, 3: 154, 4: 141, 0: 10}","[4097, 1548, 5419, 4731, 3902, 3380, 4432, 3710, 3542, 3991, 4880, 2494, 2930, 1237, 5356, 235, 4127, 3911, 217, 3274, 932, 1468, 2624, 2837, 3687, 1483, 2116, 3691, 4885, 1822, 1115, 1952, 4887, 876, 2002, 4576, 3443, 5286, 2441, 4713, 121, 2388, 292, 5439, 83, 4206, 4866, 1120, 5436, 1558, 1312, 2596, 3921, 1887, 388, 2130, 1360, 1525, 4673, 4770, 3790, 1675, 2897, 556, 4577, 4946, 2628, 1915, 2862, 5186, 4722, 3211, 2127, 2225, 352, 1392, 1877, 2901, 1025, 4799, 1285, 2739, 5107, 4436, 415, 2864, 15, 2351, 4600, 2046, 3401, 650, 3938, 1545, 226, 4522, 992, 5069, 534, 18, 335, 3566, 3064, 2698, 989, 123, 1932, 4178, 3670, 4847, 1514, 2273, 1786, 574, 2856, 3256, 618, 4694, 5405, 4404, 2676, 3762, 5255, 3755, 2485, 5321, 536, 233, 3760, 1837, 4431, 3948, 5252, 3797, 1538, 13, 1387, 1886, 1994, 2954, 4108, 3432, 3881, 4477, 2919, 4613, 5175, 714, 1719, 4590, 3976, 3180, 2250, 2329, 3919, 5171, 3330, 2506, 3126, 3434, 223, 1272, 1304, 2738, 3311, 1290, 3073, 3199, 5388, 1989, 2828, 1431, 2509, 1643, 3373, 2821, 1188, 2859, 1955, 510, 1486, 595, 2764, 2793, 2298, 708, 1768, 5056, 5179, 4869, 2794, 2360, 4895, 1094, 5372, 2311, 2488, 1066, 2618, 429, 571, 2244, 2290, 1380, 2387, 68, 2439, 1878, 3749, 4145, 3746, 4125, 1315, 2150, 4656, 348, 770, 3019, 2275, 587, 315, 4120, 36, 2855, 3651, 2566, 4293, 640, 1490, 4054, 4959, 1835, 2354, 3522, 4901, 1243, 1571, 3332, 652, 2068, 1808, 5156, 1114, 4716, 2121, 5117, 4747, 4593, 451, 3953, 2782, 2461, 5091, 4920, 4668, 3397, 5247, 1260, 297, 2704, 3504, 3203, 2900, 384, 157, 4868, 3488, 5245, 3173, 1647, 3273, 1192, 3908, 38, 3992, 749, 5294, 3848, 860, 2479, 2459, 867, 3218, 4838, 4482, 20, 1521, 1641, 122, 3118, 2063, 2400, 3519, 1063, 2035, 3442, 2890, 1763, 2119, 5400, 1961, 4854, 2292, 2772, 527, 4917, 4955, 2172, 1186, 4006, 1388, 4382, 4717, 2798, 831, 1206, 189, 5149, 4021, 507, 3599, 3197, 5148, 539, 2171, 2575, 1615, 4032, 2592, 5425, 350, 201, 2074, 3364, 3764, 2122, 3738, 1086, 4460, 400, 63, 1662, 286, 291, 693, 3484, 2629, 4674, 2334, 1913, 4762, 2824, 4767, 4750, 4965, 1785, 2069, 583, 1797, 5051, 4848, 2634, 1507, 4085, 5159, 3279, 3927, 4, 550, 5447, 207, 2799, 551, 5144, 2563, 146, 4989, 4400, 2113, 434, 27, 4129, 3768, 3668, 3459, 3091, 1215, 4091, 1681, 2872, 4014, 4194, 779, 4029, 3756, 4760, 2476, 1749, 4658, 4871, 4348, 2757, 646, 1897, 2195, 316, 716, 4208, 5383, 825, 5370, 3078, 3778, 1702, 3984, 3847, 1150, 4300, 649, 4808, 3775, 4935, 3159, 687, 1223, 946, 4538, 4535, 3077, 5359, 780, 477, 2524, 371, 5142, 3611, 62, 1069, 4193, 883, 4130, 4328, 622, 4974, 1436, 4519, 1762, 4238, 3012, 3554, 4026, 3342, 4182, 5410, 1407, 2736, 913, 4045, 182, 1382, 3625, 1351, 3839, 3583, 2938, 46, 829, 5326, 2230, 612, 5021, 3121, 1127, 3006, 1852, 329, 118, 3794, 4081, 72, 1330, 519, 1195, 2017, 1920, 314, 1129, 3544, 1000, 282, 4041, 2857, 324, 2210, 5283, 2272, 4438, 10, 5341, 4447, 5120, 4167, 1047, 742, 4222, 2916, 3377, 2533, 2707, 2819, 42, 3054, 703, 1519, 1891, 1740, 2997, 347, 5190, 3489, 4284, 833, 4467, 2603, 4198, 4987, 4303, 2483, 435, 4121, 2536, 3048, 2561, 4425, 3177, 2774, 5313, 5078, 1804, 2780, 317, 1372, 1842, 2517, 35, 4283, 3692, 794, 4047, 4496, 4319, 1623, 896, 4416, 3383, 2217, 2330, 2026, 2565, 890, 1423, 3773, 2941, 4926, 2977, 256, 2755, 3724, 1697, 3141, 3189, 2520, 402, 1159, 1593, 508, 1536, 2376, 2842, 691, 3596, 2321, 1576, 5411, 2201, 2532, 4138, 4631, 3815, 4657, 2905, 3472, 4518, 4823, 4810, 2892, 4073, 2806, 3715, 31, 2372, 1782, 2133, 1893, 3932, 4602, 3997, 1607, 1238, 4296, 1350, 4498, 4735, 1489, 4877, 845, 1630, 3469, 4143, 4002, 106, 2773, 2881, 287, 2062, 1757, 4230, 1627, 830, 563, 1196, 2460, 5333, 2472, 1067, 1377, 4844, 3515, 4552, 958, 4347, 1170, 1543, 3120, 2239, 28, 4909, 3026, 515, 3293, 1948, 4948, 76, 970, 840, 4011, 2675, 4050, 37, 108, 4651, 3319, 3660, 5160, 4768, 1911, 5345, 23, 4419, 1815, 447, 581, 4426, 893, 2756, 1864, 4418, 4444, 1411, 3446, 3278, 1618, 4786, 3998, 2055, 2795, 4841, 1599, 1044, 2418, 2206, 1394, 3409, 4428, 5301, 5139, 4504, 3974, 4123, 2414, 3527, 4244, 4985, 3310, 3975, 1318, 952, 4822, 3414, 2223, 1506, 627, 3094, 1236, 4642, 2481, 1629, 4509, 4265, 3829, 4149, 3249, 426, 3817, 2571, 3894, 4662, 744, 4561, 1926, 3576, 2655, 1714, 2072, 1559, 3358, 4741, 2526, 2896, 5132, 613, 4331, 1969, 1727, 1293, 871, 5264, 4669, 1505, 1095]",69,750,1,False,750
271,numeric,description,2,True,False,True,"{2: 151, 1: 172, 5: 122, 3: 154, 4: 141, 0: 10}","[4097, 1548, 5419, 4731, 3902, 3380, 4432, 3710, 3542, 3991, 4880, 2494, 2930, 1237, 5356, 235, 4127, 3911, 217, 3274, 932, 1468, 2624, 2837, 3687, 1483, 2116, 3691, 4885, 1822, 1115, 1952, 4887, 876, 2002, 4576, 3443, 5286, 2441, 4713, 121, 2388, 292, 5439, 83, 4206, 4866, 1120, 5436, 1558, 1312, 2596, 3921, 1887, 388, 2130, 1360, 1525, 4673, 4770, 3790, 1675, 2897, 556, 4577, 4946, 2628, 1915, 2862, 5186, 4722, 3211, 2127, 2225, 352, 1392, 1877, 2901, 1025, 4799, 1285, 2739, 5107, 4436, 415, 2864, 15, 2351, 4600, 2046, 3401, 650, 3938, 1545, 226, 4522, 992, 5069, 534, 18, 335, 3566, 3064, 2698, 989, 123, 1932, 4178, 3670, 4847, 1514, 2273, 1786, 574, 2856, 3256, 618, 4694, 5405, 4404, 2676, 3762, 5255, 3755, 2485, 5321, 536, 233, 3760, 1837, 4431, 3948, 5252, 3797, 1538, 13, 1387, 1886, 1994, 2954, 4108, 3432, 3881, 4477, 2919, 4613, 5175, 714, 1719, 4590, 3976, 3180, 2250, 2329, 3919, 5171, 3330, 2506, 3126, 3434, 223, 1272, 1304, 2738, 3311, 1290, 3073, 3199, 5388, 1989, 2828, 1431, 2509, 1643, 3373, 2821, 1188, 2859, 1955, 510, 1486, 595, 2764, 2793, 2298, 708, 1768, 5056, 5179, 4869, 2794, 2360, 4895, 1094, 5372, 2311, 2488, 1066, 2618, 429, 571, 2244, 2290, 1380, 2387, 68, 2439, 1878, 3749, 4145, 3746, 4125, 1315, 2150, 4656, 348, 770, 3019, 2275, 587, 315, 4120, 36, 2855, 3651, 2566, 4293, 640, 1490, 4054, 4959, 1835, 2354, 3522, 4901, 1243, 1571, 3332, 652, 2068, 1808, 5156, 1114, 4716, 2121, 5117, 4747, 4593, 451, 3953, 2782, 2461, 5091, 4920, 4668, 3397, 5247, 1260, 297, 2704, 3504, 3203, 2900, 384, 157, 4868, 3488, 5245, 3173, 1647, 3273, 1192, 3908, 38, 3992, 749, 5294, 3848, 860, 2479, 2459, 867, 3218, 4838, 4482, 20, 1521, 1641, 122, 3118, 2063, 2400, 3519, 1063, 2035, 3442, 2890, 1763, 2119, 5400, 1961, 4854, 2292, 2772, 527, 4917, 4955, 2172, 1186, 4006, 1388, 4382, 4717, 2798, 831, 1206, 189, 5149, 4021, 507, 3599, 3197, 5148, 539, 2171, 2575, 1615, 4032, 2592, 5425, 350, 201, 2074, 3364, 3764, 2122, 3738, 1086, 4460, 400, 63, 1662, 286, 291, 693, 3484, 2629, 4674, 2334, 1913, 4762, 2824, 4767, 4750, 4965, 1785, 2069, 583, 1797, 5051, 4848, 2634, 1507, 4085, 5159, 3279, 3927, 4, 550, 5447, 207, 2799, 551, 5144, 2563, 146, 4989, 4400, 2113, 434, 27, 4129, 3768, 3668, 3459, 3091, 1215, 4091, 1681, 2872, 4014, 4194, 779, 4029, 3756, 4760, 2476, 1749, 4658, 4871, 4348, 2757, 646, 1897, 2195, 316, 716, 4208, 5383, 825, 5370, 3078, 3778, 1702, 3984, 3847, 1150, 4300, 649, 4808, 3775, 4935, 3159, 687, 1223, 946, 4538, 4535, 3077, 5359, 780, 477, 2524, 371, 5142, 3611, 62, 1069, 4193, 883, 4130, 4328, 622, 4974, 1436, 4519, 1762, 4238, 3012, 3554, 4026, 3342, 4182, 5410, 1407, 2736, 913, 4045, 182, 1382, 3625, 1351, 3839, 3583, 2938, 46, 829, 5326, 2230, 612, 5021, 3121, 1127, 3006, 1852, 329, 118, 3794, 4081, 72, 1330, 519, 1195, 2017, 1920, 314, 1129, 3544, 1000, 282, 4041, 2857, 324, 2210, 5283, 2272, 4438, 10, 5341, 4447, 5120, 4167, 1047, 742, 4222, 2916, 3377, 2533, 2707, 2819, 42, 3054, 703, 1519, 1891, 1740, 2997, 347, 5190, 3489, 4284, 833, 4467, 2603, 4198, 4987, 4303, 2483, 435, 4121, 2536, 3048, 2561, 4425, 3177, 2774, 5313, 5078, 1804, 2780, 317, 1372, 1842, 2517, 35, 4283, 3692, 794, 4047, 4496, 4319, 1623, 896, 4416, 3383, 2217, 2330, 2026, 2565, 890, 1423, 3773, 2941, 4926, 2977, 256, 2755, 3724, 1697, 3141, 3189, 2520, 402, 1159, 1593, 508, 1536, 2376, 2842, 691, 3596, 2321, 1576, 5411, 2201, 2532, 4138, 4631, 3815, 4657, 2905, 3472, 4518, 4823, 4810, 2892, 4073, 2806, 3715, 31, 2372, 1782, 2133, 1893, 3932, 4602, 3997, 1607, 1238, 4296, 1350, 4498, 4735, 1489, 4877, 845, 1630, 3469, 4143, 4002, 106, 2773, 2881, 287, 2062, 1757, 4230, 1627, 830, 563, 1196, 2460, 5333, 2472, 1067, 1377, 4844, 3515, 4552, 958, 4347, 1170, 1543, 3120, 2239, 28, 4909, 3026, 515, 3293, 1948, 4948, 76, 970, 840, 4011, 2675, 4050, 37, 108, 4651, 3319, 3660, 5160, 4768, 1911, 5345, 23, 4419, 1815, 447, 581, 4426, 893, 2756, 1864, 4418, 4444, 1411, 3446, 3278, 1618, 4786, 3998, 2055, 2795, 4841, 1599, 1044, 2418, 2206, 1394, 3409, 4428, 5301, 5139, 4504, 3974, 4123, 2414, 3527, 4244, 4985, 3310, 3975, 1318, 952, 4822, 3414, 2223, 1506, 627, 3094, 1236, 4642, 2481, 1629, 4509, 4265, 3829, 4149, 3249, 426, 3817, 2571, 3894, 4662, 744, 4561, 1926, 3576, 2655, 1714, 2072, 1559, 3358, 4741, 2526, 2896, 5132, 613, 4331, 1969, 1727, 1293, 871, 5264, 4669, 1505, 1095]",271,750,1,False,750
145,numeric,entity,1,True,False,True,"{2: 151, 1: 172, 5: 122, 3: 154, 4: 141, 0: 10}","[4097, 1548, 5419, 4731, 3902, 3380, 4432, 3710, 3542, 3991, 4880, 2494, 2930, 1237, 5356, 235, 4127, 3911, 217, 3274, 932, 1468, 2624, 2837, 3687, 1483, 2116, 3691, 4885, 1822, 1115, 1952, 4887, 876, 2002, 4576, 3443, 5286, 2441, 4713, 121, 2388, 292, 5439, 83, 4206, 4866, 1120, 5436, 1558, 1312, 2596, 3921, 1887, 388, 2130, 1360, 1525, 4673, 4770, 3790, 1675, 2897, 556, 4577, 4946, 2628, 1915, 2862, 5186, 4722, 3211, 2127, 2225, 352, 1392, 1877, 2901, 1025, 4799, 1285, 2739, 5107, 4436, 415, 2864, 15, 2351, 4600, 2046, 3401, 650, 3938, 1545, 226, 4522, 992, 5069, 534, 18, 335, 3566, 3064, 2698, 989, 123, 1932, 4178, 3670, 4847, 1514, 2273, 1786, 574, 2856, 3256, 618, 4694, 5405, 4404, 2676, 3762, 5255, 3755, 2485, 5321, 536, 233, 3760, 1837, 4431, 3948, 5252, 3797, 1538, 13, 1387, 1886, 1994, 2954, 4108, 3432, 3881, 4477, 2919, 4613, 5175, 714, 1719, 4590, 3976, 3180, 2250, 2329, 3919, 5171, 3330, 2506, 3126, 3434, 223, 1272, 1304, 2738, 3311, 1290, 3073, 3199, 5388, 1989, 2828, 1431, 2509, 1643, 3373, 2821, 1188, 2859, 1955, 510, 1486, 595, 2764, 2793, 2298, 708, 1768, 5056, 5179, 4869, 2794, 2360, 4895, 1094, 5372, 2311, 2488, 1066, 2618, 429, 571, 2244, 2290, 1380, 2387, 68, 2439, 1878, 3749, 4145, 3746, 4125, 1315, 2150, 4656, 348, 770, 3019, 2275, 587, 315, 4120, 36, 2855, 3651, 2566, 4293, 640, 1490, 4054, 4959, 1835, 2354, 3522, 4901, 1243, 1571, 3332, 652, 2068, 1808, 5156, 1114, 4716, 2121, 5117, 4747, 4593, 451, 3953, 2782, 2461, 5091, 4920, 4668, 3397, 5247, 1260, 297, 2704, 3504, 3203, 2900, 384, 157, 4868, 3488, 5245, 3173, 1647, 3273, 1192, 3908, 38, 3992, 749, 5294, 3848, 860, 2479, 2459, 867, 3218, 4838, 4482, 20, 1521, 1641, 122, 3118, 2063, 2400, 3519, 1063, 2035, 3442, 2890, 1763, 2119, 5400, 1961, 4854, 2292, 2772, 527, 4917, 4955, 2172, 1186, 4006, 1388, 4382, 4717, 2798, 831, 1206, 189, 5149, 4021, 507, 3599, 3197, 5148, 539, 2171, 2575, 1615, 4032, 2592, 5425, 350, 201, 2074, 3364, 3764, 2122, 3738, 1086, 4460, 400, 63, 1662, 286, 291, 693, 3484, 2629, 4674, 2334, 1913, 4762, 2824, 4767, 4750, 4965, 1785, 2069, 583, 1797, 5051, 4848, 2634, 1507, 4085, 5159, 3279, 3927, 4, 550, 5447, 207, 2799, 551, 5144, 2563, 146, 4989, 4400, 2113, 434, 27, 4129, 3768, 3668, 3459, 3091, 1215, 4091, 1681, 2872, 4014, 4194, 779, 4029, 3756, 4760, 2476, 1749, 4658, 4871, 4348, 2757, 646, 1897, 2195, 316, 716, 4208, 5383, 825, 5370, 3078, 3778, 1702, 3984, 3847, 1150, 4300, 649, 4808, 3775, 4935, 3159, 687, 1223, 946, 4538, 4535, 3077, 5359, 780, 477, 2524, 371, 5142, 3611, 62, 1069, 4193, 883, 4130, 4328, 622, 4974, 1436, 4519, 1762, 4238, 3012, 3554, 4026, 3342, 4182, 5410, 1407, 2736, 913, 4045, 182, 1382, 3625, 1351, 3839, 3583, 2938, 46, 829, 5326, 2230, 612, 5021, 3121, 1127, 3006, 1852, 329, 118, 3794, 4081, 72, 1330, 519, 1195, 2017, 1920, 314, 1129, 3544, 1000, 282, 4041, 2857, 324, 2210, 5283, 2272, 4438, 10, 5341, 4447, 5120, 4167, 1047, 742, 4222, 2916, 3377, 2533, 2707, 2819, 42, 3054, 703, 1519, 1891, 1740, 2997, 347, 5190, 3489, 4284, 833, 4467, 2603, 4198, 4987, 4303, 2483, 435, 4121, 2536, 3048, 2561, 4425, 3177, 2774, 5313, 5078, 1804, 2780, 317, 1372, 1842, 2517, 35, 4283, 3692, 794, 4047, 4496, 4319, 1623, 896, 4416, 3383, 2217, 2330, 2026, 2565, 890, 1423, 3773, 2941, 4926, 2977, 256, 2755, 3724, 1697, 3141, 3189, 2520, 402, 1159, 1593, 508, 1536, 2376, 2842, 691, 3596, 2321, 1576, 5411, 2201, 2532, 4138, 4631, 3815, 4657, 2905, 3472, 4518, 4823, 4810, 2892, 4073, 2806, 3715, 31, 2372, 1782, 2133, 1893, 3932, 4602, 3997, 1607, 1238, 4296, 1350, 4498, 4735, 1489, 4877, 845, 1630, 3469, 4143, 4002, 106, 2773, 2881, 287, 2062, 1757, 4230, 1627, 830, 563, 1196, 2460, 5333, 2472, 1067, 1377, 4844, 3515, 4552, 958, 4347, 1170, 1543, 3120, 2239, 28, 4909, 3026, 515, 3293, 1948, 4948, 76, 970, 840, 4011, 2675, 4050, 37, 108, 4651, 3319, 3660, 5160, 4768, 1911, 5345, 23, 4419, 1815, 447, 581, 4426, 893, 2756, 1864, 4418, 4444, 1411, 3446, 3278, 1618, 4786, 3998, 2055, 2795, 4841, 1599, 1044, 2418, 2206, 1394, 3409, 4428, 5301, 5139, 4504, 3974, 4123, 2414, 3527, 4244, 4985, 3310, 3975, 1318, 952, 4822, 3414, 2223, 1506, 627, 3094, 1236, 4642, 2481, 1629, 4509, 4265, 3829, 4149, 3249, 426, 3817, 2571, 3894, 4662, 744, 4561, 1926, 3576, 2655, 1714, 2072, 1559, 3358, 4741, 2526, 2896, 5132, 613, 4331, 1969, 1727, 1293, 871, 5264, 4669, 1505, 1095]",145,750,1,False,750
379,description,description,2,True,True,True,"{2: 151, 1: 172, 5: 122, 3: 154, 4: 141, 0: 10}","[4097, 1548, 5419, 4731, 3902, 3380, 4432, 3710, 3542, 3991, 4880, 2494, 2930, 1237, 5356, 235, 4127, 3911, 217, 3274, 932, 1468, 2624, 2837, 3687, 1483, 2116, 3691, 4885, 1822, 1115, 1952, 4887, 876, 2002, 4576, 3443, 5286, 2441, 4713, 121, 2388, 292, 5439, 83, 4206, 4866, 1120, 5436, 1558, 1312, 2596, 3921, 1887, 388, 2130, 1360, 1525, 4673, 4770, 3790, 1675, 2897, 556, 4577, 4946, 2628, 1915, 2862, 5186, 4722, 3211, 2127, 2225, 352, 1392, 1877, 2901, 1025, 4799, 1285, 2739, 5107, 4436, 415, 2864, 15, 2351, 4600, 2046, 3401, 650, 3938, 1545, 226, 4522, 992, 5069, 534, 18, 335, 3566, 3064, 2698, 989, 123, 1932, 4178, 3670, 4847, 1514, 2273, 1786, 574, 2856, 3256, 618, 4694, 5405, 4404, 2676, 3762, 5255, 3755, 2485, 5321, 536, 233, 3760, 1837, 4431, 3948, 5252, 3797, 1538, 13, 1387, 1886, 1994, 2954, 4108, 3432, 3881, 4477, 2919, 4613, 5175, 714, 1719, 4590, 3976, 3180, 2250, 2329, 3919, 5171, 3330, 2506, 3126, 3434, 223, 1272, 1304, 2738, 3311, 1290, 3073, 3199, 5388, 1989, 2828, 1431, 2509, 1643, 3373, 2821, 1188, 2859, 1955, 510, 1486, 595, 2764, 2793, 2298, 708, 1768, 5056, 5179, 4869, 2794, 2360, 4895, 1094, 5372, 2311, 2488, 1066, 2618, 429, 571, 2244, 2290, 1380, 2387, 68, 2439, 1878, 3749, 4145, 3746, 4125, 1315, 2150, 4656, 348, 770, 3019, 2275, 587, 315, 4120, 36, 2855, 3651, 2566, 4293, 640, 1490, 4054, 4959, 1835, 2354, 3522, 4901, 1243, 1571, 3332, 652, 2068, 1808, 5156, 1114, 4716, 2121, 5117, 4747, 4593, 451, 3953, 2782, 2461, 5091, 4920, 4668, 3397, 5247, 1260, 297, 2704, 3504, 3203, 2900, 384, 157, 4868, 3488, 5245, 3173, 1647, 3273, 1192, 3908, 38, 3992, 749, 5294, 3848, 860, 2479, 2459, 867, 3218, 4838, 4482, 20, 1521, 1641, 122, 3118, 2063, 2400, 3519, 1063, 2035, 3442, 2890, 1763, 2119, 5400, 1961, 4854, 2292, 2772, 527, 4917, 4955, 2172, 1186, 4006, 1388, 4382, 4717, 2798, 831, 1206, 189, 5149, 4021, 507, 3599, 3197, 5148, 539, 2171, 2575, 1615, 4032, 2592, 5425, 350, 201, 2074, 3364, 3764, 2122, 3738, 1086, 4460, 400, 63, 1662, 286, 291, 693, 3484, 2629, 4674, 2334, 1913, 4762, 2824, 4767, 4750, 4965, 1785, 2069, 583, 1797, 5051, 4848, 2634, 1507, 4085, 5159, 3279, 3927, 4, 550, 5447, 207, 2799, 551, 5144, 2563, 146, 4989, 4400, 2113, 434, 27, 4129, 3768, 3668, 3459, 3091, 1215, 4091, 1681, 2872, 4014, 4194, 779, 4029, 3756, 4760, 2476, 1749, 4658, 4871, 4348, 2757, 646, 1897, 2195, 316, 716, 4208, 5383, 825, 5370, 3078, 3778, 1702, 3984, 3847, 1150, 4300, 649, 4808, 3775, 4935, 3159, 687, 1223, 946, 4538, 4535, 3077, 5359, 780, 477, 2524, 371, 5142, 3611, 62, 1069, 4193, 883, 4130, 4328, 622, 4974, 1436, 4519, 1762, 4238, 3012, 3554, 4026, 3342, 4182, 5410, 1407, 2736, 913, 4045, 182, 1382, 3625, 1351, 3839, 3583, 2938, 46, 829, 5326, 2230, 612, 5021, 3121, 1127, 3006, 1852, 329, 118, 3794, 4081, 72, 1330, 519, 1195, 2017, 1920, 314, 1129, 3544, 1000, 282, 4041, 2857, 324, 2210, 5283, 2272, 4438, 10, 5341, 4447, 5120, 4167, 1047, 742, 4222, 2916, 3377, 2533, 2707, 2819, 42, 3054, 703, 1519, 1891, 1740, 2997, 347, 5190, 3489, 4284, 833, 4467, 2603, 4198, 4987, 4303, 2483, 435, 4121, 2536, 3048, 2561, 4425, 3177, 2774, 5313, 5078, 1804, 2780, 317, 1372, 1842, 2517, 35, 4283, 3692, 794, 4047, 4496, 4319, 1623, 896, 4416, 3383, 2217, 2330, 2026, 2565, 890, 1423, 3773, 2941, 4926, 2977, 256, 2755, 3724, 1697, 3141, 3189, 2520, 402, 1159, 1593, 508, 1536, 2376, 2842, 691, 3596, 2321, 1576, 5411, 2201, 2532, 4138, 4631, 3815, 4657, 2905, 3472, 4518, 4823, 4810, 2892, 4073, 2806, 3715, 31, 2372, 1782, 2133, 1893, 3932, 4602, 3997, 1607, 1238, 4296, 1350, 4498, 4735, 1489, 4877, 845, 1630, 3469, 4143, 4002, 106, 2773, 2881, 287, 2062, 1757, 4230, 1627, 830, 563, 1196, 2460, 5333, 2472, 1067, 1377, 4844, 3515, 4552, 958, 4347, 1170, 1543, 3120, 2239, 28, 4909, 3026, 515, 3293, 1948, 4948, 76, 970, 840, 4011, 2675, 4050, 37, 108, 4651, 3319, 3660, 5160, 4768, 1911, 5345, 23, 4419, 1815, 447, 581, 4426, 893, 2756, 1864, 4418, 4444, 1411, 3446, 3278, 1618, 4786, 3998, 2055, 2795, 4841, 1599, 1044, 2418, 2206, 1394, 3409, 4428, 5301, 5139, 4504, 3974, 4123, 2414, 3527, 4244, 4985, 3310, 3975, 1318, 952, 4822, 3414, 2223, 1506, 627, 3094, 1236, 4642, 2481, 1629, 4509, 4265, 3829, 4149, 3249, 426, 3817, 2571, 3894, 4662, 744, 4561, 1926, 3576, 2655, 1714, 2072, 1559, 3358, 4741, 2526, 2896, 5132, 613, 4331, 1969, 1727, 1293, 871, 5264, 4669, 1505, 1095]",379,750,1,False,750
398,numeric,numeric,5,True,True,True,"{2: 151, 1: 172, 5: 122, 3: 154, 4: 141, 0: 10}","[4097, 1548, 5419, 4731, 3902, 3380, 4432, 3710, 3542, 3991, 4880, 2494, 2930, 1237, 5356, 235, 4127, 3911, 217, 3274, 932, 1468, 2624, 2837, 3687, 1483, 2116, 3691, 4885, 1822, 1115, 1952, 4887, 876, 2002, 4576, 3443, 5286, 2441, 4713, 121, 2388, 292, 5439, 83, 4206, 4866, 1120, 5436, 1558, 1312, 2596, 3921, 1887, 388, 2130, 1360, 1525, 4673, 4770, 3790, 1675, 2897, 556, 4577, 4946, 2628, 1915, 2862, 5186, 4722, 3211, 2127, 2225, 352, 1392, 1877, 2901, 1025, 4799, 1285, 2739, 5107, 4436, 415, 2864, 15, 2351, 4600, 2046, 3401, 650, 3938, 1545, 226, 4522, 992, 5069, 534, 18, 335, 3566, 3064, 2698, 989, 123, 1932, 4178, 3670, 4847, 1514, 2273, 1786, 574, 2856, 3256, 618, 4694, 5405, 4404, 2676, 3762, 5255, 3755, 2485, 5321, 536, 233, 3760, 1837, 4431, 3948, 5252, 3797, 1538, 13, 1387, 1886, 1994, 2954, 4108, 3432, 3881, 4477, 2919, 4613, 5175, 714, 1719, 4590, 3976, 3180, 2250, 2329, 3919, 5171, 3330, 2506, 3126, 3434, 223, 1272, 1304, 2738, 3311, 1290, 3073, 3199, 5388, 1989, 2828, 1431, 2509, 1643, 3373, 2821, 1188, 2859, 1955, 510, 1486, 595, 2764, 2793, 2298, 708, 1768, 5056, 5179, 4869, 2794, 2360, 4895, 1094, 5372, 2311, 2488, 1066, 2618, 429, 571, 2244, 2290, 1380, 2387, 68, 2439, 1878, 3749, 4145, 3746, 4125, 1315, 2150, 4656, 348, 770, 3019, 2275, 587, 315, 4120, 36, 2855, 3651, 2566, 4293, 640, 1490, 4054, 4959, 1835, 2354, 3522, 4901, 1243, 1571, 3332, 652, 2068, 1808, 5156, 1114, 4716, 2121, 5117, 4747, 4593, 451, 3953, 2782, 2461, 5091, 4920, 4668, 3397, 5247, 1260, 297, 2704, 3504, 3203, 2900, 384, 157, 4868, 3488, 5245, 3173, 1647, 3273, 1192, 3908, 38, 3992, 749, 5294, 3848, 860, 2479, 2459, 867, 3218, 4838, 4482, 20, 1521, 1641, 122, 3118, 2063, 2400, 3519, 1063, 2035, 3442, 2890, 1763, 2119, 5400, 1961, 4854, 2292, 2772, 527, 4917, 4955, 2172, 1186, 4006, 1388, 4382, 4717, 2798, 831, 1206, 189, 5149, 4021, 507, 3599, 3197, 5148, 539, 2171, 2575, 1615, 4032, 2592, 5425, 350, 201, 2074, 3364, 3764, 2122, 3738, 1086, 4460, 400, 63, 1662, 286, 291, 693, 3484, 2629, 4674, 2334, 1913, 4762, 2824, 4767, 4750, 4965, 1785, 2069, 583, 1797, 5051, 4848, 2634, 1507, 4085, 5159, 3279, 3927, 4, 550, 5447, 207, 2799, 551, 5144, 2563, 146, 4989, 4400, 2113, 434, 27, 4129, 3768, 3668, 3459, 3091, 1215, 4091, 1681, 2872, 4014, 4194, 779, 4029, 3756, 4760, 2476, 1749, 4658, 4871, 4348, 2757, 646, 1897, 2195, 316, 716, 4208, 5383, 825, 5370, 3078, 3778, 1702, 3984, 3847, 1150, 4300, 649, 4808, 3775, 4935, 3159, 687, 1223, 946, 4538, 4535, 3077, 5359, 780, 477, 2524, 371, 5142, 3611, 62, 1069, 4193, 883, 4130, 4328, 622, 4974, 1436, 4519, 1762, 4238, 3012, 3554, 4026, 3342, 4182, 5410, 1407, 2736, 913, 4045, 182, 1382, 3625, 1351, 3839, 3583, 2938, 46, 829, 5326, 2230, 612, 5021, 3121, 1127, 3006, 1852, 329, 118, 3794, 4081, 72, 1330, 519, 1195, 2017, 1920, 314, 1129, 3544, 1000, 282, 4041, 2857, 324, 2210, 5283, 2272, 4438, 10, 5341, 4447, 5120, 4167, 1047, 742, 4222, 2916, 3377, 2533, 2707, 2819, 42, 3054, 703, 1519, 1891, 1740, 2997, 347, 5190, 3489, 4284, 833, 4467, 2603, 4198, 4987, 4303, 2483, 435, 4121, 2536, 3048, 2561, 4425, 3177, 2774, 5313, 5078, 1804, 2780, 317, 1372, 1842, 2517, 35, 4283, 3692, 794, 4047, 4496, 4319, 1623, 896, 4416, 3383, 2217, 2330, 2026, 2565, 890, 1423, 3773, 2941, 4926, 2977, 256, 2755, 3724, 1697, 3141, 3189, 2520, 402, 1159, 1593, 508, 1536, 2376, 2842, 691, 3596, 2321, 1576, 5411, 2201, 2532, 4138, 4631, 3815, 4657, 2905, 3472, 4518, 4823, 4810, 2892, 4073, 2806, 3715, 31, 2372, 1782, 2133, 1893, 3932, 4602, 3997, 1607, 1238, 4296, 1350, 4498, 4735, 1489, 4877, 845, 1630, 3469, 4143, 4002, 106, 2773, 2881, 287, 2062, 1757, 4230, 1627, 830, 563, 1196, 2460, 5333, 2472, 1067, 1377, 4844, 3515, 4552, 958, 4347, 1170, 1543, 3120, 2239, 28, 4909, 3026, 515, 3293, 1948, 4948, 76, 970, 840, 4011, 2675, 4050, 37, 108, 4651, 3319, 3660, 5160, 4768, 1911, 5345, 23, 4419, 1815, 447, 581, 4426, 893, 2756, 1864, 4418, 4444, 1411, 3446, 3278, 1618, 4786, 3998, 2055, 2795, 4841, 1599, 1044, 2418, 2206, 1394, 3409, 4428, 5301, 5139, 4504, 3974, 4123, 2414, 3527, 4244, 4985, 3310, 3975, 1318, 952, 4822, 3414, 2223, 1506, 627, 3094, 1236, 4642, 2481, 1629, 4509, 4265, 3829, 4149, 3249, 426, 3817, 2571, 3894, 4662, 744, 4561, 1926, 3576, 2655, 1714, 2072, 1559, 3358, 4741, 2526, 2896, 5132, 613, 4331, 1969, 1727, 1293, 871, 5264, 4669, 1505, 1095]",398,750,1,False,750
38,numeric,numeric,5,True,True,True,"{2: 151, 1: 172, 5: 122, 3: 154, 4: 141, 0: 10}","[4097, 1548, 5419, 4731, 3902, 3380, 4432, 3710, 3542, 3991, 4880, 2494, 2930, 1237, 5356, 235, 4127, 3911, 217, 3274, 932, 1468, 2624, 2837, 3687, 1483, 2116, 3691, 4885, 1822, 1115, 1952, 4887, 876, 2002, 4576, 3443, 5286, 2441, 4713, 121, 2388, 292, 5439, 83, 4206, 4866, 1120, 5436, 1558, 1312, 2596, 3921, 1887, 388, 2130, 1360, 1525, 4673, 4770, 3790, 1675, 2897, 556, 4577, 4946, 2628, 1915, 2862, 5186, 4722, 3211, 2127, 2225, 352, 1392, 1877, 2901, 1025, 4799, 1285, 2739, 5107, 4436, 415, 2864, 15, 2351, 4600, 2046, 3401, 650, 3938, 1545, 226, 4522, 992, 5069, 534, 18, 335, 3566, 3064, 2698, 989, 123, 1932, 4178, 3670, 4847, 1514, 2273, 1786, 574, 2856, 3256, 618, 4694, 5405, 4404, 2676, 3762, 5255, 3755, 2485, 5321, 536, 233, 3760, 1837, 4431, 3948, 5252, 3797, 1538, 13, 1387, 1886, 1994, 2954, 4108, 3432, 3881, 4477, 2919, 4613, 5175, 714, 1719, 4590, 3976, 3180, 2250, 2329, 3919, 5171, 3330, 2506, 3126, 3434, 223, 1272, 1304, 2738, 3311, 1290, 3073, 3199, 5388, 1989, 2828, 1431, 2509, 1643, 3373, 2821, 1188, 2859, 1955, 510, 1486, 595, 2764, 2793, 2298, 708, 1768, 5056, 5179, 4869, 2794, 2360, 4895, 1094, 5372, 2311, 2488, 1066, 2618, 429, 571, 2244, 2290, 1380, 2387, 68, 2439, 1878, 3749, 4145, 3746, 4125, 1315, 2150, 4656, 348, 770, 3019, 2275, 587, 315, 4120, 36, 2855, 3651, 2566, 4293, 640, 1490, 4054, 4959, 1835, 2354, 3522, 4901, 1243, 1571, 3332, 652, 2068, 1808, 5156, 1114, 4716, 2121, 5117, 4747, 4593, 451, 3953, 2782, 2461, 5091, 4920, 4668, 3397, 5247, 1260, 297, 2704, 3504, 3203, 2900, 384, 157, 4868, 3488, 5245, 3173, 1647, 3273, 1192, 3908, 38, 3992, 749, 5294, 3848, 860, 2479, 2459, 867, 3218, 4838, 4482, 20, 1521, 1641, 122, 3118, 2063, 2400, 3519, 1063, 2035, 3442, 2890, 1763, 2119, 5400, 1961, 4854, 2292, 2772, 527, 4917, 4955, 2172, 1186, 4006, 1388, 4382, 4717, 2798, 831, 1206, 189, 5149, 4021, 507, 3599, 3197, 5148, 539, 2171, 2575, 1615, 4032, 2592, 5425, 350, 201, 2074, 3364, 3764, 2122, 3738, 1086, 4460, 400, 63, 1662, 286, 291, 693, 3484, 2629, 4674, 2334, 1913, 4762, 2824, 4767, 4750, 4965, 1785, 2069, 583, 1797, 5051, 4848, 2634, 1507, 4085, 5159, 3279, 3927, 4, 550, 5447, 207, 2799, 551, 5144, 2563, 146, 4989, 4400, 2113, 434, 27, 4129, 3768, 3668, 3459, 3091, 1215, 4091, 1681, 2872, 4014, 4194, 779, 4029, 3756, 4760, 2476, 1749, 4658, 4871, 4348, 2757, 646, 1897, 2195, 316, 716, 4208, 5383, 825, 5370, 3078, 3778, 1702, 3984, 3847, 1150, 4300, 649, 4808, 3775, 4935, 3159, 687, 1223, 946, 4538, 4535, 3077, 5359, 780, 477, 2524, 371, 5142, 3611, 62, 1069, 4193, 883, 4130, 4328, 622, 4974, 1436, 4519, 1762, 4238, 3012, 3554, 4026, 3342, 4182, 5410, 1407, 2736, 913, 4045, 182, 1382, 3625, 1351, 3839, 3583, 2938, 46, 829, 5326, 2230, 612, 5021, 3121, 1127, 3006, 1852, 329, 118, 3794, 4081, 72, 1330, 519, 1195, 2017, 1920, 314, 1129, 3544, 1000, 282, 4041, 2857, 324, 2210, 5283, 2272, 4438, 10, 5341, 4447, 5120, 4167, 1047, 742, 4222, 2916, 3377, 2533, 2707, 2819, 42, 3054, 703, 1519, 1891, 1740, 2997, 347, 5190, 3489, 4284, 833, 4467, 2603, 4198, 4987, 4303, 2483, 435, 4121, 2536, 3048, 2561, 4425, 3177, 2774, 5313, 5078, 1804, 2780, 317, 1372, 1842, 2517, 35, 4283, 3692, 794, 4047, 4496, 4319, 1623, 896, 4416, 3383, 2217, 2330, 2026, 2565, 890, 1423, 3773, 2941, 4926, 2977, 256, 2755, 3724, 1697, 3141, 3189, 2520, 402, 1159, 1593, 508, 1536, 2376, 2842, 691, 3596, 2321, 1576, 5411, 2201, 2532, 4138, 4631, 3815, 4657, 2905, 3472, 4518, 4823, 4810, 2892, 4073, 2806, 3715, 31, 2372, 1782, 2133, 1893, 3932, 4602, 3997, 1607, 1238, 4296, 1350, 4498, 4735, 1489, 4877, 845, 1630, 3469, 4143, 4002, 106, 2773, 2881, 287, 2062, 1757, 4230, 1627, 830, 563, 1196, 2460, 5333, 2472, 1067, 1377, 4844, 3515, 4552, 958, 4347, 1170, 1543, 3120, 2239, 28, 4909, 3026, 515, 3293, 1948, 4948, 76, 970, 840, 4011, 2675, 4050, 37, 108, 4651, 3319, 3660, 5160, 4768, 1911, 5345, 23, 4419, 1815, 447, 581, 4426, 893, 2756, 1864, 4418, 4444, 1411, 3446, 3278, 1618, 4786, 3998, 2055, 2795, 4841, 1599, 1044, 2418, 2206, 1394, 3409, 4428, 5301, 5139, 4504, 3974, 4123, 2414, 3527, 4244, 4985, 3310, 3975, 1318, 952, 4822, 3414, 2223, 1506, 627, 3094, 1236, 4642, 2481, 1629, 4509, 4265, 3829, 4149, 3249, 426, 3817, 2571, 3894, 4662, 744, 4561, 1926, 3576, 2655, 1714, 2072, 1559, 3358, 4741, 2526, 2896, 5132, 613, 4331, 1969, 1727, 1293, 871, 5264, 4669, 1505, 1095]",38,750,1,False,750
20,human,human,3,True,True,True,"{2: 151, 1: 172, 5: 122, 3: 154, 4: 141, 0: 10}","[4097, 1548, 5419, 4731, 3902, 3380, 4432, 3710, 3542, 3991, 4880, 2494, 2930, 1237, 5356, 235, 4127, 3911, 217, 3274, 932, 1468, 2624, 2837, 3687, 1483, 2116, 3691, 4885, 1822, 1115, 1952, 4887, 876, 2002, 4576, 3443, 5286, 2441, 4713, 121, 2388, 292, 5439, 83, 4206, 4866, 1120, 5436, 1558, 1312, 2596, 3921, 1887, 388, 2130, 1360, 1525, 4673, 4770, 3790, 1675, 2897, 556, 4577, 4946, 2628, 1915, 2862, 5186, 4722, 3211, 2127, 2225, 352, 1392, 1877, 2901, 1025, 4799, 1285, 2739, 5107, 4436, 415, 2864, 15, 2351, 4600, 2046, 3401, 650, 3938, 1545, 226, 4522, 992, 5069, 534, 18, 335, 3566, 3064, 2698, 989, 123, 1932, 4178, 3670, 4847, 1514, 2273, 1786, 574, 2856, 3256, 618, 4694, 5405, 4404, 2676, 3762, 5255, 3755, 2485, 5321, 536, 233, 3760, 1837, 4431, 3948, 5252, 3797, 1538, 13, 1387, 1886, 1994, 2954, 4108, 3432, 3881, 4477, 2919, 4613, 5175, 714, 1719, 4590, 3976, 3180, 2250, 2329, 3919, 5171, 3330, 2506, 3126, 3434, 223, 1272, 1304, 2738, 3311, 1290, 3073, 3199, 5388, 1989, 2828, 1431, 2509, 1643, 3373, 2821, 1188, 2859, 1955, 510, 1486, 595, 2764, 2793, 2298, 708, 1768, 5056, 5179, 4869, 2794, 2360, 4895, 1094, 5372, 2311, 2488, 1066, 2618, 429, 571, 2244, 2290, 1380, 2387, 68, 2439, 1878, 3749, 4145, 3746, 4125, 1315, 2150, 4656, 348, 770, 3019, 2275, 587, 315, 4120, 36, 2855, 3651, 2566, 4293, 640, 1490, 4054, 4959, 1835, 2354, 3522, 4901, 1243, 1571, 3332, 652, 2068, 1808, 5156, 1114, 4716, 2121, 5117, 4747, 4593, 451, 3953, 2782, 2461, 5091, 4920, 4668, 3397, 5247, 1260, 297, 2704, 3504, 3203, 2900, 384, 157, 4868, 3488, 5245, 3173, 1647, 3273, 1192, 3908, 38, 3992, 749, 5294, 3848, 860, 2479, 2459, 867, 3218, 4838, 4482, 20, 1521, 1641, 122, 3118, 2063, 2400, 3519, 1063, 2035, 3442, 2890, 1763, 2119, 5400, 1961, 4854, 2292, 2772, 527, 4917, 4955, 2172, 1186, 4006, 1388, 4382, 4717, 2798, 831, 1206, 189, 5149, 4021, 507, 3599, 3197, 5148, 539, 2171, 2575, 1615, 4032, 2592, 5425, 350, 201, 2074, 3364, 3764, 2122, 3738, 1086, 4460, 400, 63, 1662, 286, 291, 693, 3484, 2629, 4674, 2334, 1913, 4762, 2824, 4767, 4750, 4965, 1785, 2069, 583, 1797, 5051, 4848, 2634, 1507, 4085, 5159, 3279, 3927, 4, 550, 5447, 207, 2799, 551, 5144, 2563, 146, 4989, 4400, 2113, 434, 27, 4129, 3768, 3668, 3459, 3091, 1215, 4091, 1681, 2872, 4014, 4194, 779, 4029, 3756, 4760, 2476, 1749, 4658, 4871, 4348, 2757, 646, 1897, 2195, 316, 716, 4208, 5383, 825, 5370, 3078, 3778, 1702, 3984, 3847, 1150, 4300, 649, 4808, 3775, 4935, 3159, 687, 1223, 946, 4538, 4535, 3077, 5359, 780, 477, 2524, 371, 5142, 3611, 62, 1069, 4193, 883, 4130, 4328, 622, 4974, 1436, 4519, 1762, 4238, 3012, 3554, 4026, 3342, 4182, 5410, 1407, 2736, 913, 4045, 182, 1382, 3625, 1351, 3839, 3583, 2938, 46, 829, 5326, 2230, 612, 5021, 3121, 1127, 3006, 1852, 329, 118, 3794, 4081, 72, 1330, 519, 1195, 2017, 1920, 314, 1129, 3544, 1000, 282, 4041, 2857, 324, 2210, 5283, 2272, 4438, 10, 5341, 4447, 5120, 4167, 1047, 742, 4222, 2916, 3377, 2533, 2707, 2819, 42, 3054, 703, 1519, 1891, 1740, 2997, 347, 5190, 3489, 4284, 833, 4467, 2603, 4198, 4987, 4303, 2483, 435, 4121, 2536, 3048, 2561, 4425, 3177, 2774, 5313, 5078, 1804, 2780, 317, 1372, 1842, 2517, 35, 4283, 3692, 794, 4047, 4496, 4319, 1623, 896, 4416, 3383, 2217, 2330, 2026, 2565, 890, 1423, 3773, 2941, 4926, 2977, 256, 2755, 3724, 1697, 3141, 3189, 2520, 402, 1159, 1593, 508, 1536, 2376, 2842, 691, 3596, 2321, 1576, 5411, 2201, 2532, 4138, 4631, 3815, 4657, 2905, 3472, 4518, 4823, 4810, 2892, 4073, 2806, 3715, 31, 2372, 1782, 2133, 1893, 3932, 4602, 3997, 1607, 1238, 4296, 1350, 4498, 4735, 1489, 4877, 845, 1630, 3469, 4143, 4002, 106, 2773, 2881, 287, 2062, 1757, 4230, 1627, 830, 563, 1196, 2460, 5333, 2472, 1067, 1377, 4844, 3515, 4552, 958, 4347, 1170, 1543, 3120, 2239, 28, 4909, 3026, 515, 3293, 1948, 4948, 76, 970, 840, 4011, 2675, 4050, 37, 108, 4651, 3319, 3660, 5160, 4768, 1911, 5345, 23, 4419, 1815, 447, 581, 4426, 893, 2756, 1864, 4418, 4444, 1411, 3446, 3278, 1618, 4786, 3998, 2055, 2795, 4841, 1599, 1044, 2418, 2206, 1394, 3409, 4428, 5301, 5139, 4504, 3974, 4123, 2414, 3527, 4244, 4985, 3310, 3975, 1318, 952, 4822, 3414, 2223, 1506, 627, 3094, 1236, 4642, 2481, 1629, 4509, 4265, 3829, 4149, 3249, 426, 3817, 2571, 3894, 4662, 744, 4561, 1926, 3576, 2655, 1714, 2072, 1559, 3358, 4741, 2526, 2896, 5132, 613, 4331, 1969, 1727, 1293, 871, 5264, 4669, 1505, 1095]",20,750,1,False,750
160,numeric,description,2,True,False,True,"{2: 151, 1: 172, 5: 122, 3: 154, 4: 141, 0: 10}","[4097, 1548, 5419, 4731, 3902, 3380, 4432, 3710, 3542, 3991, 4880, 2494, 2930, 1237, 5356, 235, 4127, 3911, 217, 3274, 932, 1468, 2624, 2837, 3687, 1483, 2116, 3691, 4885, 1822, 1115, 1952, 4887, 876, 2002, 4576, 3443, 5286, 2441, 4713, 121, 2388, 292, 5439, 83, 4206, 4866, 1120, 5436, 1558, 1312, 2596, 3921, 1887, 388, 2130, 1360, 1525, 4673, 4770, 3790, 1675, 2897, 556, 4577, 4946, 2628, 1915, 2862, 5186, 4722, 3211, 2127, 2225, 352, 1392, 1877, 2901, 1025, 4799, 1285, 2739, 5107, 4436, 415, 2864, 15, 2351, 4600, 2046, 3401, 650, 3938, 1545, 226, 4522, 992, 5069, 534, 18, 335, 3566, 3064, 2698, 989, 123, 1932, 4178, 3670, 4847, 1514, 2273, 1786, 574, 2856, 3256, 618, 4694, 5405, 4404, 2676, 3762, 5255, 3755, 2485, 5321, 536, 233, 3760, 1837, 4431, 3948, 5252, 3797, 1538, 13, 1387, 1886, 1994, 2954, 4108, 3432, 3881, 4477, 2919, 4613, 5175, 714, 1719, 4590, 3976, 3180, 2250, 2329, 3919, 5171, 3330, 2506, 3126, 3434, 223, 1272, 1304, 2738, 3311, 1290, 3073, 3199, 5388, 1989, 2828, 1431, 2509, 1643, 3373, 2821, 1188, 2859, 1955, 510, 1486, 595, 2764, 2793, 2298, 708, 1768, 5056, 5179, 4869, 2794, 2360, 4895, 1094, 5372, 2311, 2488, 1066, 2618, 429, 571, 2244, 2290, 1380, 2387, 68, 2439, 1878, 3749, 4145, 3746, 4125, 1315, 2150, 4656, 348, 770, 3019, 2275, 587, 315, 4120, 36, 2855, 3651, 2566, 4293, 640, 1490, 4054, 4959, 1835, 2354, 3522, 4901, 1243, 1571, 3332, 652, 2068, 1808, 5156, 1114, 4716, 2121, 5117, 4747, 4593, 451, 3953, 2782, 2461, 5091, 4920, 4668, 3397, 5247, 1260, 297, 2704, 3504, 3203, 2900, 384, 157, 4868, 3488, 5245, 3173, 1647, 3273, 1192, 3908, 38, 3992, 749, 5294, 3848, 860, 2479, 2459, 867, 3218, 4838, 4482, 20, 1521, 1641, 122, 3118, 2063, 2400, 3519, 1063, 2035, 3442, 2890, 1763, 2119, 5400, 1961, 4854, 2292, 2772, 527, 4917, 4955, 2172, 1186, 4006, 1388, 4382, 4717, 2798, 831, 1206, 189, 5149, 4021, 507, 3599, 3197, 5148, 539, 2171, 2575, 1615, 4032, 2592, 5425, 350, 201, 2074, 3364, 3764, 2122, 3738, 1086, 4460, 400, 63, 1662, 286, 291, 693, 3484, 2629, 4674, 2334, 1913, 4762, 2824, 4767, 4750, 4965, 1785, 2069, 583, 1797, 5051, 4848, 2634, 1507, 4085, 5159, 3279, 3927, 4, 550, 5447, 207, 2799, 551, 5144, 2563, 146, 4989, 4400, 2113, 434, 27, 4129, 3768, 3668, 3459, 3091, 1215, 4091, 1681, 2872, 4014, 4194, 779, 4029, 3756, 4760, 2476, 1749, 4658, 4871, 4348, 2757, 646, 1897, 2195, 316, 716, 4208, 5383, 825, 5370, 3078, 3778, 1702, 3984, 3847, 1150, 4300, 649, 4808, 3775, 4935, 3159, 687, 1223, 946, 4538, 4535, 3077, 5359, 780, 477, 2524, 371, 5142, 3611, 62, 1069, 4193, 883, 4130, 4328, 622, 4974, 1436, 4519, 1762, 4238, 3012, 3554, 4026, 3342, 4182, 5410, 1407, 2736, 913, 4045, 182, 1382, 3625, 1351, 3839, 3583, 2938, 46, 829, 5326, 2230, 612, 5021, 3121, 1127, 3006, 1852, 329, 118, 3794, 4081, 72, 1330, 519, 1195, 2017, 1920, 314, 1129, 3544, 1000, 282, 4041, 2857, 324, 2210, 5283, 2272, 4438, 10, 5341, 4447, 5120, 4167, 1047, 742, 4222, 2916, 3377, 2533, 2707, 2819, 42, 3054, 703, 1519, 1891, 1740, 2997, 347, 5190, 3489, 4284, 833, 4467, 2603, 4198, 4987, 4303, 2483, 435, 4121, 2536, 3048, 2561, 4425, 3177, 2774, 5313, 5078, 1804, 2780, 317, 1372, 1842, 2517, 35, 4283, 3692, 794, 4047, 4496, 4319, 1623, 896, 4416, 3383, 2217, 2330, 2026, 2565, 890, 1423, 3773, 2941, 4926, 2977, 256, 2755, 3724, 1697, 3141, 3189, 2520, 402, 1159, 1593, 508, 1536, 2376, 2842, 691, 3596, 2321, 1576, 5411, 2201, 2532, 4138, 4631, 3815, 4657, 2905, 3472, 4518, 4823, 4810, 2892, 4073, 2806, 3715, 31, 2372, 1782, 2133, 1893, 3932, 4602, 3997, 1607, 1238, 4296, 1350, 4498, 4735, 1489, 4877, 845, 1630, 3469, 4143, 4002, 106, 2773, 2881, 287, 2062, 1757, 4230, 1627, 830, 563, 1196, 2460, 5333, 2472, 1067, 1377, 4844, 3515, 4552, 958, 4347, 1170, 1543, 3120, 2239, 28, 4909, 3026, 515, 3293, 1948, 4948, 76, 970, 840, 4011, 2675, 4050, 37, 108, 4651, 3319, 3660, 5160, 4768, 1911, 5345, 23, 4419, 1815, 447, 581, 4426, 893, 2756, 1864, 4418, 4444, 1411, 3446, 3278, 1618, 4786, 3998, 2055, 2795, 4841, 1599, 1044, 2418, 2206, 1394, 3409, 4428, 5301, 5139, 4504, 3974, 4123, 2414, 3527, 4244, 4985, 3310, 3975, 1318, 952, 4822, 3414, 2223, 1506, 627, 3094, 1236, 4642, 2481, 1629, 4509, 4265, 3829, 4149, 3249, 426, 3817, 2571, 3894, 4662, 744, 4561, 1926, 3576, 2655, 1714, 2072, 1559, 3358, 4741, 2526, 2896, 5132, 613, 4331, 1969, 1727, 1293, 871, 5264, 4669, 1505, 1095]",160,750,1,False,750
194,numeric,description,2,True,False,True,"{2: 151, 1: 172, 5: 122, 3: 154, 4: 141, 0: 10}","[4097, 1548, 5419, 4731, 3902, 3380, 4432, 3710, 3542, 3991, 4880, 2494, 2930, 1237, 5356, 235, 4127, 3911, 217, 3274, 932, 1468, 2624, 2837, 3687, 1483, 2116, 3691, 4885, 1822, 1115, 1952, 4887, 876, 2002, 4576, 3443, 5286, 2441, 4713, 121, 2388, 292, 5439, 83, 4206, 4866, 1120, 5436, 1558, 1312, 2596, 3921, 1887, 388, 2130, 1360, 1525, 4673, 4770, 3790, 1675, 2897, 556, 4577, 4946, 2628, 1915, 2862, 5186, 4722, 3211, 2127, 2225, 352, 1392, 1877, 2901, 1025, 4799, 1285, 2739, 5107, 4436, 415, 2864, 15, 2351, 4600, 2046, 3401, 650, 3938, 1545, 226, 4522, 992, 5069, 534, 18, 335, 3566, 3064, 2698, 989, 123, 1932, 4178, 3670, 4847, 1514, 2273, 1786, 574, 2856, 3256, 618, 4694, 5405, 4404, 2676, 3762, 5255, 3755, 2485, 5321, 536, 233, 3760, 1837, 4431, 3948, 5252, 3797, 1538, 13, 1387, 1886, 1994, 2954, 4108, 3432, 3881, 4477, 2919, 4613, 5175, 714, 1719, 4590, 3976, 3180, 2250, 2329, 3919, 5171, 3330, 2506, 3126, 3434, 223, 1272, 1304, 2738, 3311, 1290, 3073, 3199, 5388, 1989, 2828, 1431, 2509, 1643, 3373, 2821, 1188, 2859, 1955, 510, 1486, 595, 2764, 2793, 2298, 708, 1768, 5056, 5179, 4869, 2794, 2360, 4895, 1094, 5372, 2311, 2488, 1066, 2618, 429, 571, 2244, 2290, 1380, 2387, 68, 2439, 1878, 3749, 4145, 3746, 4125, 1315, 2150, 4656, 348, 770, 3019, 2275, 587, 315, 4120, 36, 2855, 3651, 2566, 4293, 640, 1490, 4054, 4959, 1835, 2354, 3522, 4901, 1243, 1571, 3332, 652, 2068, 1808, 5156, 1114, 4716, 2121, 5117, 4747, 4593, 451, 3953, 2782, 2461, 5091, 4920, 4668, 3397, 5247, 1260, 297, 2704, 3504, 3203, 2900, 384, 157, 4868, 3488, 5245, 3173, 1647, 3273, 1192, 3908, 38, 3992, 749, 5294, 3848, 860, 2479, 2459, 867, 3218, 4838, 4482, 20, 1521, 1641, 122, 3118, 2063, 2400, 3519, 1063, 2035, 3442, 2890, 1763, 2119, 5400, 1961, 4854, 2292, 2772, 527, 4917, 4955, 2172, 1186, 4006, 1388, 4382, 4717, 2798, 831, 1206, 189, 5149, 4021, 507, 3599, 3197, 5148, 539, 2171, 2575, 1615, 4032, 2592, 5425, 350, 201, 2074, 3364, 3764, 2122, 3738, 1086, 4460, 400, 63, 1662, 286, 291, 693, 3484, 2629, 4674, 2334, 1913, 4762, 2824, 4767, 4750, 4965, 1785, 2069, 583, 1797, 5051, 4848, 2634, 1507, 4085, 5159, 3279, 3927, 4, 550, 5447, 207, 2799, 551, 5144, 2563, 146, 4989, 4400, 2113, 434, 27, 4129, 3768, 3668, 3459, 3091, 1215, 4091, 1681, 2872, 4014, 4194, 779, 4029, 3756, 4760, 2476, 1749, 4658, 4871, 4348, 2757, 646, 1897, 2195, 316, 716, 4208, 5383, 825, 5370, 3078, 3778, 1702, 3984, 3847, 1150, 4300, 649, 4808, 3775, 4935, 3159, 687, 1223, 946, 4538, 4535, 3077, 5359, 780, 477, 2524, 371, 5142, 3611, 62, 1069, 4193, 883, 4130, 4328, 622, 4974, 1436, 4519, 1762, 4238, 3012, 3554, 4026, 3342, 4182, 5410, 1407, 2736, 913, 4045, 182, 1382, 3625, 1351, 3839, 3583, 2938, 46, 829, 5326, 2230, 612, 5021, 3121, 1127, 3006, 1852, 329, 118, 3794, 4081, 72, 1330, 519, 1195, 2017, 1920, 314, 1129, 3544, 1000, 282, 4041, 2857, 324, 2210, 5283, 2272, 4438, 10, 5341, 4447, 5120, 4167, 1047, 742, 4222, 2916, 3377, 2533, 2707, 2819, 42, 3054, 703, 1519, 1891, 1740, 2997, 347, 5190, 3489, 4284, 833, 4467, 2603, 4198, 4987, 4303, 2483, 435, 4121, 2536, 3048, 2561, 4425, 3177, 2774, 5313, 5078, 1804, 2780, 317, 1372, 1842, 2517, 35, 4283, 3692, 794, 4047, 4496, 4319, 1623, 896, 4416, 3383, 2217, 2330, 2026, 2565, 890, 1423, 3773, 2941, 4926, 2977, 256, 2755, 3724, 1697, 3141, 3189, 2520, 402, 1159, 1593, 508, 1536, 2376, 2842, 691, 3596, 2321, 1576, 5411, 2201, 2532, 4138, 4631, 3815, 4657, 2905, 3472, 4518, 4823, 4810, 2892, 4073, 2806, 3715, 31, 2372, 1782, 2133, 1893, 3932, 4602, 3997, 1607, 1238, 4296, 1350, 4498, 4735, 1489, 4877, 845, 1630, 3469, 4143, 4002, 106, 2773, 2881, 287, 2062, 1757, 4230, 1627, 830, 563, 1196, 2460, 5333, 2472, 1067, 1377, 4844, 3515, 4552, 958, 4347, 1170, 1543, 3120, 2239, 28, 4909, 3026, 515, 3293, 1948, 4948, 76, 970, 840, 4011, 2675, 4050, 37, 108, 4651, 3319, 3660, 5160, 4768, 1911, 5345, 23, 4419, 1815, 447, 581, 4426, 893, 2756, 1864, 4418, 4444, 1411, 3446, 3278, 1618, 4786, 3998, 2055, 2795, 4841, 1599, 1044, 2418, 2206, 1394, 3409, 4428, 5301, 5139, 4504, 3974, 4123, 2414, 3527, 4244, 4985, 3310, 3975, 1318, 952, 4822, 3414, 2223, 1506, 627, 3094, 1236, 4642, 2481, 1629, 4509, 4265, 3829, 4149, 3249, 426, 3817, 2571, 3894, 4662, 744, 4561, 1926, 3576, 2655, 1714, 2072, 1559, 3358, 4741, 2526, 2896, 5132, 613, 4331, 1969, 1727, 1293, 871, 5264, 4669, 1505, 1095]",194,750,1,False,750
485,description,description,2,True,True,True,"{2: 151, 1: 172, 5: 122, 3: 154, 4: 141, 0: 10}","[4097, 1548, 5419, 4731, 3902, 3380, 4432, 3710, 3542, 3991, 4880, 2494, 2930, 1237, 5356, 235, 4127, 3911, 217, 3274, 932, 1468, 2624, 2837, 3687, 1483, 2116, 3691, 4885, 1822, 1115, 1952, 4887, 876, 2002, 4576, 3443, 5286, 2441, 4713, 121, 2388, 292, 5439, 83, 4206, 4866, 1120, 5436, 1558, 1312, 2596, 3921, 1887, 388, 2130, 1360, 1525, 4673, 4770, 3790, 1675, 2897, 556, 4577, 4946, 2628, 1915, 2862, 5186, 4722, 3211, 2127, 2225, 352, 1392, 1877, 2901, 1025, 4799, 1285, 2739, 5107, 4436, 415, 2864, 15, 2351, 4600, 2046, 3401, 650, 3938, 1545, 226, 4522, 992, 5069, 534, 18, 335, 3566, 3064, 2698, 989, 123, 1932, 4178, 3670, 4847, 1514, 2273, 1786, 574, 2856, 3256, 618, 4694, 5405, 4404, 2676, 3762, 5255, 3755, 2485, 5321, 536, 233, 3760, 1837, 4431, 3948, 5252, 3797, 1538, 13, 1387, 1886, 1994, 2954, 4108, 3432, 3881, 4477, 2919, 4613, 5175, 714, 1719, 4590, 3976, 3180, 2250, 2329, 3919, 5171, 3330, 2506, 3126, 3434, 223, 1272, 1304, 2738, 3311, 1290, 3073, 3199, 5388, 1989, 2828, 1431, 2509, 1643, 3373, 2821, 1188, 2859, 1955, 510, 1486, 595, 2764, 2793, 2298, 708, 1768, 5056, 5179, 4869, 2794, 2360, 4895, 1094, 5372, 2311, 2488, 1066, 2618, 429, 571, 2244, 2290, 1380, 2387, 68, 2439, 1878, 3749, 4145, 3746, 4125, 1315, 2150, 4656, 348, 770, 3019, 2275, 587, 315, 4120, 36, 2855, 3651, 2566, 4293, 640, 1490, 4054, 4959, 1835, 2354, 3522, 4901, 1243, 1571, 3332, 652, 2068, 1808, 5156, 1114, 4716, 2121, 5117, 4747, 4593, 451, 3953, 2782, 2461, 5091, 4920, 4668, 3397, 5247, 1260, 297, 2704, 3504, 3203, 2900, 384, 157, 4868, 3488, 5245, 3173, 1647, 3273, 1192, 3908, 38, 3992, 749, 5294, 3848, 860, 2479, 2459, 867, 3218, 4838, 4482, 20, 1521, 1641, 122, 3118, 2063, 2400, 3519, 1063, 2035, 3442, 2890, 1763, 2119, 5400, 1961, 4854, 2292, 2772, 527, 4917, 4955, 2172, 1186, 4006, 1388, 4382, 4717, 2798, 831, 1206, 189, 5149, 4021, 507, 3599, 3197, 5148, 539, 2171, 2575, 1615, 4032, 2592, 5425, 350, 201, 2074, 3364, 3764, 2122, 3738, 1086, 4460, 400, 63, 1662, 286, 291, 693, 3484, 2629, 4674, 2334, 1913, 4762, 2824, 4767, 4750, 4965, 1785, 2069, 583, 1797, 5051, 4848, 2634, 1507, 4085, 5159, 3279, 3927, 4, 550, 5447, 207, 2799, 551, 5144, 2563, 146, 4989, 4400, 2113, 434, 27, 4129, 3768, 3668, 3459, 3091, 1215, 4091, 1681, 2872, 4014, 4194, 779, 4029, 3756, 4760, 2476, 1749, 4658, 4871, 4348, 2757, 646, 1897, 2195, 316, 716, 4208, 5383, 825, 5370, 3078, 3778, 1702, 3984, 3847, 1150, 4300, 649, 4808, 3775, 4935, 3159, 687, 1223, 946, 4538, 4535, 3077, 5359, 780, 477, 2524, 371, 5142, 3611, 62, 1069, 4193, 883, 4130, 4328, 622, 4974, 1436, 4519, 1762, 4238, 3012, 3554, 4026, 3342, 4182, 5410, 1407, 2736, 913, 4045, 182, 1382, 3625, 1351, 3839, 3583, 2938, 46, 829, 5326, 2230, 612, 5021, 3121, 1127, 3006, 1852, 329, 118, 3794, 4081, 72, 1330, 519, 1195, 2017, 1920, 314, 1129, 3544, 1000, 282, 4041, 2857, 324, 2210, 5283, 2272, 4438, 10, 5341, 4447, 5120, 4167, 1047, 742, 4222, 2916, 3377, 2533, 2707, 2819, 42, 3054, 703, 1519, 1891, 1740, 2997, 347, 5190, 3489, 4284, 833, 4467, 2603, 4198, 4987, 4303, 2483, 435, 4121, 2536, 3048, 2561, 4425, 3177, 2774, 5313, 5078, 1804, 2780, 317, 1372, 1842, 2517, 35, 4283, 3692, 794, 4047, 4496, 4319, 1623, 896, 4416, 3383, 2217, 2330, 2026, 2565, 890, 1423, 3773, 2941, 4926, 2977, 256, 2755, 3724, 1697, 3141, 3189, 2520, 402, 1159, 1593, 508, 1536, 2376, 2842, 691, 3596, 2321, 1576, 5411, 2201, 2532, 4138, 4631, 3815, 4657, 2905, 3472, 4518, 4823, 4810, 2892, 4073, 2806, 3715, 31, 2372, 1782, 2133, 1893, 3932, 4602, 3997, 1607, 1238, 4296, 1350, 4498, 4735, 1489, 4877, 845, 1630, 3469, 4143, 4002, 106, 2773, 2881, 287, 2062, 1757, 4230, 1627, 830, 563, 1196, 2460, 5333, 2472, 1067, 1377, 4844, 3515, 4552, 958, 4347, 1170, 1543, 3120, 2239, 28, 4909, 3026, 515, 3293, 1948, 4948, 76, 970, 840, 4011, 2675, 4050, 37, 108, 4651, 3319, 3660, 5160, 4768, 1911, 5345, 23, 4419, 1815, 447, 581, 4426, 893, 2756, 1864, 4418, 4444, 1411, 3446, 3278, 1618, 4786, 3998, 2055, 2795, 4841, 1599, 1044, 2418, 2206, 1394, 3409, 4428, 5301, 5139, 4504, 3974, 4123, 2414, 3527, 4244, 4985, 3310, 3975, 1318, 952, 4822, 3414, 2223, 1506, 627, 3094, 1236, 4642, 2481, 1629, 4509, 4265, 3829, 4149, 3249, 426, 3817, 2571, 3894, 4662, 744, 4561, 1926, 3576, 2655, 1714, 2072, 1559, 3358, 4741, 2526, 2896, 5132, 613, 4331, 1969, 1727, 1293, 871, 5264, 4669, 1505, 1095]",485,750,1,False,750
293,human,entity,1,True,False,True,"{2: 151, 1: 172, 5: 122, 3: 154, 4: 141, 0: 10}","[4097, 1548, 5419, 4731, 3902, 3380, 4432, 3710, 3542, 3991, 4880, 2494, 2930, 1237, 5356, 235, 4127, 3911, 217, 3274, 932, 1468, 2624, 2837, 3687, 1483, 2116, 3691, 4885, 1822, 1115, 1952, 4887, 876, 2002, 4576, 3443, 5286, 2441, 4713, 121, 2388, 292, 5439, 83, 4206, 4866, 1120, 5436, 1558, 1312, 2596, 3921, 1887, 388, 2130, 1360, 1525, 4673, 4770, 3790, 1675, 2897, 556, 4577, 4946, 2628, 1915, 2862, 5186, 4722, 3211, 2127, 2225, 352, 1392, 1877, 2901, 1025, 4799, 1285, 2739, 5107, 4436, 415, 2864, 15, 2351, 4600, 2046, 3401, 650, 3938, 1545, 226, 4522, 992, 5069, 534, 18, 335, 3566, 3064, 2698, 989, 123, 1932, 4178, 3670, 4847, 1514, 2273, 1786, 574, 2856, 3256, 618, 4694, 5405, 4404, 2676, 3762, 5255, 3755, 2485, 5321, 536, 233, 3760, 1837, 4431, 3948, 5252, 3797, 1538, 13, 1387, 1886, 1994, 2954, 4108, 3432, 3881, 4477, 2919, 4613, 5175, 714, 1719, 4590, 3976, 3180, 2250, 2329, 3919, 5171, 3330, 2506, 3126, 3434, 223, 1272, 1304, 2738, 3311, 1290, 3073, 3199, 5388, 1989, 2828, 1431, 2509, 1643, 3373, 2821, 1188, 2859, 1955, 510, 1486, 595, 2764, 2793, 2298, 708, 1768, 5056, 5179, 4869, 2794, 2360, 4895, 1094, 5372, 2311, 2488, 1066, 2618, 429, 571, 2244, 2290, 1380, 2387, 68, 2439, 1878, 3749, 4145, 3746, 4125, 1315, 2150, 4656, 348, 770, 3019, 2275, 587, 315, 4120, 36, 2855, 3651, 2566, 4293, 640, 1490, 4054, 4959, 1835, 2354, 3522, 4901, 1243, 1571, 3332, 652, 2068, 1808, 5156, 1114, 4716, 2121, 5117, 4747, 4593, 451, 3953, 2782, 2461, 5091, 4920, 4668, 3397, 5247, 1260, 297, 2704, 3504, 3203, 2900, 384, 157, 4868, 3488, 5245, 3173, 1647, 3273, 1192, 3908, 38, 3992, 749, 5294, 3848, 860, 2479, 2459, 867, 3218, 4838, 4482, 20, 1521, 1641, 122, 3118, 2063, 2400, 3519, 1063, 2035, 3442, 2890, 1763, 2119, 5400, 1961, 4854, 2292, 2772, 527, 4917, 4955, 2172, 1186, 4006, 1388, 4382, 4717, 2798, 831, 1206, 189, 5149, 4021, 507, 3599, 3197, 5148, 539, 2171, 2575, 1615, 4032, 2592, 5425, 350, 201, 2074, 3364, 3764, 2122, 3738, 1086, 4460, 400, 63, 1662, 286, 291, 693, 3484, 2629, 4674, 2334, 1913, 4762, 2824, 4767, 4750, 4965, 1785, 2069, 583, 1797, 5051, 4848, 2634, 1507, 4085, 5159, 3279, 3927, 4, 550, 5447, 207, 2799, 551, 5144, 2563, 146, 4989, 4400, 2113, 434, 27, 4129, 3768, 3668, 3459, 3091, 1215, 4091, 1681, 2872, 4014, 4194, 779, 4029, 3756, 4760, 2476, 1749, 4658, 4871, 4348, 2757, 646, 1897, 2195, 316, 716, 4208, 5383, 825, 5370, 3078, 3778, 1702, 3984, 3847, 1150, 4300, 649, 4808, 3775, 4935, 3159, 687, 1223, 946, 4538, 4535, 3077, 5359, 780, 477, 2524, 371, 5142, 3611, 62, 1069, 4193, 883, 4130, 4328, 622, 4974, 1436, 4519, 1762, 4238, 3012, 3554, 4026, 3342, 4182, 5410, 1407, 2736, 913, 4045, 182, 1382, 3625, 1351, 3839, 3583, 2938, 46, 829, 5326, 2230, 612, 5021, 3121, 1127, 3006, 1852, 329, 118, 3794, 4081, 72, 1330, 519, 1195, 2017, 1920, 314, 1129, 3544, 1000, 282, 4041, 2857, 324, 2210, 5283, 2272, 4438, 10, 5341, 4447, 5120, 4167, 1047, 742, 4222, 2916, 3377, 2533, 2707, 2819, 42, 3054, 703, 1519, 1891, 1740, 2997, 347, 5190, 3489, 4284, 833, 4467, 2603, 4198, 4987, 4303, 2483, 435, 4121, 2536, 3048, 2561, 4425, 3177, 2774, 5313, 5078, 1804, 2780, 317, 1372, 1842, 2517, 35, 4283, 3692, 794, 4047, 4496, 4319, 1623, 896, 4416, 3383, 2217, 2330, 2026, 2565, 890, 1423, 3773, 2941, 4926, 2977, 256, 2755, 3724, 1697, 3141, 3189, 2520, 402, 1159, 1593, 508, 1536, 2376, 2842, 691, 3596, 2321, 1576, 5411, 2201, 2532, 4138, 4631, 3815, 4657, 2905, 3472, 4518, 4823, 4810, 2892, 4073, 2806, 3715, 31, 2372, 1782, 2133, 1893, 3932, 4602, 3997, 1607, 1238, 4296, 1350, 4498, 4735, 1489, 4877, 845, 1630, 3469, 4143, 4002, 106, 2773, 2881, 287, 2062, 1757, 4230, 1627, 830, 563, 1196, 2460, 5333, 2472, 1067, 1377, 4844, 3515, 4552, 958, 4347, 1170, 1543, 3120, 2239, 28, 4909, 3026, 515, 3293, 1948, 4948, 76, 970, 840, 4011, 2675, 4050, 37, 108, 4651, 3319, 3660, 5160, 4768, 1911, 5345, 23, 4419, 1815, 447, 581, 4426, 893, 2756, 1864, 4418, 4444, 1411, 3446, 3278, 1618, 4786, 3998, 2055, 2795, 4841, 1599, 1044, 2418, 2206, 1394, 3409, 4428, 5301, 5139, 4504, 3974, 4123, 2414, 3527, 4244, 4985, 3310, 3975, 1318, 952, 4822, 3414, 2223, 1506, 627, 3094, 1236, 4642, 2481, 1629, 4509, 4265, 3829, 4149, 3249, 426, 3817, 2571, 3894, 4662, 744, 4561, 1926, 3576, 2655, 1714, 2072, 1559, 3358, 4741, 2526, 2896, 5132, 613, 4331, 1969, 1727, 1293, 871, 5264, 4669, 1505, 1095]",293,750,1,False,750
237,description,description,2,True,True,True,"{2: 151, 1: 172, 5: 122, 3: 154, 4: 141, 0: 10}","[4097, 1548, 5419, 4731, 3902, 3380, 4432, 3710, 3542, 3991, 4880, 2494, 2930, 1237, 5356, 235, 4127, 3911, 217, 3274, 932, 1468, 2624, 2837, 3687, 1483, 2116, 3691, 4885, 1822, 1115, 1952, 4887, 876, 2002, 4576, 3443, 5286, 2441, 4713, 121, 2388, 292, 5439, 83, 4206, 4866, 1120, 5436, 1558, 1312, 2596, 3921, 1887, 388, 2130, 1360, 1525, 4673, 4770, 3790, 1675, 2897, 556, 4577, 4946, 2628, 1915, 2862, 5186, 4722, 3211, 2127, 2225, 352, 1392, 1877, 2901, 1025, 4799, 1285, 2739, 5107, 4436, 415, 2864, 15, 2351, 4600, 2046, 3401, 650, 3938, 1545, 226, 4522, 992, 5069, 534, 18, 335, 3566, 3064, 2698, 989, 123, 1932, 4178, 3670, 4847, 1514, 2273, 1786, 574, 2856, 3256, 618, 4694, 5405, 4404, 2676, 3762, 5255, 3755, 2485, 5321, 536, 233, 3760, 1837, 4431, 3948, 5252, 3797, 1538, 13, 1387, 1886, 1994, 2954, 4108, 3432, 3881, 4477, 2919, 4613, 5175, 714, 1719, 4590, 3976, 3180, 2250, 2329, 3919, 5171, 3330, 2506, 3126, 3434, 223, 1272, 1304, 2738, 3311, 1290, 3073, 3199, 5388, 1989, 2828, 1431, 2509, 1643, 3373, 2821, 1188, 2859, 1955, 510, 1486, 595, 2764, 2793, 2298, 708, 1768, 5056, 5179, 4869, 2794, 2360, 4895, 1094, 5372, 2311, 2488, 1066, 2618, 429, 571, 2244, 2290, 1380, 2387, 68, 2439, 1878, 3749, 4145, 3746, 4125, 1315, 2150, 4656, 348, 770, 3019, 2275, 587, 315, 4120, 36, 2855, 3651, 2566, 4293, 640, 1490, 4054, 4959, 1835, 2354, 3522, 4901, 1243, 1571, 3332, 652, 2068, 1808, 5156, 1114, 4716, 2121, 5117, 4747, 4593, 451, 3953, 2782, 2461, 5091, 4920, 4668, 3397, 5247, 1260, 297, 2704, 3504, 3203, 2900, 384, 157, 4868, 3488, 5245, 3173, 1647, 3273, 1192, 3908, 38, 3992, 749, 5294, 3848, 860, 2479, 2459, 867, 3218, 4838, 4482, 20, 1521, 1641, 122, 3118, 2063, 2400, 3519, 1063, 2035, 3442, 2890, 1763, 2119, 5400, 1961, 4854, 2292, 2772, 527, 4917, 4955, 2172, 1186, 4006, 1388, 4382, 4717, 2798, 831, 1206, 189, 5149, 4021, 507, 3599, 3197, 5148, 539, 2171, 2575, 1615, 4032, 2592, 5425, 350, 201, 2074, 3364, 3764, 2122, 3738, 1086, 4460, 400, 63, 1662, 286, 291, 693, 3484, 2629, 4674, 2334, 1913, 4762, 2824, 4767, 4750, 4965, 1785, 2069, 583, 1797, 5051, 4848, 2634, 1507, 4085, 5159, 3279, 3927, 4, 550, 5447, 207, 2799, 551, 5144, 2563, 146, 4989, 4400, 2113, 434, 27, 4129, 3768, 3668, 3459, 3091, 1215, 4091, 1681, 2872, 4014, 4194, 779, 4029, 3756, 4760, 2476, 1749, 4658, 4871, 4348, 2757, 646, 1897, 2195, 316, 716, 4208, 5383, 825, 5370, 3078, 3778, 1702, 3984, 3847, 1150, 4300, 649, 4808, 3775, 4935, 3159, 687, 1223, 946, 4538, 4535, 3077, 5359, 780, 477, 2524, 371, 5142, 3611, 62, 1069, 4193, 883, 4130, 4328, 622, 4974, 1436, 4519, 1762, 4238, 3012, 3554, 4026, 3342, 4182, 5410, 1407, 2736, 913, 4045, 182, 1382, 3625, 1351, 3839, 3583, 2938, 46, 829, 5326, 2230, 612, 5021, 3121, 1127, 3006, 1852, 329, 118, 3794, 4081, 72, 1330, 519, 1195, 2017, 1920, 314, 1129, 3544, 1000, 282, 4041, 2857, 324, 2210, 5283, 2272, 4438, 10, 5341, 4447, 5120, 4167, 1047, 742, 4222, 2916, 3377, 2533, 2707, 2819, 42, 3054, 703, 1519, 1891, 1740, 2997, 347, 5190, 3489, 4284, 833, 4467, 2603, 4198, 4987, 4303, 2483, 435, 4121, 2536, 3048, 2561, 4425, 3177, 2774, 5313, 5078, 1804, 2780, 317, 1372, 1842, 2517, 35, 4283, 3692, 794, 4047, 4496, 4319, 1623, 896, 4416, 3383, 2217, 2330, 2026, 2565, 890, 1423, 3773, 2941, 4926, 2977, 256, 2755, 3724, 1697, 3141, 3189, 2520, 402, 1159, 1593, 508, 1536, 2376, 2842, 691, 3596, 2321, 1576, 5411, 2201, 2532, 4138, 4631, 3815, 4657, 2905, 3472, 4518, 4823, 4810, 2892, 4073, 2806, 3715, 31, 2372, 1782, 2133, 1893, 3932, 4602, 3997, 1607, 1238, 4296, 1350, 4498, 4735, 1489, 4877, 845, 1630, 3469, 4143, 4002, 106, 2773, 2881, 287, 2062, 1757, 4230, 1627, 830, 563, 1196, 2460, 5333, 2472, 1067, 1377, 4844, 3515, 4552, 958, 4347, 1170, 1543, 3120, 2239, 28, 4909, 3026, 515, 3293, 1948, 4948, 76, 970, 840, 4011, 2675, 4050, 37, 108, 4651, 3319, 3660, 5160, 4768, 1911, 5345, 23, 4419, 1815, 447, 581, 4426, 893, 2756, 1864, 4418, 4444, 1411, 3446, 3278, 1618, 4786, 3998, 2055, 2795, 4841, 1599, 1044, 2418, 2206, 1394, 3409, 4428, 5301, 5139, 4504, 3974, 4123, 2414, 3527, 4244, 4985, 3310, 3975, 1318, 952, 4822, 3414, 2223, 1506, 627, 3094, 1236, 4642, 2481, 1629, 4509, 4265, 3829, 4149, 3249, 426, 3817, 2571, 3894, 4662, 744, 4561, 1926, 3576, 2655, 1714, 2072, 1559, 3358, 4741, 2526, 2896, 5132, 613, 4331, 1969, 1727, 1293, 871, 5264, 4669, 1505, 1095]",237,750,1,False,750
60,numeric,location,4,True,False,True,"{2: 151, 1: 172, 5: 122, 3: 154, 4: 141, 0: 10}","[4097, 1548, 5419, 4731, 3902, 3380, 4432, 3710, 3542, 3991, 4880, 2494, 2930, 1237, 5356, 235, 4127, 3911, 217, 3274, 932, 1468, 2624, 2837, 3687, 1483, 2116, 3691, 4885, 1822, 1115, 1952, 4887, 876, 2002, 4576, 3443, 5286, 2441, 4713, 121, 2388, 292, 5439, 83, 4206, 4866, 1120, 5436, 1558, 1312, 2596, 3921, 1887, 388, 2130, 1360, 1525, 4673, 4770, 3790, 1675, 2897, 556, 4577, 4946, 2628, 1915, 2862, 5186, 4722, 3211, 2127, 2225, 352, 1392, 1877, 2901, 1025, 4799, 1285, 2739, 5107, 4436, 415, 2864, 15, 2351, 4600, 2046, 3401, 650, 3938, 1545, 226, 4522, 992, 5069, 534, 18, 335, 3566, 3064, 2698, 989, 123, 1932, 4178, 3670, 4847, 1514, 2273, 1786, 574, 2856, 3256, 618, 4694, 5405, 4404, 2676, 3762, 5255, 3755, 2485, 5321, 536, 233, 3760, 1837, 4431, 3948, 5252, 3797, 1538, 13, 1387, 1886, 1994, 2954, 4108, 3432, 3881, 4477, 2919, 4613, 5175, 714, 1719, 4590, 3976, 3180, 2250, 2329, 3919, 5171, 3330, 2506, 3126, 3434, 223, 1272, 1304, 2738, 3311, 1290, 3073, 3199, 5388, 1989, 2828, 1431, 2509, 1643, 3373, 2821, 1188, 2859, 1955, 510, 1486, 595, 2764, 2793, 2298, 708, 1768, 5056, 5179, 4869, 2794, 2360, 4895, 1094, 5372, 2311, 2488, 1066, 2618, 429, 571, 2244, 2290, 1380, 2387, 68, 2439, 1878, 3749, 4145, 3746, 4125, 1315, 2150, 4656, 348, 770, 3019, 2275, 587, 315, 4120, 36, 2855, 3651, 2566, 4293, 640, 1490, 4054, 4959, 1835, 2354, 3522, 4901, 1243, 1571, 3332, 652, 2068, 1808, 5156, 1114, 4716, 2121, 5117, 4747, 4593, 451, 3953, 2782, 2461, 5091, 4920, 4668, 3397, 5247, 1260, 297, 2704, 3504, 3203, 2900, 384, 157, 4868, 3488, 5245, 3173, 1647, 3273, 1192, 3908, 38, 3992, 749, 5294, 3848, 860, 2479, 2459, 867, 3218, 4838, 4482, 20, 1521, 1641, 122, 3118, 2063, 2400, 3519, 1063, 2035, 3442, 2890, 1763, 2119, 5400, 1961, 4854, 2292, 2772, 527, 4917, 4955, 2172, 1186, 4006, 1388, 4382, 4717, 2798, 831, 1206, 189, 5149, 4021, 507, 3599, 3197, 5148, 539, 2171, 2575, 1615, 4032, 2592, 5425, 350, 201, 2074, 3364, 3764, 2122, 3738, 1086, 4460, 400, 63, 1662, 286, 291, 693, 3484, 2629, 4674, 2334, 1913, 4762, 2824, 4767, 4750, 4965, 1785, 2069, 583, 1797, 5051, 4848, 2634, 1507, 4085, 5159, 3279, 3927, 4, 550, 5447, 207, 2799, 551, 5144, 2563, 146, 4989, 4400, 2113, 434, 27, 4129, 3768, 3668, 3459, 3091, 1215, 4091, 1681, 2872, 4014, 4194, 779, 4029, 3756, 4760, 2476, 1749, 4658, 4871, 4348, 2757, 646, 1897, 2195, 316, 716, 4208, 5383, 825, 5370, 3078, 3778, 1702, 3984, 3847, 1150, 4300, 649, 4808, 3775, 4935, 3159, 687, 1223, 946, 4538, 4535, 3077, 5359, 780, 477, 2524, 371, 5142, 3611, 62, 1069, 4193, 883, 4130, 4328, 622, 4974, 1436, 4519, 1762, 4238, 3012, 3554, 4026, 3342, 4182, 5410, 1407, 2736, 913, 4045, 182, 1382, 3625, 1351, 3839, 3583, 2938, 46, 829, 5326, 2230, 612, 5021, 3121, 1127, 3006, 1852, 329, 118, 3794, 4081, 72, 1330, 519, 1195, 2017, 1920, 314, 1129, 3544, 1000, 282, 4041, 2857, 324, 2210, 5283, 2272, 4438, 10, 5341, 4447, 5120, 4167, 1047, 742, 4222, 2916, 3377, 2533, 2707, 2819, 42, 3054, 703, 1519, 1891, 1740, 2997, 347, 5190, 3489, 4284, 833, 4467, 2603, 4198, 4987, 4303, 2483, 435, 4121, 2536, 3048, 2561, 4425, 3177, 2774, 5313, 5078, 1804, 2780, 317, 1372, 1842, 2517, 35, 4283, 3692, 794, 4047, 4496, 4319, 1623, 896, 4416, 3383, 2217, 2330, 2026, 2565, 890, 1423, 3773, 2941, 4926, 2977, 256, 2755, 3724, 1697, 3141, 3189, 2520, 402, 1159, 1593, 508, 1536, 2376, 2842, 691, 3596, 2321, 1576, 5411, 2201, 2532, 4138, 4631, 3815, 4657, 2905, 3472, 4518, 4823, 4810, 2892, 4073, 2806, 3715, 31, 2372, 1782, 2133, 1893, 3932, 4602, 3997, 1607, 1238, 4296, 1350, 4498, 4735, 1489, 4877, 845, 1630, 3469, 4143, 4002, 106, 2773, 2881, 287, 2062, 1757, 4230, 1627, 830, 563, 1196, 2460, 5333, 2472, 1067, 1377, 4844, 3515, 4552, 958, 4347, 1170, 1543, 3120, 2239, 28, 4909, 3026, 515, 3293, 1948, 4948, 76, 970, 840, 4011, 2675, 4050, 37, 108, 4651, 3319, 3660, 5160, 4768, 1911, 5345, 23, 4419, 1815, 447, 581, 4426, 893, 2756, 1864, 4418, 4444, 1411, 3446, 3278, 1618, 4786, 3998, 2055, 2795, 4841, 1599, 1044, 2418, 2206, 1394, 3409, 4428, 5301, 5139, 4504, 3974, 4123, 2414, 3527, 4244, 4985, 3310, 3975, 1318, 952, 4822, 3414, 2223, 1506, 627, 3094, 1236, 4642, 2481, 1629, 4509, 4265, 3829, 4149, 3249, 426, 3817, 2571, 3894, 4662, 744, 4561, 1926, 3576, 2655, 1714, 2072, 1559, 3358, 4741, 2526, 2896, 5132, 613, 4331, 1969, 1727, 1293, 871, 5264, 4669, 1505, 1095]",60,750,1,False,750
27,numeric,location,4,True,False,True,"{2: 151, 1: 172, 5: 122, 3: 154, 4: 141, 0: 10}","[4097, 1548, 5419, 4731, 3902, 3380, 4432, 3710, 3542, 3991, 4880, 2494, 2930, 1237, 5356, 235, 4127, 3911, 217, 3274, 932, 1468, 2624, 2837, 3687, 1483, 2116, 3691, 4885, 1822, 1115, 1952, 4887, 876, 2002, 4576, 3443, 5286, 2441, 4713, 121, 2388, 292, 5439, 83, 4206, 4866, 1120, 5436, 1558, 1312, 2596, 3921, 1887, 388, 2130, 1360, 1525, 4673, 4770, 3790, 1675, 2897, 556, 4577, 4946, 2628, 1915, 2862, 5186, 4722, 3211, 2127, 2225, 352, 1392, 1877, 2901, 1025, 4799, 1285, 2739, 5107, 4436, 415, 2864, 15, 2351, 4600, 2046, 3401, 650, 3938, 1545, 226, 4522, 992, 5069, 534, 18, 335, 3566, 3064, 2698, 989, 123, 1932, 4178, 3670, 4847, 1514, 2273, 1786, 574, 2856, 3256, 618, 4694, 5405, 4404, 2676, 3762, 5255, 3755, 2485, 5321, 536, 233, 3760, 1837, 4431, 3948, 5252, 3797, 1538, 13, 1387, 1886, 1994, 2954, 4108, 3432, 3881, 4477, 2919, 4613, 5175, 714, 1719, 4590, 3976, 3180, 2250, 2329, 3919, 5171, 3330, 2506, 3126, 3434, 223, 1272, 1304, 2738, 3311, 1290, 3073, 3199, 5388, 1989, 2828, 1431, 2509, 1643, 3373, 2821, 1188, 2859, 1955, 510, 1486, 595, 2764, 2793, 2298, 708, 1768, 5056, 5179, 4869, 2794, 2360, 4895, 1094, 5372, 2311, 2488, 1066, 2618, 429, 571, 2244, 2290, 1380, 2387, 68, 2439, 1878, 3749, 4145, 3746, 4125, 1315, 2150, 4656, 348, 770, 3019, 2275, 587, 315, 4120, 36, 2855, 3651, 2566, 4293, 640, 1490, 4054, 4959, 1835, 2354, 3522, 4901, 1243, 1571, 3332, 652, 2068, 1808, 5156, 1114, 4716, 2121, 5117, 4747, 4593, 451, 3953, 2782, 2461, 5091, 4920, 4668, 3397, 5247, 1260, 297, 2704, 3504, 3203, 2900, 384, 157, 4868, 3488, 5245, 3173, 1647, 3273, 1192, 3908, 38, 3992, 749, 5294, 3848, 860, 2479, 2459, 867, 3218, 4838, 4482, 20, 1521, 1641, 122, 3118, 2063, 2400, 3519, 1063, 2035, 3442, 2890, 1763, 2119, 5400, 1961, 4854, 2292, 2772, 527, 4917, 4955, 2172, 1186, 4006, 1388, 4382, 4717, 2798, 831, 1206, 189, 5149, 4021, 507, 3599, 3197, 5148, 539, 2171, 2575, 1615, 4032, 2592, 5425, 350, 201, 2074, 3364, 3764, 2122, 3738, 1086, 4460, 400, 63, 1662, 286, 291, 693, 3484, 2629, 4674, 2334, 1913, 4762, 2824, 4767, 4750, 4965, 1785, 2069, 583, 1797, 5051, 4848, 2634, 1507, 4085, 5159, 3279, 3927, 4, 550, 5447, 207, 2799, 551, 5144, 2563, 146, 4989, 4400, 2113, 434, 27, 4129, 3768, 3668, 3459, 3091, 1215, 4091, 1681, 2872, 4014, 4194, 779, 4029, 3756, 4760, 2476, 1749, 4658, 4871, 4348, 2757, 646, 1897, 2195, 316, 716, 4208, 5383, 825, 5370, 3078, 3778, 1702, 3984, 3847, 1150, 4300, 649, 4808, 3775, 4935, 3159, 687, 1223, 946, 4538, 4535, 3077, 5359, 780, 477, 2524, 371, 5142, 3611, 62, 1069, 4193, 883, 4130, 4328, 622, 4974, 1436, 4519, 1762, 4238, 3012, 3554, 4026, 3342, 4182, 5410, 1407, 2736, 913, 4045, 182, 1382, 3625, 1351, 3839, 3583, 2938, 46, 829, 5326, 2230, 612, 5021, 3121, 1127, 3006, 1852, 329, 118, 3794, 4081, 72, 1330, 519, 1195, 2017, 1920, 314, 1129, 3544, 1000, 282, 4041, 2857, 324, 2210, 5283, 2272, 4438, 10, 5341, 4447, 5120, 4167, 1047, 742, 4222, 2916, 3377, 2533, 2707, 2819, 42, 3054, 703, 1519, 1891, 1740, 2997, 347, 5190, 3489, 4284, 833, 4467, 2603, 4198, 4987, 4303, 2483, 435, 4121, 2536, 3048, 2561, 4425, 3177, 2774, 5313, 5078, 1804, 2780, 317, 1372, 1842, 2517, 35, 4283, 3692, 794, 4047, 4496, 4319, 1623, 896, 4416, 3383, 2217, 2330, 2026, 2565, 890, 1423, 3773, 2941, 4926, 2977, 256, 2755, 3724, 1697, 3141, 3189, 2520, 402, 1159, 1593, 508, 1536, 2376, 2842, 691, 3596, 2321, 1576, 5411, 2201, 2532, 4138, 4631, 3815, 4657, 2905, 3472, 4518, 4823, 4810, 2892, 4073, 2806, 3715, 31, 2372, 1782, 2133, 1893, 3932, 4602, 3997, 1607, 1238, 4296, 1350, 4498, 4735, 1489, 4877, 845, 1630, 3469, 4143, 4002, 106, 2773, 2881, 287, 2062, 1757, 4230, 1627, 830, 563, 1196, 2460, 5333, 2472, 1067, 1377, 4844, 3515, 4552, 958, 4347, 1170, 1543, 3120, 2239, 28, 4909, 3026, 515, 3293, 1948, 4948, 76, 970, 840, 4011, 2675, 4050, 37, 108, 4651, 3319, 3660, 5160, 4768, 1911, 5345, 23, 4419, 1815, 447, 581, 4426, 893, 2756, 1864, 4418, 4444, 1411, 3446, 3278, 1618, 4786, 3998, 2055, 2795, 4841, 1599, 1044, 2418, 2206, 1394, 3409, 4428, 5301, 5139, 4504, 3974, 4123, 2414, 3527, 4244, 4985, 3310, 3975, 1318, 952, 4822, 3414, 2223, 1506, 627, 3094, 1236, 4642, 2481, 1629, 4509, 4265, 3829, 4149, 3249, 426, 3817, 2571, 3894, 4662, 744, 4561, 1926, 3576, 2655, 1714, 2072, 1559, 3358, 4741, 2526, 2896, 5132, 613, 4331, 1969, 1727, 1293, 871, 5264, 4669, 1505, 1095]",27,750,1,False,750
319,numeric,location,4,True,False,True,"{2: 151, 1: 172, 5: 122, 3: 154, 4: 141, 0: 10}","[4097, 1548, 5419, 4731, 3902, 3380, 4432, 3710, 3542, 3991, 4880, 2494, 2930, 1237, 5356, 235, 4127, 3911, 217, 3274, 932, 1468, 2624, 2837, 3687, 1483, 2116, 3691, 4885, 1822, 1115, 1952, 4887, 876, 2002, 4576, 3443, 5286, 2441, 4713, 121, 2388, 292, 5439, 83, 4206, 4866, 1120, 5436, 1558, 1312, 2596, 3921, 1887, 388, 2130, 1360, 1525, 4673, 4770, 3790, 1675, 2897, 556, 4577, 4946, 2628, 1915, 2862, 5186, 4722, 3211, 2127, 2225, 352, 1392, 1877, 2901, 1025, 4799, 1285, 2739, 5107, 4436, 415, 2864, 15, 2351, 4600, 2046, 3401, 650, 3938, 1545, 226, 4522, 992, 5069, 534, 18, 335, 3566, 3064, 2698, 989, 123, 1932, 4178, 3670, 4847, 1514, 2273, 1786, 574, 2856, 3256, 618, 4694, 5405, 4404, 2676, 3762, 5255, 3755, 2485, 5321, 536, 233, 3760, 1837, 4431, 3948, 5252, 3797, 1538, 13, 1387, 1886, 1994, 2954, 4108, 3432, 3881, 4477, 2919, 4613, 5175, 714, 1719, 4590, 3976, 3180, 2250, 2329, 3919, 5171, 3330, 2506, 3126, 3434, 223, 1272, 1304, 2738, 3311, 1290, 3073, 3199, 5388, 1989, 2828, 1431, 2509, 1643, 3373, 2821, 1188, 2859, 1955, 510, 1486, 595, 2764, 2793, 2298, 708, 1768, 5056, 5179, 4869, 2794, 2360, 4895, 1094, 5372, 2311, 2488, 1066, 2618, 429, 571, 2244, 2290, 1380, 2387, 68, 2439, 1878, 3749, 4145, 3746, 4125, 1315, 2150, 4656, 348, 770, 3019, 2275, 587, 315, 4120, 36, 2855, 3651, 2566, 4293, 640, 1490, 4054, 4959, 1835, 2354, 3522, 4901, 1243, 1571, 3332, 652, 2068, 1808, 5156, 1114, 4716, 2121, 5117, 4747, 4593, 451, 3953, 2782, 2461, 5091, 4920, 4668, 3397, 5247, 1260, 297, 2704, 3504, 3203, 2900, 384, 157, 4868, 3488, 5245, 3173, 1647, 3273, 1192, 3908, 38, 3992, 749, 5294, 3848, 860, 2479, 2459, 867, 3218, 4838, 4482, 20, 1521, 1641, 122, 3118, 2063, 2400, 3519, 1063, 2035, 3442, 2890, 1763, 2119, 5400, 1961, 4854, 2292, 2772, 527, 4917, 4955, 2172, 1186, 4006, 1388, 4382, 4717, 2798, 831, 1206, 189, 5149, 4021, 507, 3599, 3197, 5148, 539, 2171, 2575, 1615, 4032, 2592, 5425, 350, 201, 2074, 3364, 3764, 2122, 3738, 1086, 4460, 400, 63, 1662, 286, 291, 693, 3484, 2629, 4674, 2334, 1913, 4762, 2824, 4767, 4750, 4965, 1785, 2069, 583, 1797, 5051, 4848, 2634, 1507, 4085, 5159, 3279, 3927, 4, 550, 5447, 207, 2799, 551, 5144, 2563, 146, 4989, 4400, 2113, 434, 27, 4129, 3768, 3668, 3459, 3091, 1215, 4091, 1681, 2872, 4014, 4194, 779, 4029, 3756, 4760, 2476, 1749, 4658, 4871, 4348, 2757, 646, 1897, 2195, 316, 716, 4208, 5383, 825, 5370, 3078, 3778, 1702, 3984, 3847, 1150, 4300, 649, 4808, 3775, 4935, 3159, 687, 1223, 946, 4538, 4535, 3077, 5359, 780, 477, 2524, 371, 5142, 3611, 62, 1069, 4193, 883, 4130, 4328, 622, 4974, 1436, 4519, 1762, 4238, 3012, 3554, 4026, 3342, 4182, 5410, 1407, 2736, 913, 4045, 182, 1382, 3625, 1351, 3839, 3583, 2938, 46, 829, 5326, 2230, 612, 5021, 3121, 1127, 3006, 1852, 329, 118, 3794, 4081, 72, 1330, 519, 1195, 2017, 1920, 314, 1129, 3544, 1000, 282, 4041, 2857, 324, 2210, 5283, 2272, 4438, 10, 5341, 4447, 5120, 4167, 1047, 742, 4222, 2916, 3377, 2533, 2707, 2819, 42, 3054, 703, 1519, 1891, 1740, 2997, 347, 5190, 3489, 4284, 833, 4467, 2603, 4198, 4987, 4303, 2483, 435, 4121, 2536, 3048, 2561, 4425, 3177, 2774, 5313, 5078, 1804, 2780, 317, 1372, 1842, 2517, 35, 4283, 3692, 794, 4047, 4496, 4319, 1623, 896, 4416, 3383, 2217, 2330, 2026, 2565, 890, 1423, 3773, 2941, 4926, 2977, 256, 2755, 3724, 1697, 3141, 3189, 2520, 402, 1159, 1593, 508, 1536, 2376, 2842, 691, 3596, 2321, 1576, 5411, 2201, 2532, 4138, 4631, 3815, 4657, 2905, 3472, 4518, 4823, 4810, 2892, 4073, 2806, 3715, 31, 2372, 1782, 2133, 1893, 3932, 4602, 3997, 1607, 1238, 4296, 1350, 4498, 4735, 1489, 4877, 845, 1630, 3469, 4143, 4002, 106, 2773, 2881, 287, 2062, 1757, 4230, 1627, 830, 563, 1196, 2460, 5333, 2472, 1067, 1377, 4844, 3515, 4552, 958, 4347, 1170, 1543, 3120, 2239, 28, 4909, 3026, 515, 3293, 1948, 4948, 76, 970, 840, 4011, 2675, 4050, 37, 108, 4651, 3319, 3660, 5160, 4768, 1911, 5345, 23, 4419, 1815, 447, 581, 4426, 893, 2756, 1864, 4418, 4444, 1411, 3446, 3278, 1618, 4786, 3998, 2055, 2795, 4841, 1599, 1044, 2418, 2206, 1394, 3409, 4428, 5301, 5139, 4504, 3974, 4123, 2414, 3527, 4244, 4985, 3310, 3975, 1318, 952, 4822, 3414, 2223, 1506, 627, 3094, 1236, 4642, 2481, 1629, 4509, 4265, 3829, 4149, 3249, 426, 3817, 2571, 3894, 4662, 744, 4561, 1926, 3576, 2655, 1714, 2072, 1559, 3358, 4741, 2526, 2896, 5132, 613, 4331, 1969, 1727, 1293, 871, 5264, 4669, 1505, 1095]",319,750,1,False,750
343,human,human,3,True,True,True,"{2: 151, 1: 172, 5: 122, 3: 154, 4: 141, 0: 10}","[4097, 1548, 5419, 4731, 3902, 3380, 4432, 3710, 3542, 3991, 4880, 2494, 2930, 1237, 5356, 235, 4127, 3911, 217, 3274, 932, 1468, 2624, 2837, 3687, 1483, 2116, 3691, 4885, 1822, 1115, 1952, 4887, 876, 2002, 4576, 3443, 5286, 2441, 4713, 121, 2388, 292, 5439, 83, 4206, 4866, 1120, 5436, 1558, 1312, 2596, 3921, 1887, 388, 2130, 1360, 1525, 4673, 4770, 3790, 1675, 2897, 556, 4577, 4946, 2628, 1915, 2862, 5186, 4722, 3211, 2127, 2225, 352, 1392, 1877, 2901, 1025, 4799, 1285, 2739, 5107, 4436, 415, 2864, 15, 2351, 4600, 2046, 3401, 650, 3938, 1545, 226, 4522, 992, 5069, 534, 18, 335, 3566, 3064, 2698, 989, 123, 1932, 4178, 3670, 4847, 1514, 2273, 1786, 574, 2856, 3256, 618, 4694, 5405, 4404, 2676, 3762, 5255, 3755, 2485, 5321, 536, 233, 3760, 1837, 4431, 3948, 5252, 3797, 1538, 13, 1387, 1886, 1994, 2954, 4108, 3432, 3881, 4477, 2919, 4613, 5175, 714, 1719, 4590, 3976, 3180, 2250, 2329, 3919, 5171, 3330, 2506, 3126, 3434, 223, 1272, 1304, 2738, 3311, 1290, 3073, 3199, 5388, 1989, 2828, 1431, 2509, 1643, 3373, 2821, 1188, 2859, 1955, 510, 1486, 595, 2764, 2793, 2298, 708, 1768, 5056, 5179, 4869, 2794, 2360, 4895, 1094, 5372, 2311, 2488, 1066, 2618, 429, 571, 2244, 2290, 1380, 2387, 68, 2439, 1878, 3749, 4145, 3746, 4125, 1315, 2150, 4656, 348, 770, 3019, 2275, 587, 315, 4120, 36, 2855, 3651, 2566, 4293, 640, 1490, 4054, 4959, 1835, 2354, 3522, 4901, 1243, 1571, 3332, 652, 2068, 1808, 5156, 1114, 4716, 2121, 5117, 4747, 4593, 451, 3953, 2782, 2461, 5091, 4920, 4668, 3397, 5247, 1260, 297, 2704, 3504, 3203, 2900, 384, 157, 4868, 3488, 5245, 3173, 1647, 3273, 1192, 3908, 38, 3992, 749, 5294, 3848, 860, 2479, 2459, 867, 3218, 4838, 4482, 20, 1521, 1641, 122, 3118, 2063, 2400, 3519, 1063, 2035, 3442, 2890, 1763, 2119, 5400, 1961, 4854, 2292, 2772, 527, 4917, 4955, 2172, 1186, 4006, 1388, 4382, 4717, 2798, 831, 1206, 189, 5149, 4021, 507, 3599, 3197, 5148, 539, 2171, 2575, 1615, 4032, 2592, 5425, 350, 201, 2074, 3364, 3764, 2122, 3738, 1086, 4460, 400, 63, 1662, 286, 291, 693, 3484, 2629, 4674, 2334, 1913, 4762, 2824, 4767, 4750, 4965, 1785, 2069, 583, 1797, 5051, 4848, 2634, 1507, 4085, 5159, 3279, 3927, 4, 550, 5447, 207, 2799, 551, 5144, 2563, 146, 4989, 4400, 2113, 434, 27, 4129, 3768, 3668, 3459, 3091, 1215, 4091, 1681, 2872, 4014, 4194, 779, 4029, 3756, 4760, 2476, 1749, 4658, 4871, 4348, 2757, 646, 1897, 2195, 316, 716, 4208, 5383, 825, 5370, 3078, 3778, 1702, 3984, 3847, 1150, 4300, 649, 4808, 3775, 4935, 3159, 687, 1223, 946, 4538, 4535, 3077, 5359, 780, 477, 2524, 371, 5142, 3611, 62, 1069, 4193, 883, 4130, 4328, 622, 4974, 1436, 4519, 1762, 4238, 3012, 3554, 4026, 3342, 4182, 5410, 1407, 2736, 913, 4045, 182, 1382, 3625, 1351, 3839, 3583, 2938, 46, 829, 5326, 2230, 612, 5021, 3121, 1127, 3006, 1852, 329, 118, 3794, 4081, 72, 1330, 519, 1195, 2017, 1920, 314, 1129, 3544, 1000, 282, 4041, 2857, 324, 2210, 5283, 2272, 4438, 10, 5341, 4447, 5120, 4167, 1047, 742, 4222, 2916, 3377, 2533, 2707, 2819, 42, 3054, 703, 1519, 1891, 1740, 2997, 347, 5190, 3489, 4284, 833, 4467, 2603, 4198, 4987, 4303, 2483, 435, 4121, 2536, 3048, 2561, 4425, 3177, 2774, 5313, 5078, 1804, 2780, 317, 1372, 1842, 2517, 35, 4283, 3692, 794, 4047, 4496, 4319, 1623, 896, 4416, 3383, 2217, 2330, 2026, 2565, 890, 1423, 3773, 2941, 4926, 2977, 256, 2755, 3724, 1697, 3141, 3189, 2520, 402, 1159, 1593, 508, 1536, 2376, 2842, 691, 3596, 2321, 1576, 5411, 2201, 2532, 4138, 4631, 3815, 4657, 2905, 3472, 4518, 4823, 4810, 2892, 4073, 2806, 3715, 31, 2372, 1782, 2133, 1893, 3932, 4602, 3997, 1607, 1238, 4296, 1350, 4498, 4735, 1489, 4877, 845, 1630, 3469, 4143, 4002, 106, 2773, 2881, 287, 2062, 1757, 4230, 1627, 830, 563, 1196, 2460, 5333, 2472, 1067, 1377, 4844, 3515, 4552, 958, 4347, 1170, 1543, 3120, 2239, 28, 4909, 3026, 515, 3293, 1948, 4948, 76, 970, 840, 4011, 2675, 4050, 37, 108, 4651, 3319, 3660, 5160, 4768, 1911, 5345, 23, 4419, 1815, 447, 581, 4426, 893, 2756, 1864, 4418, 4444, 1411, 3446, 3278, 1618, 4786, 3998, 2055, 2795, 4841, 1599, 1044, 2418, 2206, 1394, 3409, 4428, 5301, 5139, 4504, 3974, 4123, 2414, 3527, 4244, 4985, 3310, 3975, 1318, 952, 4822, 3414, 2223, 1506, 627, 3094, 1236, 4642, 2481, 1629, 4509, 4265, 3829, 4149, 3249, 426, 3817, 2571, 3894, 4662, 744, 4561, 1926, 3576, 2655, 1714, 2072, 1559, 3358, 4741, 2526, 2896, 5132, 613, 4331, 1969, 1727, 1293, 871, 5264, 4669, 1505, 1095]",343,750,1,False,750
82,human,human,3,True,True,True,"{2: 151, 1: 172, 5: 122, 3: 154, 4: 141, 0: 10}","[4097, 1548, 5419, 4731, 3902, 3380, 4432, 3710, 3542, 3991, 4880, 2494, 2930, 1237, 5356, 235, 4127, 3911, 217, 3274, 932, 1468, 2624, 2837, 3687, 1483, 2116, 3691, 4885, 1822, 1115, 1952, 4887, 876, 2002, 4576, 3443, 5286, 2441, 4713, 121, 2388, 292, 5439, 83, 4206, 4866, 1120, 5436, 1558, 1312, 2596, 3921, 1887, 388, 2130, 1360, 1525, 4673, 4770, 3790, 1675, 2897, 556, 4577, 4946, 2628, 1915, 2862, 5186, 4722, 3211, 2127, 2225, 352, 1392, 1877, 2901, 1025, 4799, 1285, 2739, 5107, 4436, 415, 2864, 15, 2351, 4600, 2046, 3401, 650, 3938, 1545, 226, 4522, 992, 5069, 534, 18, 335, 3566, 3064, 2698, 989, 123, 1932, 4178, 3670, 4847, 1514, 2273, 1786, 574, 2856, 3256, 618, 4694, 5405, 4404, 2676, 3762, 5255, 3755, 2485, 5321, 536, 233, 3760, 1837, 4431, 3948, 5252, 3797, 1538, 13, 1387, 1886, 1994, 2954, 4108, 3432, 3881, 4477, 2919, 4613, 5175, 714, 1719, 4590, 3976, 3180, 2250, 2329, 3919, 5171, 3330, 2506, 3126, 3434, 223, 1272, 1304, 2738, 3311, 1290, 3073, 3199, 5388, 1989, 2828, 1431, 2509, 1643, 3373, 2821, 1188, 2859, 1955, 510, 1486, 595, 2764, 2793, 2298, 708, 1768, 5056, 5179, 4869, 2794, 2360, 4895, 1094, 5372, 2311, 2488, 1066, 2618, 429, 571, 2244, 2290, 1380, 2387, 68, 2439, 1878, 3749, 4145, 3746, 4125, 1315, 2150, 4656, 348, 770, 3019, 2275, 587, 315, 4120, 36, 2855, 3651, 2566, 4293, 640, 1490, 4054, 4959, 1835, 2354, 3522, 4901, 1243, 1571, 3332, 652, 2068, 1808, 5156, 1114, 4716, 2121, 5117, 4747, 4593, 451, 3953, 2782, 2461, 5091, 4920, 4668, 3397, 5247, 1260, 297, 2704, 3504, 3203, 2900, 384, 157, 4868, 3488, 5245, 3173, 1647, 3273, 1192, 3908, 38, 3992, 749, 5294, 3848, 860, 2479, 2459, 867, 3218, 4838, 4482, 20, 1521, 1641, 122, 3118, 2063, 2400, 3519, 1063, 2035, 3442, 2890, 1763, 2119, 5400, 1961, 4854, 2292, 2772, 527, 4917, 4955, 2172, 1186, 4006, 1388, 4382, 4717, 2798, 831, 1206, 189, 5149, 4021, 507, 3599, 3197, 5148, 539, 2171, 2575, 1615, 4032, 2592, 5425, 350, 201, 2074, 3364, 3764, 2122, 3738, 1086, 4460, 400, 63, 1662, 286, 291, 693, 3484, 2629, 4674, 2334, 1913, 4762, 2824, 4767, 4750, 4965, 1785, 2069, 583, 1797, 5051, 4848, 2634, 1507, 4085, 5159, 3279, 3927, 4, 550, 5447, 207, 2799, 551, 5144, 2563, 146, 4989, 4400, 2113, 434, 27, 4129, 3768, 3668, 3459, 3091, 1215, 4091, 1681, 2872, 4014, 4194, 779, 4029, 3756, 4760, 2476, 1749, 4658, 4871, 4348, 2757, 646, 1897, 2195, 316, 716, 4208, 5383, 825, 5370, 3078, 3778, 1702, 3984, 3847, 1150, 4300, 649, 4808, 3775, 4935, 3159, 687, 1223, 946, 4538, 4535, 3077, 5359, 780, 477, 2524, 371, 5142, 3611, 62, 1069, 4193, 883, 4130, 4328, 622, 4974, 1436, 4519, 1762, 4238, 3012, 3554, 4026, 3342, 4182, 5410, 1407, 2736, 913, 4045, 182, 1382, 3625, 1351, 3839, 3583, 2938, 46, 829, 5326, 2230, 612, 5021, 3121, 1127, 3006, 1852, 329, 118, 3794, 4081, 72, 1330, 519, 1195, 2017, 1920, 314, 1129, 3544, 1000, 282, 4041, 2857, 324, 2210, 5283, 2272, 4438, 10, 5341, 4447, 5120, 4167, 1047, 742, 4222, 2916, 3377, 2533, 2707, 2819, 42, 3054, 703, 1519, 1891, 1740, 2997, 347, 5190, 3489, 4284, 833, 4467, 2603, 4198, 4987, 4303, 2483, 435, 4121, 2536, 3048, 2561, 4425, 3177, 2774, 5313, 5078, 1804, 2780, 317, 1372, 1842, 2517, 35, 4283, 3692, 794, 4047, 4496, 4319, 1623, 896, 4416, 3383, 2217, 2330, 2026, 2565, 890, 1423, 3773, 2941, 4926, 2977, 256, 2755, 3724, 1697, 3141, 3189, 2520, 402, 1159, 1593, 508, 1536, 2376, 2842, 691, 3596, 2321, 1576, 5411, 2201, 2532, 4138, 4631, 3815, 4657, 2905, 3472, 4518, 4823, 4810, 2892, 4073, 2806, 3715, 31, 2372, 1782, 2133, 1893, 3932, 4602, 3997, 1607, 1238, 4296, 1350, 4498, 4735, 1489, 4877, 845, 1630, 3469, 4143, 4002, 106, 2773, 2881, 287, 2062, 1757, 4230, 1627, 830, 563, 1196, 2460, 5333, 2472, 1067, 1377, 4844, 3515, 4552, 958, 4347, 1170, 1543, 3120, 2239, 28, 4909, 3026, 515, 3293, 1948, 4948, 76, 970, 840, 4011, 2675, 4050, 37, 108, 4651, 3319, 3660, 5160, 4768, 1911, 5345, 23, 4419, 1815, 447, 581, 4426, 893, 2756, 1864, 4418, 4444, 1411, 3446, 3278, 1618, 4786, 3998, 2055, 2795, 4841, 1599, 1044, 2418, 2206, 1394, 3409, 4428, 5301, 5139, 4504, 3974, 4123, 2414, 3527, 4244, 4985, 3310, 3975, 1318, 952, 4822, 3414, 2223, 1506, 627, 3094, 1236, 4642, 2481, 1629, 4509, 4265, 3829, 4149, 3249, 426, 3817, 2571, 3894, 4662, 744, 4561, 1926, 3576, 2655, 1714, 2072, 1559, 3358, 4741, 2526, 2896, 5132, 613, 4331, 1969, 1727, 1293, 871, 5264, 4669, 1505, 1095]",82,750,1,False,750
395,description,description,2,True,True,True,"{2: 151, 1: 172, 5: 122, 3: 154, 4: 141, 0: 10}","[4097, 1548, 5419, 4731, 3902, 3380, 4432, 3710, 3542, 3991, 4880, 2494, 2930, 1237, 5356, 235, 4127, 3911, 217, 3274, 932, 1468, 2624, 2837, 3687, 1483, 2116, 3691, 4885, 1822, 1115, 1952, 4887, 876, 2002, 4576, 3443, 5286, 2441, 4713, 121, 2388, 292, 5439, 83, 4206, 4866, 1120, 5436, 1558, 1312, 2596, 3921, 1887, 388, 2130, 1360, 1525, 4673, 4770, 3790, 1675, 2897, 556, 4577, 4946, 2628, 1915, 2862, 5186, 4722, 3211, 2127, 2225, 352, 1392, 1877, 2901, 1025, 4799, 1285, 2739, 5107, 4436, 415, 2864, 15, 2351, 4600, 2046, 3401, 650, 3938, 1545, 226, 4522, 992, 5069, 534, 18, 335, 3566, 3064, 2698, 989, 123, 1932, 4178, 3670, 4847, 1514, 2273, 1786, 574, 2856, 3256, 618, 4694, 5405, 4404, 2676, 3762, 5255, 3755, 2485, 5321, 536, 233, 3760, 1837, 4431, 3948, 5252, 3797, 1538, 13, 1387, 1886, 1994, 2954, 4108, 3432, 3881, 4477, 2919, 4613, 5175, 714, 1719, 4590, 3976, 3180, 2250, 2329, 3919, 5171, 3330, 2506, 3126, 3434, 223, 1272, 1304, 2738, 3311, 1290, 3073, 3199, 5388, 1989, 2828, 1431, 2509, 1643, 3373, 2821, 1188, 2859, 1955, 510, 1486, 595, 2764, 2793, 2298, 708, 1768, 5056, 5179, 4869, 2794, 2360, 4895, 1094, 5372, 2311, 2488, 1066, 2618, 429, 571, 2244, 2290, 1380, 2387, 68, 2439, 1878, 3749, 4145, 3746, 4125, 1315, 2150, 4656, 348, 770, 3019, 2275, 587, 315, 4120, 36, 2855, 3651, 2566, 4293, 640, 1490, 4054, 4959, 1835, 2354, 3522, 4901, 1243, 1571, 3332, 652, 2068, 1808, 5156, 1114, 4716, 2121, 5117, 4747, 4593, 451, 3953, 2782, 2461, 5091, 4920, 4668, 3397, 5247, 1260, 297, 2704, 3504, 3203, 2900, 384, 157, 4868, 3488, 5245, 3173, 1647, 3273, 1192, 3908, 38, 3992, 749, 5294, 3848, 860, 2479, 2459, 867, 3218, 4838, 4482, 20, 1521, 1641, 122, 3118, 2063, 2400, 3519, 1063, 2035, 3442, 2890, 1763, 2119, 5400, 1961, 4854, 2292, 2772, 527, 4917, 4955, 2172, 1186, 4006, 1388, 4382, 4717, 2798, 831, 1206, 189, 5149, 4021, 507, 3599, 3197, 5148, 539, 2171, 2575, 1615, 4032, 2592, 5425, 350, 201, 2074, 3364, 3764, 2122, 3738, 1086, 4460, 400, 63, 1662, 286, 291, 693, 3484, 2629, 4674, 2334, 1913, 4762, 2824, 4767, 4750, 4965, 1785, 2069, 583, 1797, 5051, 4848, 2634, 1507, 4085, 5159, 3279, 3927, 4, 550, 5447, 207, 2799, 551, 5144, 2563, 146, 4989, 4400, 2113, 434, 27, 4129, 3768, 3668, 3459, 3091, 1215, 4091, 1681, 2872, 4014, 4194, 779, 4029, 3756, 4760, 2476, 1749, 4658, 4871, 4348, 2757, 646, 1897, 2195, 316, 716, 4208, 5383, 825, 5370, 3078, 3778, 1702, 3984, 3847, 1150, 4300, 649, 4808, 3775, 4935, 3159, 687, 1223, 946, 4538, 4535, 3077, 5359, 780, 477, 2524, 371, 5142, 3611, 62, 1069, 4193, 883, 4130, 4328, 622, 4974, 1436, 4519, 1762, 4238, 3012, 3554, 4026, 3342, 4182, 5410, 1407, 2736, 913, 4045, 182, 1382, 3625, 1351, 3839, 3583, 2938, 46, 829, 5326, 2230, 612, 5021, 3121, 1127, 3006, 1852, 329, 118, 3794, 4081, 72, 1330, 519, 1195, 2017, 1920, 314, 1129, 3544, 1000, 282, 4041, 2857, 324, 2210, 5283, 2272, 4438, 10, 5341, 4447, 5120, 4167, 1047, 742, 4222, 2916, 3377, 2533, 2707, 2819, 42, 3054, 703, 1519, 1891, 1740, 2997, 347, 5190, 3489, 4284, 833, 4467, 2603, 4198, 4987, 4303, 2483, 435, 4121, 2536, 3048, 2561, 4425, 3177, 2774, 5313, 5078, 1804, 2780, 317, 1372, 1842, 2517, 35, 4283, 3692, 794, 4047, 4496, 4319, 1623, 896, 4416, 3383, 2217, 2330, 2026, 2565, 890, 1423, 3773, 2941, 4926, 2977, 256, 2755, 3724, 1697, 3141, 3189, 2520, 402, 1159, 1593, 508, 1536, 2376, 2842, 691, 3596, 2321, 1576, 5411, 2201, 2532, 4138, 4631, 3815, 4657, 2905, 3472, 4518, 4823, 4810, 2892, 4073, 2806, 3715, 31, 2372, 1782, 2133, 1893, 3932, 4602, 3997, 1607, 1238, 4296, 1350, 4498, 4735, 1489, 4877, 845, 1630, 3469, 4143, 4002, 106, 2773, 2881, 287, 2062, 1757, 4230, 1627, 830, 563, 1196, 2460, 5333, 2472, 1067, 1377, 4844, 3515, 4552, 958, 4347, 1170, 1543, 3120, 2239, 28, 4909, 3026, 515, 3293, 1948, 4948, 76, 970, 840, 4011, 2675, 4050, 37, 108, 4651, 3319, 3660, 5160, 4768, 1911, 5345, 23, 4419, 1815, 447, 581, 4426, 893, 2756, 1864, 4418, 4444, 1411, 3446, 3278, 1618, 4786, 3998, 2055, 2795, 4841, 1599, 1044, 2418, 2206, 1394, 3409, 4428, 5301, 5139, 4504, 3974, 4123, 2414, 3527, 4244, 4985, 3310, 3975, 1318, 952, 4822, 3414, 2223, 1506, 627, 3094, 1236, 4642, 2481, 1629, 4509, 4265, 3829, 4149, 3249, 426, 3817, 2571, 3894, 4662, 744, 4561, 1926, 3576, 2655, 1714, 2072, 1559, 3358, 4741, 2526, 2896, 5132, 613, 4331, 1969, 1727, 1293, 871, 5264, 4669, 1505, 1095]",395,750,1,False,750
188,location,location,4,True,True,True,"{2: 151, 1: 172, 5: 122, 3: 154, 4: 141, 0: 10}","[4097, 1548, 5419, 4731, 3902, 3380, 4432, 3710, 3542, 3991, 4880, 2494, 2930, 1237, 5356, 235, 4127, 3911, 217, 3274, 932, 1468, 2624, 2837, 3687, 1483, 2116, 3691, 4885, 1822, 1115, 1952, 4887, 876, 2002, 4576, 3443, 5286, 2441, 4713, 121, 2388, 292, 5439, 83, 4206, 4866, 1120, 5436, 1558, 1312, 2596, 3921, 1887, 388, 2130, 1360, 1525, 4673, 4770, 3790, 1675, 2897, 556, 4577, 4946, 2628, 1915, 2862, 5186, 4722, 3211, 2127, 2225, 352, 1392, 1877, 2901, 1025, 4799, 1285, 2739, 5107, 4436, 415, 2864, 15, 2351, 4600, 2046, 3401, 650, 3938, 1545, 226, 4522, 992, 5069, 534, 18, 335, 3566, 3064, 2698, 989, 123, 1932, 4178, 3670, 4847, 1514, 2273, 1786, 574, 2856, 3256, 618, 4694, 5405, 4404, 2676, 3762, 5255, 3755, 2485, 5321, 536, 233, 3760, 1837, 4431, 3948, 5252, 3797, 1538, 13, 1387, 1886, 1994, 2954, 4108, 3432, 3881, 4477, 2919, 4613, 5175, 714, 1719, 4590, 3976, 3180, 2250, 2329, 3919, 5171, 3330, 2506, 3126, 3434, 223, 1272, 1304, 2738, 3311, 1290, 3073, 3199, 5388, 1989, 2828, 1431, 2509, 1643, 3373, 2821, 1188, 2859, 1955, 510, 1486, 595, 2764, 2793, 2298, 708, 1768, 5056, 5179, 4869, 2794, 2360, 4895, 1094, 5372, 2311, 2488, 1066, 2618, 429, 571, 2244, 2290, 1380, 2387, 68, 2439, 1878, 3749, 4145, 3746, 4125, 1315, 2150, 4656, 348, 770, 3019, 2275, 587, 315, 4120, 36, 2855, 3651, 2566, 4293, 640, 1490, 4054, 4959, 1835, 2354, 3522, 4901, 1243, 1571, 3332, 652, 2068, 1808, 5156, 1114, 4716, 2121, 5117, 4747, 4593, 451, 3953, 2782, 2461, 5091, 4920, 4668, 3397, 5247, 1260, 297, 2704, 3504, 3203, 2900, 384, 157, 4868, 3488, 5245, 3173, 1647, 3273, 1192, 3908, 38, 3992, 749, 5294, 3848, 860, 2479, 2459, 867, 3218, 4838, 4482, 20, 1521, 1641, 122, 3118, 2063, 2400, 3519, 1063, 2035, 3442, 2890, 1763, 2119, 5400, 1961, 4854, 2292, 2772, 527, 4917, 4955, 2172, 1186, 4006, 1388, 4382, 4717, 2798, 831, 1206, 189, 5149, 4021, 507, 3599, 3197, 5148, 539, 2171, 2575, 1615, 4032, 2592, 5425, 350, 201, 2074, 3364, 3764, 2122, 3738, 1086, 4460, 400, 63, 1662, 286, 291, 693, 3484, 2629, 4674, 2334, 1913, 4762, 2824, 4767, 4750, 4965, 1785, 2069, 583, 1797, 5051, 4848, 2634, 1507, 4085, 5159, 3279, 3927, 4, 550, 5447, 207, 2799, 551, 5144, 2563, 146, 4989, 4400, 2113, 434, 27, 4129, 3768, 3668, 3459, 3091, 1215, 4091, 1681, 2872, 4014, 4194, 779, 4029, 3756, 4760, 2476, 1749, 4658, 4871, 4348, 2757, 646, 1897, 2195, 316, 716, 4208, 5383, 825, 5370, 3078, 3778, 1702, 3984, 3847, 1150, 4300, 649, 4808, 3775, 4935, 3159, 687, 1223, 946, 4538, 4535, 3077, 5359, 780, 477, 2524, 371, 5142, 3611, 62, 1069, 4193, 883, 4130, 4328, 622, 4974, 1436, 4519, 1762, 4238, 3012, 3554, 4026, 3342, 4182, 5410, 1407, 2736, 913, 4045, 182, 1382, 3625, 1351, 3839, 3583, 2938, 46, 829, 5326, 2230, 612, 5021, 3121, 1127, 3006, 1852, 329, 118, 3794, 4081, 72, 1330, 519, 1195, 2017, 1920, 314, 1129, 3544, 1000, 282, 4041, 2857, 324, 2210, 5283, 2272, 4438, 10, 5341, 4447, 5120, 4167, 1047, 742, 4222, 2916, 3377, 2533, 2707, 2819, 42, 3054, 703, 1519, 1891, 1740, 2997, 347, 5190, 3489, 4284, 833, 4467, 2603, 4198, 4987, 4303, 2483, 435, 4121, 2536, 3048, 2561, 4425, 3177, 2774, 5313, 5078, 1804, 2780, 317, 1372, 1842, 2517, 35, 4283, 3692, 794, 4047, 4496, 4319, 1623, 896, 4416, 3383, 2217, 2330, 2026, 2565, 890, 1423, 3773, 2941, 4926, 2977, 256, 2755, 3724, 1697, 3141, 3189, 2520, 402, 1159, 1593, 508, 1536, 2376, 2842, 691, 3596, 2321, 1576, 5411, 2201, 2532, 4138, 4631, 3815, 4657, 2905, 3472, 4518, 4823, 4810, 2892, 4073, 2806, 3715, 31, 2372, 1782, 2133, 1893, 3932, 4602, 3997, 1607, 1238, 4296, 1350, 4498, 4735, 1489, 4877, 845, 1630, 3469, 4143, 4002, 106, 2773, 2881, 287, 2062, 1757, 4230, 1627, 830, 563, 1196, 2460, 5333, 2472, 1067, 1377, 4844, 3515, 4552, 958, 4347, 1170, 1543, 3120, 2239, 28, 4909, 3026, 515, 3293, 1948, 4948, 76, 970, 840, 4011, 2675, 4050, 37, 108, 4651, 3319, 3660, 5160, 4768, 1911, 5345, 23, 4419, 1815, 447, 581, 4426, 893, 2756, 1864, 4418, 4444, 1411, 3446, 3278, 1618, 4786, 3998, 2055, 2795, 4841, 1599, 1044, 2418, 2206, 1394, 3409, 4428, 5301, 5139, 4504, 3974, 4123, 2414, 3527, 4244, 4985, 3310, 3975, 1318, 952, 4822, 3414, 2223, 1506, 627, 3094, 1236, 4642, 2481, 1629, 4509, 4265, 3829, 4149, 3249, 426, 3817, 2571, 3894, 4662, 744, 4561, 1926, 3576, 2655, 1714, 2072, 1559, 3358, 4741, 2526, 2896, 5132, 613, 4331, 1969, 1727, 1293, 871, 5264, 4669, 1505, 1095]",188,750,1,False,750
203,numeric,entity,1,True,False,True,"{2: 151, 1: 172, 5: 122, 3: 154, 4: 141, 0: 10}","[4097, 1548, 5419, 4731, 3902, 3380, 4432, 3710, 3542, 3991, 4880, 2494, 2930, 1237, 5356, 235, 4127, 3911, 217, 3274, 932, 1468, 2624, 2837, 3687, 1483, 2116, 3691, 4885, 1822, 1115, 1952, 4887, 876, 2002, 4576, 3443, 5286, 2441, 4713, 121, 2388, 292, 5439, 83, 4206, 4866, 1120, 5436, 1558, 1312, 2596, 3921, 1887, 388, 2130, 1360, 1525, 4673, 4770, 3790, 1675, 2897, 556, 4577, 4946, 2628, 1915, 2862, 5186, 4722, 3211, 2127, 2225, 352, 1392, 1877, 2901, 1025, 4799, 1285, 2739, 5107, 4436, 415, 2864, 15, 2351, 4600, 2046, 3401, 650, 3938, 1545, 226, 4522, 992, 5069, 534, 18, 335, 3566, 3064, 2698, 989, 123, 1932, 4178, 3670, 4847, 1514, 2273, 1786, 574, 2856, 3256, 618, 4694, 5405, 4404, 2676, 3762, 5255, 3755, 2485, 5321, 536, 233, 3760, 1837, 4431, 3948, 5252, 3797, 1538, 13, 1387, 1886, 1994, 2954, 4108, 3432, 3881, 4477, 2919, 4613, 5175, 714, 1719, 4590, 3976, 3180, 2250, 2329, 3919, 5171, 3330, 2506, 3126, 3434, 223, 1272, 1304, 2738, 3311, 1290, 3073, 3199, 5388, 1989, 2828, 1431, 2509, 1643, 3373, 2821, 1188, 2859, 1955, 510, 1486, 595, 2764, 2793, 2298, 708, 1768, 5056, 5179, 4869, 2794, 2360, 4895, 1094, 5372, 2311, 2488, 1066, 2618, 429, 571, 2244, 2290, 1380, 2387, 68, 2439, 1878, 3749, 4145, 3746, 4125, 1315, 2150, 4656, 348, 770, 3019, 2275, 587, 315, 4120, 36, 2855, 3651, 2566, 4293, 640, 1490, 4054, 4959, 1835, 2354, 3522, 4901, 1243, 1571, 3332, 652, 2068, 1808, 5156, 1114, 4716, 2121, 5117, 4747, 4593, 451, 3953, 2782, 2461, 5091, 4920, 4668, 3397, 5247, 1260, 297, 2704, 3504, 3203, 2900, 384, 157, 4868, 3488, 5245, 3173, 1647, 3273, 1192, 3908, 38, 3992, 749, 5294, 3848, 860, 2479, 2459, 867, 3218, 4838, 4482, 20, 1521, 1641, 122, 3118, 2063, 2400, 3519, 1063, 2035, 3442, 2890, 1763, 2119, 5400, 1961, 4854, 2292, 2772, 527, 4917, 4955, 2172, 1186, 4006, 1388, 4382, 4717, 2798, 831, 1206, 189, 5149, 4021, 507, 3599, 3197, 5148, 539, 2171, 2575, 1615, 4032, 2592, 5425, 350, 201, 2074, 3364, 3764, 2122, 3738, 1086, 4460, 400, 63, 1662, 286, 291, 693, 3484, 2629, 4674, 2334, 1913, 4762, 2824, 4767, 4750, 4965, 1785, 2069, 583, 1797, 5051, 4848, 2634, 1507, 4085, 5159, 3279, 3927, 4, 550, 5447, 207, 2799, 551, 5144, 2563, 146, 4989, 4400, 2113, 434, 27, 4129, 3768, 3668, 3459, 3091, 1215, 4091, 1681, 2872, 4014, 4194, 779, 4029, 3756, 4760, 2476, 1749, 4658, 4871, 4348, 2757, 646, 1897, 2195, 316, 716, 4208, 5383, 825, 5370, 3078, 3778, 1702, 3984, 3847, 1150, 4300, 649, 4808, 3775, 4935, 3159, 687, 1223, 946, 4538, 4535, 3077, 5359, 780, 477, 2524, 371, 5142, 3611, 62, 1069, 4193, 883, 4130, 4328, 622, 4974, 1436, 4519, 1762, 4238, 3012, 3554, 4026, 3342, 4182, 5410, 1407, 2736, 913, 4045, 182, 1382, 3625, 1351, 3839, 3583, 2938, 46, 829, 5326, 2230, 612, 5021, 3121, 1127, 3006, 1852, 329, 118, 3794, 4081, 72, 1330, 519, 1195, 2017, 1920, 314, 1129, 3544, 1000, 282, 4041, 2857, 324, 2210, 5283, 2272, 4438, 10, 5341, 4447, 5120, 4167, 1047, 742, 4222, 2916, 3377, 2533, 2707, 2819, 42, 3054, 703, 1519, 1891, 1740, 2997, 347, 5190, 3489, 4284, 833, 4467, 2603, 4198, 4987, 4303, 2483, 435, 4121, 2536, 3048, 2561, 4425, 3177, 2774, 5313, 5078, 1804, 2780, 317, 1372, 1842, 2517, 35, 4283, 3692, 794, 4047, 4496, 4319, 1623, 896, 4416, 3383, 2217, 2330, 2026, 2565, 890, 1423, 3773, 2941, 4926, 2977, 256, 2755, 3724, 1697, 3141, 3189, 2520, 402, 1159, 1593, 508, 1536, 2376, 2842, 691, 3596, 2321, 1576, 5411, 2201, 2532, 4138, 4631, 3815, 4657, 2905, 3472, 4518, 4823, 4810, 2892, 4073, 2806, 3715, 31, 2372, 1782, 2133, 1893, 3932, 4602, 3997, 1607, 1238, 4296, 1350, 4498, 4735, 1489, 4877, 845, 1630, 3469, 4143, 4002, 106, 2773, 2881, 287, 2062, 1757, 4230, 1627, 830, 563, 1196, 2460, 5333, 2472, 1067, 1377, 4844, 3515, 4552, 958, 4347, 1170, 1543, 3120, 2239, 28, 4909, 3026, 515, 3293, 1948, 4948, 76, 970, 840, 4011, 2675, 4050, 37, 108, 4651, 3319, 3660, 5160, 4768, 1911, 5345, 23, 4419, 1815, 447, 581, 4426, 893, 2756, 1864, 4418, 4444, 1411, 3446, 3278, 1618, 4786, 3998, 2055, 2795, 4841, 1599, 1044, 2418, 2206, 1394, 3409, 4428, 5301, 5139, 4504, 3974, 4123, 2414, 3527, 4244, 4985, 3310, 3975, 1318, 952, 4822, 3414, 2223, 1506, 627, 3094, 1236, 4642, 2481, 1629, 4509, 4265, 3829, 4149, 3249, 426, 3817, 2571, 3894, 4662, 744, 4561, 1926, 3576, 2655, 1714, 2072, 1559, 3358, 4741, 2526, 2896, 5132, 613, 4331, 1969, 1727, 1293, 871, 5264, 4669, 1505, 1095]",203,750,1,False,750
490,description,description,2,True,True,True,"{2: 151, 1: 172, 5: 122, 3: 154, 4: 141, 0: 10}","[4097, 1548, 5419, 4731, 3902, 3380, 4432, 3710, 3542, 3991, 4880, 2494, 2930, 1237, 5356, 235, 4127, 3911, 217, 3274, 932, 1468, 2624, 2837, 3687, 1483, 2116, 3691, 4885, 1822, 1115, 1952, 4887, 876, 2002, 4576, 3443, 5286, 2441, 4713, 121, 2388, 292, 5439, 83, 4206, 4866, 1120, 5436, 1558, 1312, 2596, 3921, 1887, 388, 2130, 1360, 1525, 4673, 4770, 3790, 1675, 2897, 556, 4577, 4946, 2628, 1915, 2862, 5186, 4722, 3211, 2127, 2225, 352, 1392, 1877, 2901, 1025, 4799, 1285, 2739, 5107, 4436, 415, 2864, 15, 2351, 4600, 2046, 3401, 650, 3938, 1545, 226, 4522, 992, 5069, 534, 18, 335, 3566, 3064, 2698, 989, 123, 1932, 4178, 3670, 4847, 1514, 2273, 1786, 574, 2856, 3256, 618, 4694, 5405, 4404, 2676, 3762, 5255, 3755, 2485, 5321, 536, 233, 3760, 1837, 4431, 3948, 5252, 3797, 1538, 13, 1387, 1886, 1994, 2954, 4108, 3432, 3881, 4477, 2919, 4613, 5175, 714, 1719, 4590, 3976, 3180, 2250, 2329, 3919, 5171, 3330, 2506, 3126, 3434, 223, 1272, 1304, 2738, 3311, 1290, 3073, 3199, 5388, 1989, 2828, 1431, 2509, 1643, 3373, 2821, 1188, 2859, 1955, 510, 1486, 595, 2764, 2793, 2298, 708, 1768, 5056, 5179, 4869, 2794, 2360, 4895, 1094, 5372, 2311, 2488, 1066, 2618, 429, 571, 2244, 2290, 1380, 2387, 68, 2439, 1878, 3749, 4145, 3746, 4125, 1315, 2150, 4656, 348, 770, 3019, 2275, 587, 315, 4120, 36, 2855, 3651, 2566, 4293, 640, 1490, 4054, 4959, 1835, 2354, 3522, 4901, 1243, 1571, 3332, 652, 2068, 1808, 5156, 1114, 4716, 2121, 5117, 4747, 4593, 451, 3953, 2782, 2461, 5091, 4920, 4668, 3397, 5247, 1260, 297, 2704, 3504, 3203, 2900, 384, 157, 4868, 3488, 5245, 3173, 1647, 3273, 1192, 3908, 38, 3992, 749, 5294, 3848, 860, 2479, 2459, 867, 3218, 4838, 4482, 20, 1521, 1641, 122, 3118, 2063, 2400, 3519, 1063, 2035, 3442, 2890, 1763, 2119, 5400, 1961, 4854, 2292, 2772, 527, 4917, 4955, 2172, 1186, 4006, 1388, 4382, 4717, 2798, 831, 1206, 189, 5149, 4021, 507, 3599, 3197, 5148, 539, 2171, 2575, 1615, 4032, 2592, 5425, 350, 201, 2074, 3364, 3764, 2122, 3738, 1086, 4460, 400, 63, 1662, 286, 291, 693, 3484, 2629, 4674, 2334, 1913, 4762, 2824, 4767, 4750, 4965, 1785, 2069, 583, 1797, 5051, 4848, 2634, 1507, 4085, 5159, 3279, 3927, 4, 550, 5447, 207, 2799, 551, 5144, 2563, 146, 4989, 4400, 2113, 434, 27, 4129, 3768, 3668, 3459, 3091, 1215, 4091, 1681, 2872, 4014, 4194, 779, 4029, 3756, 4760, 2476, 1749, 4658, 4871, 4348, 2757, 646, 1897, 2195, 316, 716, 4208, 5383, 825, 5370, 3078, 3778, 1702, 3984, 3847, 1150, 4300, 649, 4808, 3775, 4935, 3159, 687, 1223, 946, 4538, 4535, 3077, 5359, 780, 477, 2524, 371, 5142, 3611, 62, 1069, 4193, 883, 4130, 4328, 622, 4974, 1436, 4519, 1762, 4238, 3012, 3554, 4026, 3342, 4182, 5410, 1407, 2736, 913, 4045, 182, 1382, 3625, 1351, 3839, 3583, 2938, 46, 829, 5326, 2230, 612, 5021, 3121, 1127, 3006, 1852, 329, 118, 3794, 4081, 72, 1330, 519, 1195, 2017, 1920, 314, 1129, 3544, 1000, 282, 4041, 2857, 324, 2210, 5283, 2272, 4438, 10, 5341, 4447, 5120, 4167, 1047, 742, 4222, 2916, 3377, 2533, 2707, 2819, 42, 3054, 703, 1519, 1891, 1740, 2997, 347, 5190, 3489, 4284, 833, 4467, 2603, 4198, 4987, 4303, 2483, 435, 4121, 2536, 3048, 2561, 4425, 3177, 2774, 5313, 5078, 1804, 2780, 317, 1372, 1842, 2517, 35, 4283, 3692, 794, 4047, 4496, 4319, 1623, 896, 4416, 3383, 2217, 2330, 2026, 2565, 890, 1423, 3773, 2941, 4926, 2977, 256, 2755, 3724, 1697, 3141, 3189, 2520, 402, 1159, 1593, 508, 1536, 2376, 2842, 691, 3596, 2321, 1576, 5411, 2201, 2532, 4138, 4631, 3815, 4657, 2905, 3472, 4518, 4823, 4810, 2892, 4073, 2806, 3715, 31, 2372, 1782, 2133, 1893, 3932, 4602, 3997, 1607, 1238, 4296, 1350, 4498, 4735, 1489, 4877, 845, 1630, 3469, 4143, 4002, 106, 2773, 2881, 287, 2062, 1757, 4230, 1627, 830, 563, 1196, 2460, 5333, 2472, 1067, 1377, 4844, 3515, 4552, 958, 4347, 1170, 1543, 3120, 2239, 28, 4909, 3026, 515, 3293, 1948, 4948, 76, 970, 840, 4011, 2675, 4050, 37, 108, 4651, 3319, 3660, 5160, 4768, 1911, 5345, 23, 4419, 1815, 447, 581, 4426, 893, 2756, 1864, 4418, 4444, 1411, 3446, 3278, 1618, 4786, 3998, 2055, 2795, 4841, 1599, 1044, 2418, 2206, 1394, 3409, 4428, 5301, 5139, 4504, 3974, 4123, 2414, 3527, 4244, 4985, 3310, 3975, 1318, 952, 4822, 3414, 2223, 1506, 627, 3094, 1236, 4642, 2481, 1629, 4509, 4265, 3829, 4149, 3249, 426, 3817, 2571, 3894, 4662, 744, 4561, 1926, 3576, 2655, 1714, 2072, 1559, 3358, 4741, 2526, 2896, 5132, 613, 4331, 1969, 1727, 1293, 871, 5264, 4669, 1505, 1095]",490,750,1,False,750
375,numeric,numeric,5,True,True,True,"{2: 151, 1: 172, 5: 122, 3: 154, 4: 141, 0: 10}","[4097, 1548, 5419, 4731, 3902, 3380, 4432, 3710, 3542, 3991, 4880, 2494, 2930, 1237, 5356, 235, 4127, 3911, 217, 3274, 932, 1468, 2624, 2837, 3687, 1483, 2116, 3691, 4885, 1822, 1115, 1952, 4887, 876, 2002, 4576, 3443, 5286, 2441, 4713, 121, 2388, 292, 5439, 83, 4206, 4866, 1120, 5436, 1558, 1312, 2596, 3921, 1887, 388, 2130, 1360, 1525, 4673, 4770, 3790, 1675, 2897, 556, 4577, 4946, 2628, 1915, 2862, 5186, 4722, 3211, 2127, 2225, 352, 1392, 1877, 2901, 1025, 4799, 1285, 2739, 5107, 4436, 415, 2864, 15, 2351, 4600, 2046, 3401, 650, 3938, 1545, 226, 4522, 992, 5069, 534, 18, 335, 3566, 3064, 2698, 989, 123, 1932, 4178, 3670, 4847, 1514, 2273, 1786, 574, 2856, 3256, 618, 4694, 5405, 4404, 2676, 3762, 5255, 3755, 2485, 5321, 536, 233, 3760, 1837, 4431, 3948, 5252, 3797, 1538, 13, 1387, 1886, 1994, 2954, 4108, 3432, 3881, 4477, 2919, 4613, 5175, 714, 1719, 4590, 3976, 3180, 2250, 2329, 3919, 5171, 3330, 2506, 3126, 3434, 223, 1272, 1304, 2738, 3311, 1290, 3073, 3199, 5388, 1989, 2828, 1431, 2509, 1643, 3373, 2821, 1188, 2859, 1955, 510, 1486, 595, 2764, 2793, 2298, 708, 1768, 5056, 5179, 4869, 2794, 2360, 4895, 1094, 5372, 2311, 2488, 1066, 2618, 429, 571, 2244, 2290, 1380, 2387, 68, 2439, 1878, 3749, 4145, 3746, 4125, 1315, 2150, 4656, 348, 770, 3019, 2275, 587, 315, 4120, 36, 2855, 3651, 2566, 4293, 640, 1490, 4054, 4959, 1835, 2354, 3522, 4901, 1243, 1571, 3332, 652, 2068, 1808, 5156, 1114, 4716, 2121, 5117, 4747, 4593, 451, 3953, 2782, 2461, 5091, 4920, 4668, 3397, 5247, 1260, 297, 2704, 3504, 3203, 2900, 384, 157, 4868, 3488, 5245, 3173, 1647, 3273, 1192, 3908, 38, 3992, 749, 5294, 3848, 860, 2479, 2459, 867, 3218, 4838, 4482, 20, 1521, 1641, 122, 3118, 2063, 2400, 3519, 1063, 2035, 3442, 2890, 1763, 2119, 5400, 1961, 4854, 2292, 2772, 527, 4917, 4955, 2172, 1186, 4006, 1388, 4382, 4717, 2798, 831, 1206, 189, 5149, 4021, 507, 3599, 3197, 5148, 539, 2171, 2575, 1615, 4032, 2592, 5425, 350, 201, 2074, 3364, 3764, 2122, 3738, 1086, 4460, 400, 63, 1662, 286, 291, 693, 3484, 2629, 4674, 2334, 1913, 4762, 2824, 4767, 4750, 4965, 1785, 2069, 583, 1797, 5051, 4848, 2634, 1507, 4085, 5159, 3279, 3927, 4, 550, 5447, 207, 2799, 551, 5144, 2563, 146, 4989, 4400, 2113, 434, 27, 4129, 3768, 3668, 3459, 3091, 1215, 4091, 1681, 2872, 4014, 4194, 779, 4029, 3756, 4760, 2476, 1749, 4658, 4871, 4348, 2757, 646, 1897, 2195, 316, 716, 4208, 5383, 825, 5370, 3078, 3778, 1702, 3984, 3847, 1150, 4300, 649, 4808, 3775, 4935, 3159, 687, 1223, 946, 4538, 4535, 3077, 5359, 780, 477, 2524, 371, 5142, 3611, 62, 1069, 4193, 883, 4130, 4328, 622, 4974, 1436, 4519, 1762, 4238, 3012, 3554, 4026, 3342, 4182, 5410, 1407, 2736, 913, 4045, 182, 1382, 3625, 1351, 3839, 3583, 2938, 46, 829, 5326, 2230, 612, 5021, 3121, 1127, 3006, 1852, 329, 118, 3794, 4081, 72, 1330, 519, 1195, 2017, 1920, 314, 1129, 3544, 1000, 282, 4041, 2857, 324, 2210, 5283, 2272, 4438, 10, 5341, 4447, 5120, 4167, 1047, 742, 4222, 2916, 3377, 2533, 2707, 2819, 42, 3054, 703, 1519, 1891, 1740, 2997, 347, 5190, 3489, 4284, 833, 4467, 2603, 4198, 4987, 4303, 2483, 435, 4121, 2536, 3048, 2561, 4425, 3177, 2774, 5313, 5078, 1804, 2780, 317, 1372, 1842, 2517, 35, 4283, 3692, 794, 4047, 4496, 4319, 1623, 896, 4416, 3383, 2217, 2330, 2026, 2565, 890, 1423, 3773, 2941, 4926, 2977, 256, 2755, 3724, 1697, 3141, 3189, 2520, 402, 1159, 1593, 508, 1536, 2376, 2842, 691, 3596, 2321, 1576, 5411, 2201, 2532, 4138, 4631, 3815, 4657, 2905, 3472, 4518, 4823, 4810, 2892, 4073, 2806, 3715, 31, 2372, 1782, 2133, 1893, 3932, 4602, 3997, 1607, 1238, 4296, 1350, 4498, 4735, 1489, 4877, 845, 1630, 3469, 4143, 4002, 106, 2773, 2881, 287, 2062, 1757, 4230, 1627, 830, 563, 1196, 2460, 5333, 2472, 1067, 1377, 4844, 3515, 4552, 958, 4347, 1170, 1543, 3120, 2239, 28, 4909, 3026, 515, 3293, 1948, 4948, 76, 970, 840, 4011, 2675, 4050, 37, 108, 4651, 3319, 3660, 5160, 4768, 1911, 5345, 23, 4419, 1815, 447, 581, 4426, 893, 2756, 1864, 4418, 4444, 1411, 3446, 3278, 1618, 4786, 3998, 2055, 2795, 4841, 1599, 1044, 2418, 2206, 1394, 3409, 4428, 5301, 5139, 4504, 3974, 4123, 2414, 3527, 4244, 4985, 3310, 3975, 1318, 952, 4822, 3414, 2223, 1506, 627, 3094, 1236, 4642, 2481, 1629, 4509, 4265, 3829, 4149, 3249, 426, 3817, 2571, 3894, 4662, 744, 4561, 1926, 3576, 2655, 1714, 2072, 1559, 3358, 4741, 2526, 2896, 5132, 613, 4331, 1969, 1727, 1293, 871, 5264, 4669, 1505, 1095]",375,750,1,False,750
128,description,description,2,True,True,True,"{2: 151, 1: 172, 5: 122, 3: 154, 4: 141, 0: 10}","[4097, 1548, 5419, 4731, 3902, 3380, 4432, 3710, 3542, 3991, 4880, 2494, 2930, 1237, 5356, 235, 4127, 3911, 217, 3274, 932, 1468, 2624, 2837, 3687, 1483, 2116, 3691, 4885, 1822, 1115, 1952, 4887, 876, 2002, 4576, 3443, 5286, 2441, 4713, 121, 2388, 292, 5439, 83, 4206, 4866, 1120, 5436, 1558, 1312, 2596, 3921, 1887, 388, 2130, 1360, 1525, 4673, 4770, 3790, 1675, 2897, 556, 4577, 4946, 2628, 1915, 2862, 5186, 4722, 3211, 2127, 2225, 352, 1392, 1877, 2901, 1025, 4799, 1285, 2739, 5107, 4436, 415, 2864, 15, 2351, 4600, 2046, 3401, 650, 3938, 1545, 226, 4522, 992, 5069, 534, 18, 335, 3566, 3064, 2698, 989, 123, 1932, 4178, 3670, 4847, 1514, 2273, 1786, 574, 2856, 3256, 618, 4694, 5405, 4404, 2676, 3762, 5255, 3755, 2485, 5321, 536, 233, 3760, 1837, 4431, 3948, 5252, 3797, 1538, 13, 1387, 1886, 1994, 2954, 4108, 3432, 3881, 4477, 2919, 4613, 5175, 714, 1719, 4590, 3976, 3180, 2250, 2329, 3919, 5171, 3330, 2506, 3126, 3434, 223, 1272, 1304, 2738, 3311, 1290, 3073, 3199, 5388, 1989, 2828, 1431, 2509, 1643, 3373, 2821, 1188, 2859, 1955, 510, 1486, 595, 2764, 2793, 2298, 708, 1768, 5056, 5179, 4869, 2794, 2360, 4895, 1094, 5372, 2311, 2488, 1066, 2618, 429, 571, 2244, 2290, 1380, 2387, 68, 2439, 1878, 3749, 4145, 3746, 4125, 1315, 2150, 4656, 348, 770, 3019, 2275, 587, 315, 4120, 36, 2855, 3651, 2566, 4293, 640, 1490, 4054, 4959, 1835, 2354, 3522, 4901, 1243, 1571, 3332, 652, 2068, 1808, 5156, 1114, 4716, 2121, 5117, 4747, 4593, 451, 3953, 2782, 2461, 5091, 4920, 4668, 3397, 5247, 1260, 297, 2704, 3504, 3203, 2900, 384, 157, 4868, 3488, 5245, 3173, 1647, 3273, 1192, 3908, 38, 3992, 749, 5294, 3848, 860, 2479, 2459, 867, 3218, 4838, 4482, 20, 1521, 1641, 122, 3118, 2063, 2400, 3519, 1063, 2035, 3442, 2890, 1763, 2119, 5400, 1961, 4854, 2292, 2772, 527, 4917, 4955, 2172, 1186, 4006, 1388, 4382, 4717, 2798, 831, 1206, 189, 5149, 4021, 507, 3599, 3197, 5148, 539, 2171, 2575, 1615, 4032, 2592, 5425, 350, 201, 2074, 3364, 3764, 2122, 3738, 1086, 4460, 400, 63, 1662, 286, 291, 693, 3484, 2629, 4674, 2334, 1913, 4762, 2824, 4767, 4750, 4965, 1785, 2069, 583, 1797, 5051, 4848, 2634, 1507, 4085, 5159, 3279, 3927, 4, 550, 5447, 207, 2799, 551, 5144, 2563, 146, 4989, 4400, 2113, 434, 27, 4129, 3768, 3668, 3459, 3091, 1215, 4091, 1681, 2872, 4014, 4194, 779, 4029, 3756, 4760, 2476, 1749, 4658, 4871, 4348, 2757, 646, 1897, 2195, 316, 716, 4208, 5383, 825, 5370, 3078, 3778, 1702, 3984, 3847, 1150, 4300, 649, 4808, 3775, 4935, 3159, 687, 1223, 946, 4538, 4535, 3077, 5359, 780, 477, 2524, 371, 5142, 3611, 62, 1069, 4193, 883, 4130, 4328, 622, 4974, 1436, 4519, 1762, 4238, 3012, 3554, 4026, 3342, 4182, 5410, 1407, 2736, 913, 4045, 182, 1382, 3625, 1351, 3839, 3583, 2938, 46, 829, 5326, 2230, 612, 5021, 3121, 1127, 3006, 1852, 329, 118, 3794, 4081, 72, 1330, 519, 1195, 2017, 1920, 314, 1129, 3544, 1000, 282, 4041, 2857, 324, 2210, 5283, 2272, 4438, 10, 5341, 4447, 5120, 4167, 1047, 742, 4222, 2916, 3377, 2533, 2707, 2819, 42, 3054, 703, 1519, 1891, 1740, 2997, 347, 5190, 3489, 4284, 833, 4467, 2603, 4198, 4987, 4303, 2483, 435, 4121, 2536, 3048, 2561, 4425, 3177, 2774, 5313, 5078, 1804, 2780, 317, 1372, 1842, 2517, 35, 4283, 3692, 794, 4047, 4496, 4319, 1623, 896, 4416, 3383, 2217, 2330, 2026, 2565, 890, 1423, 3773, 2941, 4926, 2977, 256, 2755, 3724, 1697, 3141, 3189, 2520, 402, 1159, 1593, 508, 1536, 2376, 2842, 691, 3596, 2321, 1576, 5411, 2201, 2532, 4138, 4631, 3815, 4657, 2905, 3472, 4518, 4823, 4810, 2892, 4073, 2806, 3715, 31, 2372, 1782, 2133, 1893, 3932, 4602, 3997, 1607, 1238, 4296, 1350, 4498, 4735, 1489, 4877, 845, 1630, 3469, 4143, 4002, 106, 2773, 2881, 287, 2062, 1757, 4230, 1627, 830, 563, 1196, 2460, 5333, 2472, 1067, 1377, 4844, 3515, 4552, 958, 4347, 1170, 1543, 3120, 2239, 28, 4909, 3026, 515, 3293, 1948, 4948, 76, 970, 840, 4011, 2675, 4050, 37, 108, 4651, 3319, 3660, 5160, 4768, 1911, 5345, 23, 4419, 1815, 447, 581, 4426, 893, 2756, 1864, 4418, 4444, 1411, 3446, 3278, 1618, 4786, 3998, 2055, 2795, 4841, 1599, 1044, 2418, 2206, 1394, 3409, 4428, 5301, 5139, 4504, 3974, 4123, 2414, 3527, 4244, 4985, 3310, 3975, 1318, 952, 4822, 3414, 2223, 1506, 627, 3094, 1236, 4642, 2481, 1629, 4509, 4265, 3829, 4149, 3249, 426, 3817, 2571, 3894, 4662, 744, 4561, 1926, 3576, 2655, 1714, 2072, 1559, 3358, 4741, 2526, 2896, 5132, 613, 4331, 1969, 1727, 1293, 871, 5264, 4669, 1505, 1095]",128,750,1,False,750
198,numeric,entity,1,True,False,True,"{2: 151, 1: 172, 5: 122, 3: 154, 4: 141, 0: 10}","[4097, 1548, 5419, 4731, 3902, 3380, 4432, 3710, 3542, 3991, 4880, 2494, 2930, 1237, 5356, 235, 4127, 3911, 217, 3274, 932, 1468, 2624, 2837, 3687, 1483, 2116, 3691, 4885, 1822, 1115, 1952, 4887, 876, 2002, 4576, 3443, 5286, 2441, 4713, 121, 2388, 292, 5439, 83, 4206, 4866, 1120, 5436, 1558, 1312, 2596, 3921, 1887, 388, 2130, 1360, 1525, 4673, 4770, 3790, 1675, 2897, 556, 4577, 4946, 2628, 1915, 2862, 5186, 4722, 3211, 2127, 2225, 352, 1392, 1877, 2901, 1025, 4799, 1285, 2739, 5107, 4436, 415, 2864, 15, 2351, 4600, 2046, 3401, 650, 3938, 1545, 226, 4522, 992, 5069, 534, 18, 335, 3566, 3064, 2698, 989, 123, 1932, 4178, 3670, 4847, 1514, 2273, 1786, 574, 2856, 3256, 618, 4694, 5405, 4404, 2676, 3762, 5255, 3755, 2485, 5321, 536, 233, 3760, 1837, 4431, 3948, 5252, 3797, 1538, 13, 1387, 1886, 1994, 2954, 4108, 3432, 3881, 4477, 2919, 4613, 5175, 714, 1719, 4590, 3976, 3180, 2250, 2329, 3919, 5171, 3330, 2506, 3126, 3434, 223, 1272, 1304, 2738, 3311, 1290, 3073, 3199, 5388, 1989, 2828, 1431, 2509, 1643, 3373, 2821, 1188, 2859, 1955, 510, 1486, 595, 2764, 2793, 2298, 708, 1768, 5056, 5179, 4869, 2794, 2360, 4895, 1094, 5372, 2311, 2488, 1066, 2618, 429, 571, 2244, 2290, 1380, 2387, 68, 2439, 1878, 3749, 4145, 3746, 4125, 1315, 2150, 4656, 348, 770, 3019, 2275, 587, 315, 4120, 36, 2855, 3651, 2566, 4293, 640, 1490, 4054, 4959, 1835, 2354, 3522, 4901, 1243, 1571, 3332, 652, 2068, 1808, 5156, 1114, 4716, 2121, 5117, 4747, 4593, 451, 3953, 2782, 2461, 5091, 4920, 4668, 3397, 5247, 1260, 297, 2704, 3504, 3203, 2900, 384, 157, 4868, 3488, 5245, 3173, 1647, 3273, 1192, 3908, 38, 3992, 749, 5294, 3848, 860, 2479, 2459, 867, 3218, 4838, 4482, 20, 1521, 1641, 122, 3118, 2063, 2400, 3519, 1063, 2035, 3442, 2890, 1763, 2119, 5400, 1961, 4854, 2292, 2772, 527, 4917, 4955, 2172, 1186, 4006, 1388, 4382, 4717, 2798, 831, 1206, 189, 5149, 4021, 507, 3599, 3197, 5148, 539, 2171, 2575, 1615, 4032, 2592, 5425, 350, 201, 2074, 3364, 3764, 2122, 3738, 1086, 4460, 400, 63, 1662, 286, 291, 693, 3484, 2629, 4674, 2334, 1913, 4762, 2824, 4767, 4750, 4965, 1785, 2069, 583, 1797, 5051, 4848, 2634, 1507, 4085, 5159, 3279, 3927, 4, 550, 5447, 207, 2799, 551, 5144, 2563, 146, 4989, 4400, 2113, 434, 27, 4129, 3768, 3668, 3459, 3091, 1215, 4091, 1681, 2872, 4014, 4194, 779, 4029, 3756, 4760, 2476, 1749, 4658, 4871, 4348, 2757, 646, 1897, 2195, 316, 716, 4208, 5383, 825, 5370, 3078, 3778, 1702, 3984, 3847, 1150, 4300, 649, 4808, 3775, 4935, 3159, 687, 1223, 946, 4538, 4535, 3077, 5359, 780, 477, 2524, 371, 5142, 3611, 62, 1069, 4193, 883, 4130, 4328, 622, 4974, 1436, 4519, 1762, 4238, 3012, 3554, 4026, 3342, 4182, 5410, 1407, 2736, 913, 4045, 182, 1382, 3625, 1351, 3839, 3583, 2938, 46, 829, 5326, 2230, 612, 5021, 3121, 1127, 3006, 1852, 329, 118, 3794, 4081, 72, 1330, 519, 1195, 2017, 1920, 314, 1129, 3544, 1000, 282, 4041, 2857, 324, 2210, 5283, 2272, 4438, 10, 5341, 4447, 5120, 4167, 1047, 742, 4222, 2916, 3377, 2533, 2707, 2819, 42, 3054, 703, 1519, 1891, 1740, 2997, 347, 5190, 3489, 4284, 833, 4467, 2603, 4198, 4987, 4303, 2483, 435, 4121, 2536, 3048, 2561, 4425, 3177, 2774, 5313, 5078, 1804, 2780, 317, 1372, 1842, 2517, 35, 4283, 3692, 794, 4047, 4496, 4319, 1623, 896, 4416, 3383, 2217, 2330, 2026, 2565, 890, 1423, 3773, 2941, 4926, 2977, 256, 2755, 3724, 1697, 3141, 3189, 2520, 402, 1159, 1593, 508, 1536, 2376, 2842, 691, 3596, 2321, 1576, 5411, 2201, 2532, 4138, 4631, 3815, 4657, 2905, 3472, 4518, 4823, 4810, 2892, 4073, 2806, 3715, 31, 2372, 1782, 2133, 1893, 3932, 4602, 3997, 1607, 1238, 4296, 1350, 4498, 4735, 1489, 4877, 845, 1630, 3469, 4143, 4002, 106, 2773, 2881, 287, 2062, 1757, 4230, 1627, 830, 563, 1196, 2460, 5333, 2472, 1067, 1377, 4844, 3515, 4552, 958, 4347, 1170, 1543, 3120, 2239, 28, 4909, 3026, 515, 3293, 1948, 4948, 76, 970, 840, 4011, 2675, 4050, 37, 108, 4651, 3319, 3660, 5160, 4768, 1911, 5345, 23, 4419, 1815, 447, 581, 4426, 893, 2756, 1864, 4418, 4444, 1411, 3446, 3278, 1618, 4786, 3998, 2055, 2795, 4841, 1599, 1044, 2418, 2206, 1394, 3409, 4428, 5301, 5139, 4504, 3974, 4123, 2414, 3527, 4244, 4985, 3310, 3975, 1318, 952, 4822, 3414, 2223, 1506, 627, 3094, 1236, 4642, 2481, 1629, 4509, 4265, 3829, 4149, 3249, 426, 3817, 2571, 3894, 4662, 744, 4561, 1926, 3576, 2655, 1714, 2072, 1559, 3358, 4741, 2526, 2896, 5132, 613, 4331, 1969, 1727, 1293, 871, 5264, 4669, 1505, 1095]",198,750,1,False,750
149,description,description,2,True,True,True,"{2: 151, 1: 172, 5: 122, 3: 154, 4: 141, 0: 10}","[4097, 1548, 5419, 4731, 3902, 3380, 4432, 3710, 3542, 3991, 4880, 2494, 2930, 1237, 5356, 235, 4127, 3911, 217, 3274, 932, 1468, 2624, 2837, 3687, 1483, 2116, 3691, 4885, 1822, 1115, 1952, 4887, 876, 2002, 4576, 3443, 5286, 2441, 4713, 121, 2388, 292, 5439, 83, 4206, 4866, 1120, 5436, 1558, 1312, 2596, 3921, 1887, 388, 2130, 1360, 1525, 4673, 4770, 3790, 1675, 2897, 556, 4577, 4946, 2628, 1915, 2862, 5186, 4722, 3211, 2127, 2225, 352, 1392, 1877, 2901, 1025, 4799, 1285, 2739, 5107, 4436, 415, 2864, 15, 2351, 4600, 2046, 3401, 650, 3938, 1545, 226, 4522, 992, 5069, 534, 18, 335, 3566, 3064, 2698, 989, 123, 1932, 4178, 3670, 4847, 1514, 2273, 1786, 574, 2856, 3256, 618, 4694, 5405, 4404, 2676, 3762, 5255, 3755, 2485, 5321, 536, 233, 3760, 1837, 4431, 3948, 5252, 3797, 1538, 13, 1387, 1886, 1994, 2954, 4108, 3432, 3881, 4477, 2919, 4613, 5175, 714, 1719, 4590, 3976, 3180, 2250, 2329, 3919, 5171, 3330, 2506, 3126, 3434, 223, 1272, 1304, 2738, 3311, 1290, 3073, 3199, 5388, 1989, 2828, 1431, 2509, 1643, 3373, 2821, 1188, 2859, 1955, 510, 1486, 595, 2764, 2793, 2298, 708, 1768, 5056, 5179, 4869, 2794, 2360, 4895, 1094, 5372, 2311, 2488, 1066, 2618, 429, 571, 2244, 2290, 1380, 2387, 68, 2439, 1878, 3749, 4145, 3746, 4125, 1315, 2150, 4656, 348, 770, 3019, 2275, 587, 315, 4120, 36, 2855, 3651, 2566, 4293, 640, 1490, 4054, 4959, 1835, 2354, 3522, 4901, 1243, 1571, 3332, 652, 2068, 1808, 5156, 1114, 4716, 2121, 5117, 4747, 4593, 451, 3953, 2782, 2461, 5091, 4920, 4668, 3397, 5247, 1260, 297, 2704, 3504, 3203, 2900, 384, 157, 4868, 3488, 5245, 3173, 1647, 3273, 1192, 3908, 38, 3992, 749, 5294, 3848, 860, 2479, 2459, 867, 3218, 4838, 4482, 20, 1521, 1641, 122, 3118, 2063, 2400, 3519, 1063, 2035, 3442, 2890, 1763, 2119, 5400, 1961, 4854, 2292, 2772, 527, 4917, 4955, 2172, 1186, 4006, 1388, 4382, 4717, 2798, 831, 1206, 189, 5149, 4021, 507, 3599, 3197, 5148, 539, 2171, 2575, 1615, 4032, 2592, 5425, 350, 201, 2074, 3364, 3764, 2122, 3738, 1086, 4460, 400, 63, 1662, 286, 291, 693, 3484, 2629, 4674, 2334, 1913, 4762, 2824, 4767, 4750, 4965, 1785, 2069, 583, 1797, 5051, 4848, 2634, 1507, 4085, 5159, 3279, 3927, 4, 550, 5447, 207, 2799, 551, 5144, 2563, 146, 4989, 4400, 2113, 434, 27, 4129, 3768, 3668, 3459, 3091, 1215, 4091, 1681, 2872, 4014, 4194, 779, 4029, 3756, 4760, 2476, 1749, 4658, 4871, 4348, 2757, 646, 1897, 2195, 316, 716, 4208, 5383, 825, 5370, 3078, 3778, 1702, 3984, 3847, 1150, 4300, 649, 4808, 3775, 4935, 3159, 687, 1223, 946, 4538, 4535, 3077, 5359, 780, 477, 2524, 371, 5142, 3611, 62, 1069, 4193, 883, 4130, 4328, 622, 4974, 1436, 4519, 1762, 4238, 3012, 3554, 4026, 3342, 4182, 5410, 1407, 2736, 913, 4045, 182, 1382, 3625, 1351, 3839, 3583, 2938, 46, 829, 5326, 2230, 612, 5021, 3121, 1127, 3006, 1852, 329, 118, 3794, 4081, 72, 1330, 519, 1195, 2017, 1920, 314, 1129, 3544, 1000, 282, 4041, 2857, 324, 2210, 5283, 2272, 4438, 10, 5341, 4447, 5120, 4167, 1047, 742, 4222, 2916, 3377, 2533, 2707, 2819, 42, 3054, 703, 1519, 1891, 1740, 2997, 347, 5190, 3489, 4284, 833, 4467, 2603, 4198, 4987, 4303, 2483, 435, 4121, 2536, 3048, 2561, 4425, 3177, 2774, 5313, 5078, 1804, 2780, 317, 1372, 1842, 2517, 35, 4283, 3692, 794, 4047, 4496, 4319, 1623, 896, 4416, 3383, 2217, 2330, 2026, 2565, 890, 1423, 3773, 2941, 4926, 2977, 256, 2755, 3724, 1697, 3141, 3189, 2520, 402, 1159, 1593, 508, 1536, 2376, 2842, 691, 3596, 2321, 1576, 5411, 2201, 2532, 4138, 4631, 3815, 4657, 2905, 3472, 4518, 4823, 4810, 2892, 4073, 2806, 3715, 31, 2372, 1782, 2133, 1893, 3932, 4602, 3997, 1607, 1238, 4296, 1350, 4498, 4735, 1489, 4877, 845, 1630, 3469, 4143, 4002, 106, 2773, 2881, 287, 2062, 1757, 4230, 1627, 830, 563, 1196, 2460, 5333, 2472, 1067, 1377, 4844, 3515, 4552, 958, 4347, 1170, 1543, 3120, 2239, 28, 4909, 3026, 515, 3293, 1948, 4948, 76, 970, 840, 4011, 2675, 4050, 37, 108, 4651, 3319, 3660, 5160, 4768, 1911, 5345, 23, 4419, 1815, 447, 581, 4426, 893, 2756, 1864, 4418, 4444, 1411, 3446, 3278, 1618, 4786, 3998, 2055, 2795, 4841, 1599, 1044, 2418, 2206, 1394, 3409, 4428, 5301, 5139, 4504, 3974, 4123, 2414, 3527, 4244, 4985, 3310, 3975, 1318, 952, 4822, 3414, 2223, 1506, 627, 3094, 1236, 4642, 2481, 1629, 4509, 4265, 3829, 4149, 3249, 426, 3817, 2571, 3894, 4662, 744, 4561, 1926, 3576, 2655, 1714, 2072, 1559, 3358, 4741, 2526, 2896, 5132, 613, 4331, 1969, 1727, 1293, 871, 5264, 4669, 1505, 1095]",149,750,1,False,750
326,numeric,description,2,True,False,True,"{2: 151, 1: 172, 5: 122, 3: 154, 4: 141, 0: 10}","[4097, 1548, 5419, 4731, 3902, 3380, 4432, 3710, 3542, 3991, 4880, 2494, 2930, 1237, 5356, 235, 4127, 3911, 217, 3274, 932, 1468, 2624, 2837, 3687, 1483, 2116, 3691, 4885, 1822, 1115, 1952, 4887, 876, 2002, 4576, 3443, 5286, 2441, 4713, 121, 2388, 292, 5439, 83, 4206, 4866, 1120, 5436, 1558, 1312, 2596, 3921, 1887, 388, 2130, 1360, 1525, 4673, 4770, 3790, 1675, 2897, 556, 4577, 4946, 2628, 1915, 2862, 5186, 4722, 3211, 2127, 2225, 352, 1392, 1877, 2901, 1025, 4799, 1285, 2739, 5107, 4436, 415, 2864, 15, 2351, 4600, 2046, 3401, 650, 3938, 1545, 226, 4522, 992, 5069, 534, 18, 335, 3566, 3064, 2698, 989, 123, 1932, 4178, 3670, 4847, 1514, 2273, 1786, 574, 2856, 3256, 618, 4694, 5405, 4404, 2676, 3762, 5255, 3755, 2485, 5321, 536, 233, 3760, 1837, 4431, 3948, 5252, 3797, 1538, 13, 1387, 1886, 1994, 2954, 4108, 3432, 3881, 4477, 2919, 4613, 5175, 714, 1719, 4590, 3976, 3180, 2250, 2329, 3919, 5171, 3330, 2506, 3126, 3434, 223, 1272, 1304, 2738, 3311, 1290, 3073, 3199, 5388, 1989, 2828, 1431, 2509, 1643, 3373, 2821, 1188, 2859, 1955, 510, 1486, 595, 2764, 2793, 2298, 708, 1768, 5056, 5179, 4869, 2794, 2360, 4895, 1094, 5372, 2311, 2488, 1066, 2618, 429, 571, 2244, 2290, 1380, 2387, 68, 2439, 1878, 3749, 4145, 3746, 4125, 1315, 2150, 4656, 348, 770, 3019, 2275, 587, 315, 4120, 36, 2855, 3651, 2566, 4293, 640, 1490, 4054, 4959, 1835, 2354, 3522, 4901, 1243, 1571, 3332, 652, 2068, 1808, 5156, 1114, 4716, 2121, 5117, 4747, 4593, 451, 3953, 2782, 2461, 5091, 4920, 4668, 3397, 5247, 1260, 297, 2704, 3504, 3203, 2900, 384, 157, 4868, 3488, 5245, 3173, 1647, 3273, 1192, 3908, 38, 3992, 749, 5294, 3848, 860, 2479, 2459, 867, 3218, 4838, 4482, 20, 1521, 1641, 122, 3118, 2063, 2400, 3519, 1063, 2035, 3442, 2890, 1763, 2119, 5400, 1961, 4854, 2292, 2772, 527, 4917, 4955, 2172, 1186, 4006, 1388, 4382, 4717, 2798, 831, 1206, 189, 5149, 4021, 507, 3599, 3197, 5148, 539, 2171, 2575, 1615, 4032, 2592, 5425, 350, 201, 2074, 3364, 3764, 2122, 3738, 1086, 4460, 400, 63, 1662, 286, 291, 693, 3484, 2629, 4674, 2334, 1913, 4762, 2824, 4767, 4750, 4965, 1785, 2069, 583, 1797, 5051, 4848, 2634, 1507, 4085, 5159, 3279, 3927, 4, 550, 5447, 207, 2799, 551, 5144, 2563, 146, 4989, 4400, 2113, 434, 27, 4129, 3768, 3668, 3459, 3091, 1215, 4091, 1681, 2872, 4014, 4194, 779, 4029, 3756, 4760, 2476, 1749, 4658, 4871, 4348, 2757, 646, 1897, 2195, 316, 716, 4208, 5383, 825, 5370, 3078, 3778, 1702, 3984, 3847, 1150, 4300, 649, 4808, 3775, 4935, 3159, 687, 1223, 946, 4538, 4535, 3077, 5359, 780, 477, 2524, 371, 5142, 3611, 62, 1069, 4193, 883, 4130, 4328, 622, 4974, 1436, 4519, 1762, 4238, 3012, 3554, 4026, 3342, 4182, 5410, 1407, 2736, 913, 4045, 182, 1382, 3625, 1351, 3839, 3583, 2938, 46, 829, 5326, 2230, 612, 5021, 3121, 1127, 3006, 1852, 329, 118, 3794, 4081, 72, 1330, 519, 1195, 2017, 1920, 314, 1129, 3544, 1000, 282, 4041, 2857, 324, 2210, 5283, 2272, 4438, 10, 5341, 4447, 5120, 4167, 1047, 742, 4222, 2916, 3377, 2533, 2707, 2819, 42, 3054, 703, 1519, 1891, 1740, 2997, 347, 5190, 3489, 4284, 833, 4467, 2603, 4198, 4987, 4303, 2483, 435, 4121, 2536, 3048, 2561, 4425, 3177, 2774, 5313, 5078, 1804, 2780, 317, 1372, 1842, 2517, 35, 4283, 3692, 794, 4047, 4496, 4319, 1623, 896, 4416, 3383, 2217, 2330, 2026, 2565, 890, 1423, 3773, 2941, 4926, 2977, 256, 2755, 3724, 1697, 3141, 3189, 2520, 402, 1159, 1593, 508, 1536, 2376, 2842, 691, 3596, 2321, 1576, 5411, 2201, 2532, 4138, 4631, 3815, 4657, 2905, 3472, 4518, 4823, 4810, 2892, 4073, 2806, 3715, 31, 2372, 1782, 2133, 1893, 3932, 4602, 3997, 1607, 1238, 4296, 1350, 4498, 4735, 1489, 4877, 845, 1630, 3469, 4143, 4002, 106, 2773, 2881, 287, 2062, 1757, 4230, 1627, 830, 563, 1196, 2460, 5333, 2472, 1067, 1377, 4844, 3515, 4552, 958, 4347, 1170, 1543, 3120, 2239, 28, 4909, 3026, 515, 3293, 1948, 4948, 76, 970, 840, 4011, 2675, 4050, 37, 108, 4651, 3319, 3660, 5160, 4768, 1911, 5345, 23, 4419, 1815, 447, 581, 4426, 893, 2756, 1864, 4418, 4444, 1411, 3446, 3278, 1618, 4786, 3998, 2055, 2795, 4841, 1599, 1044, 2418, 2206, 1394, 3409, 4428, 5301, 5139, 4504, 3974, 4123, 2414, 3527, 4244, 4985, 3310, 3975, 1318, 952, 4822, 3414, 2223, 1506, 627, 3094, 1236, 4642, 2481, 1629, 4509, 4265, 3829, 4149, 3249, 426, 3817, 2571, 3894, 4662, 744, 4561, 1926, 3576, 2655, 1714, 2072, 1559, 3358, 4741, 2526, 2896, 5132, 613, 4331, 1969, 1727, 1293, 871, 5264, 4669, 1505, 1095]",326,750,1,False,750
239,numeric,numeric,5,True,True,True,"{2: 151, 1: 172, 5: 122, 3: 154, 4: 141, 0: 10}","[4097, 1548, 5419, 4731, 3902, 3380, 4432, 3710, 3542, 3991, 4880, 2494, 2930, 1237, 5356, 235, 4127, 3911, 217, 3274, 932, 1468, 2624, 2837, 3687, 1483, 2116, 3691, 4885, 1822, 1115, 1952, 4887, 876, 2002, 4576, 3443, 5286, 2441, 4713, 121, 2388, 292, 5439, 83, 4206, 4866, 1120, 5436, 1558, 1312, 2596, 3921, 1887, 388, 2130, 1360, 1525, 4673, 4770, 3790, 1675, 2897, 556, 4577, 4946, 2628, 1915, 2862, 5186, 4722, 3211, 2127, 2225, 352, 1392, 1877, 2901, 1025, 4799, 1285, 2739, 5107, 4436, 415, 2864, 15, 2351, 4600, 2046, 3401, 650, 3938, 1545, 226, 4522, 992, 5069, 534, 18, 335, 3566, 3064, 2698, 989, 123, 1932, 4178, 3670, 4847, 1514, 2273, 1786, 574, 2856, 3256, 618, 4694, 5405, 4404, 2676, 3762, 5255, 3755, 2485, 5321, 536, 233, 3760, 1837, 4431, 3948, 5252, 3797, 1538, 13, 1387, 1886, 1994, 2954, 4108, 3432, 3881, 4477, 2919, 4613, 5175, 714, 1719, 4590, 3976, 3180, 2250, 2329, 3919, 5171, 3330, 2506, 3126, 3434, 223, 1272, 1304, 2738, 3311, 1290, 3073, 3199, 5388, 1989, 2828, 1431, 2509, 1643, 3373, 2821, 1188, 2859, 1955, 510, 1486, 595, 2764, 2793, 2298, 708, 1768, 5056, 5179, 4869, 2794, 2360, 4895, 1094, 5372, 2311, 2488, 1066, 2618, 429, 571, 2244, 2290, 1380, 2387, 68, 2439, 1878, 3749, 4145, 3746, 4125, 1315, 2150, 4656, 348, 770, 3019, 2275, 587, 315, 4120, 36, 2855, 3651, 2566, 4293, 640, 1490, 4054, 4959, 1835, 2354, 3522, 4901, 1243, 1571, 3332, 652, 2068, 1808, 5156, 1114, 4716, 2121, 5117, 4747, 4593, 451, 3953, 2782, 2461, 5091, 4920, 4668, 3397, 5247, 1260, 297, 2704, 3504, 3203, 2900, 384, 157, 4868, 3488, 5245, 3173, 1647, 3273, 1192, 3908, 38, 3992, 749, 5294, 3848, 860, 2479, 2459, 867, 3218, 4838, 4482, 20, 1521, 1641, 122, 3118, 2063, 2400, 3519, 1063, 2035, 3442, 2890, 1763, 2119, 5400, 1961, 4854, 2292, 2772, 527, 4917, 4955, 2172, 1186, 4006, 1388, 4382, 4717, 2798, 831, 1206, 189, 5149, 4021, 507, 3599, 3197, 5148, 539, 2171, 2575, 1615, 4032, 2592, 5425, 350, 201, 2074, 3364, 3764, 2122, 3738, 1086, 4460, 400, 63, 1662, 286, 291, 693, 3484, 2629, 4674, 2334, 1913, 4762, 2824, 4767, 4750, 4965, 1785, 2069, 583, 1797, 5051, 4848, 2634, 1507, 4085, 5159, 3279, 3927, 4, 550, 5447, 207, 2799, 551, 5144, 2563, 146, 4989, 4400, 2113, 434, 27, 4129, 3768, 3668, 3459, 3091, 1215, 4091, 1681, 2872, 4014, 4194, 779, 4029, 3756, 4760, 2476, 1749, 4658, 4871, 4348, 2757, 646, 1897, 2195, 316, 716, 4208, 5383, 825, 5370, 3078, 3778, 1702, 3984, 3847, 1150, 4300, 649, 4808, 3775, 4935, 3159, 687, 1223, 946, 4538, 4535, 3077, 5359, 780, 477, 2524, 371, 5142, 3611, 62, 1069, 4193, 883, 4130, 4328, 622, 4974, 1436, 4519, 1762, 4238, 3012, 3554, 4026, 3342, 4182, 5410, 1407, 2736, 913, 4045, 182, 1382, 3625, 1351, 3839, 3583, 2938, 46, 829, 5326, 2230, 612, 5021, 3121, 1127, 3006, 1852, 329, 118, 3794, 4081, 72, 1330, 519, 1195, 2017, 1920, 314, 1129, 3544, 1000, 282, 4041, 2857, 324, 2210, 5283, 2272, 4438, 10, 5341, 4447, 5120, 4167, 1047, 742, 4222, 2916, 3377, 2533, 2707, 2819, 42, 3054, 703, 1519, 1891, 1740, 2997, 347, 5190, 3489, 4284, 833, 4467, 2603, 4198, 4987, 4303, 2483, 435, 4121, 2536, 3048, 2561, 4425, 3177, 2774, 5313, 5078, 1804, 2780, 317, 1372, 1842, 2517, 35, 4283, 3692, 794, 4047, 4496, 4319, 1623, 896, 4416, 3383, 2217, 2330, 2026, 2565, 890, 1423, 3773, 2941, 4926, 2977, 256, 2755, 3724, 1697, 3141, 3189, 2520, 402, 1159, 1593, 508, 1536, 2376, 2842, 691, 3596, 2321, 1576, 5411, 2201, 2532, 4138, 4631, 3815, 4657, 2905, 3472, 4518, 4823, 4810, 2892, 4073, 2806, 3715, 31, 2372, 1782, 2133, 1893, 3932, 4602, 3997, 1607, 1238, 4296, 1350, 4498, 4735, 1489, 4877, 845, 1630, 3469, 4143, 4002, 106, 2773, 2881, 287, 2062, 1757, 4230, 1627, 830, 563, 1196, 2460, 5333, 2472, 1067, 1377, 4844, 3515, 4552, 958, 4347, 1170, 1543, 3120, 2239, 28, 4909, 3026, 515, 3293, 1948, 4948, 76, 970, 840, 4011, 2675, 4050, 37, 108, 4651, 3319, 3660, 5160, 4768, 1911, 5345, 23, 4419, 1815, 447, 581, 4426, 893, 2756, 1864, 4418, 4444, 1411, 3446, 3278, 1618, 4786, 3998, 2055, 2795, 4841, 1599, 1044, 2418, 2206, 1394, 3409, 4428, 5301, 5139, 4504, 3974, 4123, 2414, 3527, 4244, 4985, 3310, 3975, 1318, 952, 4822, 3414, 2223, 1506, 627, 3094, 1236, 4642, 2481, 1629, 4509, 4265, 3829, 4149, 3249, 426, 3817, 2571, 3894, 4662, 744, 4561, 1926, 3576, 2655, 1714, 2072, 1559, 3358, 4741, 2526, 2896, 5132, 613, 4331, 1969, 1727, 1293, 871, 5264, 4669, 1505, 1095]",239,750,1,False,750
144,description,description,2,True,True,True,"{2: 151, 1: 172, 5: 122, 3: 154, 4: 141, 0: 10}","[4097, 1548, 5419, 4731, 3902, 3380, 4432, 3710, 3542, 3991, 4880, 2494, 2930, 1237, 5356, 235, 4127, 3911, 217, 3274, 932, 1468, 2624, 2837, 3687, 1483, 2116, 3691, 4885, 1822, 1115, 1952, 4887, 876, 2002, 4576, 3443, 5286, 2441, 4713, 121, 2388, 292, 5439, 83, 4206, 4866, 1120, 5436, 1558, 1312, 2596, 3921, 1887, 388, 2130, 1360, 1525, 4673, 4770, 3790, 1675, 2897, 556, 4577, 4946, 2628, 1915, 2862, 5186, 4722, 3211, 2127, 2225, 352, 1392, 1877, 2901, 1025, 4799, 1285, 2739, 5107, 4436, 415, 2864, 15, 2351, 4600, 2046, 3401, 650, 3938, 1545, 226, 4522, 992, 5069, 534, 18, 335, 3566, 3064, 2698, 989, 123, 1932, 4178, 3670, 4847, 1514, 2273, 1786, 574, 2856, 3256, 618, 4694, 5405, 4404, 2676, 3762, 5255, 3755, 2485, 5321, 536, 233, 3760, 1837, 4431, 3948, 5252, 3797, 1538, 13, 1387, 1886, 1994, 2954, 4108, 3432, 3881, 4477, 2919, 4613, 5175, 714, 1719, 4590, 3976, 3180, 2250, 2329, 3919, 5171, 3330, 2506, 3126, 3434, 223, 1272, 1304, 2738, 3311, 1290, 3073, 3199, 5388, 1989, 2828, 1431, 2509, 1643, 3373, 2821, 1188, 2859, 1955, 510, 1486, 595, 2764, 2793, 2298, 708, 1768, 5056, 5179, 4869, 2794, 2360, 4895, 1094, 5372, 2311, 2488, 1066, 2618, 429, 571, 2244, 2290, 1380, 2387, 68, 2439, 1878, 3749, 4145, 3746, 4125, 1315, 2150, 4656, 348, 770, 3019, 2275, 587, 315, 4120, 36, 2855, 3651, 2566, 4293, 640, 1490, 4054, 4959, 1835, 2354, 3522, 4901, 1243, 1571, 3332, 652, 2068, 1808, 5156, 1114, 4716, 2121, 5117, 4747, 4593, 451, 3953, 2782, 2461, 5091, 4920, 4668, 3397, 5247, 1260, 297, 2704, 3504, 3203, 2900, 384, 157, 4868, 3488, 5245, 3173, 1647, 3273, 1192, 3908, 38, 3992, 749, 5294, 3848, 860, 2479, 2459, 867, 3218, 4838, 4482, 20, 1521, 1641, 122, 3118, 2063, 2400, 3519, 1063, 2035, 3442, 2890, 1763, 2119, 5400, 1961, 4854, 2292, 2772, 527, 4917, 4955, 2172, 1186, 4006, 1388, 4382, 4717, 2798, 831, 1206, 189, 5149, 4021, 507, 3599, 3197, 5148, 539, 2171, 2575, 1615, 4032, 2592, 5425, 350, 201, 2074, 3364, 3764, 2122, 3738, 1086, 4460, 400, 63, 1662, 286, 291, 693, 3484, 2629, 4674, 2334, 1913, 4762, 2824, 4767, 4750, 4965, 1785, 2069, 583, 1797, 5051, 4848, 2634, 1507, 4085, 5159, 3279, 3927, 4, 550, 5447, 207, 2799, 551, 5144, 2563, 146, 4989, 4400, 2113, 434, 27, 4129, 3768, 3668, 3459, 3091, 1215, 4091, 1681, 2872, 4014, 4194, 779, 4029, 3756, 4760, 2476, 1749, 4658, 4871, 4348, 2757, 646, 1897, 2195, 316, 716, 4208, 5383, 825, 5370, 3078, 3778, 1702, 3984, 3847, 1150, 4300, 649, 4808, 3775, 4935, 3159, 687, 1223, 946, 4538, 4535, 3077, 5359, 780, 477, 2524, 371, 5142, 3611, 62, 1069, 4193, 883, 4130, 4328, 622, 4974, 1436, 4519, 1762, 4238, 3012, 3554, 4026, 3342, 4182, 5410, 1407, 2736, 913, 4045, 182, 1382, 3625, 1351, 3839, 3583, 2938, 46, 829, 5326, 2230, 612, 5021, 3121, 1127, 3006, 1852, 329, 118, 3794, 4081, 72, 1330, 519, 1195, 2017, 1920, 314, 1129, 3544, 1000, 282, 4041, 2857, 324, 2210, 5283, 2272, 4438, 10, 5341, 4447, 5120, 4167, 1047, 742, 4222, 2916, 3377, 2533, 2707, 2819, 42, 3054, 703, 1519, 1891, 1740, 2997, 347, 5190, 3489, 4284, 833, 4467, 2603, 4198, 4987, 4303, 2483, 435, 4121, 2536, 3048, 2561, 4425, 3177, 2774, 5313, 5078, 1804, 2780, 317, 1372, 1842, 2517, 35, 4283, 3692, 794, 4047, 4496, 4319, 1623, 896, 4416, 3383, 2217, 2330, 2026, 2565, 890, 1423, 3773, 2941, 4926, 2977, 256, 2755, 3724, 1697, 3141, 3189, 2520, 402, 1159, 1593, 508, 1536, 2376, 2842, 691, 3596, 2321, 1576, 5411, 2201, 2532, 4138, 4631, 3815, 4657, 2905, 3472, 4518, 4823, 4810, 2892, 4073, 2806, 3715, 31, 2372, 1782, 2133, 1893, 3932, 4602, 3997, 1607, 1238, 4296, 1350, 4498, 4735, 1489, 4877, 845, 1630, 3469, 4143, 4002, 106, 2773, 2881, 287, 2062, 1757, 4230, 1627, 830, 563, 1196, 2460, 5333, 2472, 1067, 1377, 4844, 3515, 4552, 958, 4347, 1170, 1543, 3120, 2239, 28, 4909, 3026, 515, 3293, 1948, 4948, 76, 970, 840, 4011, 2675, 4050, 37, 108, 4651, 3319, 3660, 5160, 4768, 1911, 5345, 23, 4419, 1815, 447, 581, 4426, 893, 2756, 1864, 4418, 4444, 1411, 3446, 3278, 1618, 4786, 3998, 2055, 2795, 4841, 1599, 1044, 2418, 2206, 1394, 3409, 4428, 5301, 5139, 4504, 3974, 4123, 2414, 3527, 4244, 4985, 3310, 3975, 1318, 952, 4822, 3414, 2223, 1506, 627, 3094, 1236, 4642, 2481, 1629, 4509, 4265, 3829, 4149, 3249, 426, 3817, 2571, 3894, 4662, 744, 4561, 1926, 3576, 2655, 1714, 2072, 1559, 3358, 4741, 2526, 2896, 5132, 613, 4331, 1969, 1727, 1293, 871, 5264, 4669, 1505, 1095]",144,750,1,False,750
362,numeric,entity,1,True,False,True,"{2: 151, 1: 172, 5: 122, 3: 154, 4: 141, 0: 10}","[4097, 1548, 5419, 4731, 3902, 3380, 4432, 3710, 3542, 3991, 4880, 2494, 2930, 1237, 5356, 235, 4127, 3911, 217, 3274, 932, 1468, 2624, 2837, 3687, 1483, 2116, 3691, 4885, 1822, 1115, 1952, 4887, 876, 2002, 4576, 3443, 5286, 2441, 4713, 121, 2388, 292, 5439, 83, 4206, 4866, 1120, 5436, 1558, 1312, 2596, 3921, 1887, 388, 2130, 1360, 1525, 4673, 4770, 3790, 1675, 2897, 556, 4577, 4946, 2628, 1915, 2862, 5186, 4722, 3211, 2127, 2225, 352, 1392, 1877, 2901, 1025, 4799, 1285, 2739, 5107, 4436, 415, 2864, 15, 2351, 4600, 2046, 3401, 650, 3938, 1545, 226, 4522, 992, 5069, 534, 18, 335, 3566, 3064, 2698, 989, 123, 1932, 4178, 3670, 4847, 1514, 2273, 1786, 574, 2856, 3256, 618, 4694, 5405, 4404, 2676, 3762, 5255, 3755, 2485, 5321, 536, 233, 3760, 1837, 4431, 3948, 5252, 3797, 1538, 13, 1387, 1886, 1994, 2954, 4108, 3432, 3881, 4477, 2919, 4613, 5175, 714, 1719, 4590, 3976, 3180, 2250, 2329, 3919, 5171, 3330, 2506, 3126, 3434, 223, 1272, 1304, 2738, 3311, 1290, 3073, 3199, 5388, 1989, 2828, 1431, 2509, 1643, 3373, 2821, 1188, 2859, 1955, 510, 1486, 595, 2764, 2793, 2298, 708, 1768, 5056, 5179, 4869, 2794, 2360, 4895, 1094, 5372, 2311, 2488, 1066, 2618, 429, 571, 2244, 2290, 1380, 2387, 68, 2439, 1878, 3749, 4145, 3746, 4125, 1315, 2150, 4656, 348, 770, 3019, 2275, 587, 315, 4120, 36, 2855, 3651, 2566, 4293, 640, 1490, 4054, 4959, 1835, 2354, 3522, 4901, 1243, 1571, 3332, 652, 2068, 1808, 5156, 1114, 4716, 2121, 5117, 4747, 4593, 451, 3953, 2782, 2461, 5091, 4920, 4668, 3397, 5247, 1260, 297, 2704, 3504, 3203, 2900, 384, 157, 4868, 3488, 5245, 3173, 1647, 3273, 1192, 3908, 38, 3992, 749, 5294, 3848, 860, 2479, 2459, 867, 3218, 4838, 4482, 20, 1521, 1641, 122, 3118, 2063, 2400, 3519, 1063, 2035, 3442, 2890, 1763, 2119, 5400, 1961, 4854, 2292, 2772, 527, 4917, 4955, 2172, 1186, 4006, 1388, 4382, 4717, 2798, 831, 1206, 189, 5149, 4021, 507, 3599, 3197, 5148, 539, 2171, 2575, 1615, 4032, 2592, 5425, 350, 201, 2074, 3364, 3764, 2122, 3738, 1086, 4460, 400, 63, 1662, 286, 291, 693, 3484, 2629, 4674, 2334, 1913, 4762, 2824, 4767, 4750, 4965, 1785, 2069, 583, 1797, 5051, 4848, 2634, 1507, 4085, 5159, 3279, 3927, 4, 550, 5447, 207, 2799, 551, 5144, 2563, 146, 4989, 4400, 2113, 434, 27, 4129, 3768, 3668, 3459, 3091, 1215, 4091, 1681, 2872, 4014, 4194, 779, 4029, 3756, 4760, 2476, 1749, 4658, 4871, 4348, 2757, 646, 1897, 2195, 316, 716, 4208, 5383, 825, 5370, 3078, 3778, 1702, 3984, 3847, 1150, 4300, 649, 4808, 3775, 4935, 3159, 687, 1223, 946, 4538, 4535, 3077, 5359, 780, 477, 2524, 371, 5142, 3611, 62, 1069, 4193, 883, 4130, 4328, 622, 4974, 1436, 4519, 1762, 4238, 3012, 3554, 4026, 3342, 4182, 5410, 1407, 2736, 913, 4045, 182, 1382, 3625, 1351, 3839, 3583, 2938, 46, 829, 5326, 2230, 612, 5021, 3121, 1127, 3006, 1852, 329, 118, 3794, 4081, 72, 1330, 519, 1195, 2017, 1920, 314, 1129, 3544, 1000, 282, 4041, 2857, 324, 2210, 5283, 2272, 4438, 10, 5341, 4447, 5120, 4167, 1047, 742, 4222, 2916, 3377, 2533, 2707, 2819, 42, 3054, 703, 1519, 1891, 1740, 2997, 347, 5190, 3489, 4284, 833, 4467, 2603, 4198, 4987, 4303, 2483, 435, 4121, 2536, 3048, 2561, 4425, 3177, 2774, 5313, 5078, 1804, 2780, 317, 1372, 1842, 2517, 35, 4283, 3692, 794, 4047, 4496, 4319, 1623, 896, 4416, 3383, 2217, 2330, 2026, 2565, 890, 1423, 3773, 2941, 4926, 2977, 256, 2755, 3724, 1697, 3141, 3189, 2520, 402, 1159, 1593, 508, 1536, 2376, 2842, 691, 3596, 2321, 1576, 5411, 2201, 2532, 4138, 4631, 3815, 4657, 2905, 3472, 4518, 4823, 4810, 2892, 4073, 2806, 3715, 31, 2372, 1782, 2133, 1893, 3932, 4602, 3997, 1607, 1238, 4296, 1350, 4498, 4735, 1489, 4877, 845, 1630, 3469, 4143, 4002, 106, 2773, 2881, 287, 2062, 1757, 4230, 1627, 830, 563, 1196, 2460, 5333, 2472, 1067, 1377, 4844, 3515, 4552, 958, 4347, 1170, 1543, 3120, 2239, 28, 4909, 3026, 515, 3293, 1948, 4948, 76, 970, 840, 4011, 2675, 4050, 37, 108, 4651, 3319, 3660, 5160, 4768, 1911, 5345, 23, 4419, 1815, 447, 581, 4426, 893, 2756, 1864, 4418, 4444, 1411, 3446, 3278, 1618, 4786, 3998, 2055, 2795, 4841, 1599, 1044, 2418, 2206, 1394, 3409, 4428, 5301, 5139, 4504, 3974, 4123, 2414, 3527, 4244, 4985, 3310, 3975, 1318, 952, 4822, 3414, 2223, 1506, 627, 3094, 1236, 4642, 2481, 1629, 4509, 4265, 3829, 4149, 3249, 426, 3817, 2571, 3894, 4662, 744, 4561, 1926, 3576, 2655, 1714, 2072, 1559, 3358, 4741, 2526, 2896, 5132, 613, 4331, 1969, 1727, 1293, 871, 5264, 4669, 1505, 1095]",362,750,1,False,750
350,numeric,numeric,5,True,True,True,"{2: 151, 1: 172, 5: 122, 3: 154, 4: 141, 0: 10}","[4097, 1548, 5419, 4731, 3902, 3380, 4432, 3710, 3542, 3991, 4880, 2494, 2930, 1237, 5356, 235, 4127, 3911, 217, 3274, 932, 1468, 2624, 2837, 3687, 1483, 2116, 3691, 4885, 1822, 1115, 1952, 4887, 876, 2002, 4576, 3443, 5286, 2441, 4713, 121, 2388, 292, 5439, 83, 4206, 4866, 1120, 5436, 1558, 1312, 2596, 3921, 1887, 388, 2130, 1360, 1525, 4673, 4770, 3790, 1675, 2897, 556, 4577, 4946, 2628, 1915, 2862, 5186, 4722, 3211, 2127, 2225, 352, 1392, 1877, 2901, 1025, 4799, 1285, 2739, 5107, 4436, 415, 2864, 15, 2351, 4600, 2046, 3401, 650, 3938, 1545, 226, 4522, 992, 5069, 534, 18, 335, 3566, 3064, 2698, 989, 123, 1932, 4178, 3670, 4847, 1514, 2273, 1786, 574, 2856, 3256, 618, 4694, 5405, 4404, 2676, 3762, 5255, 3755, 2485, 5321, 536, 233, 3760, 1837, 4431, 3948, 5252, 3797, 1538, 13, 1387, 1886, 1994, 2954, 4108, 3432, 3881, 4477, 2919, 4613, 5175, 714, 1719, 4590, 3976, 3180, 2250, 2329, 3919, 5171, 3330, 2506, 3126, 3434, 223, 1272, 1304, 2738, 3311, 1290, 3073, 3199, 5388, 1989, 2828, 1431, 2509, 1643, 3373, 2821, 1188, 2859, 1955, 510, 1486, 595, 2764, 2793, 2298, 708, 1768, 5056, 5179, 4869, 2794, 2360, 4895, 1094, 5372, 2311, 2488, 1066, 2618, 429, 571, 2244, 2290, 1380, 2387, 68, 2439, 1878, 3749, 4145, 3746, 4125, 1315, 2150, 4656, 348, 770, 3019, 2275, 587, 315, 4120, 36, 2855, 3651, 2566, 4293, 640, 1490, 4054, 4959, 1835, 2354, 3522, 4901, 1243, 1571, 3332, 652, 2068, 1808, 5156, 1114, 4716, 2121, 5117, 4747, 4593, 451, 3953, 2782, 2461, 5091, 4920, 4668, 3397, 5247, 1260, 297, 2704, 3504, 3203, 2900, 384, 157, 4868, 3488, 5245, 3173, 1647, 3273, 1192, 3908, 38, 3992, 749, 5294, 3848, 860, 2479, 2459, 867, 3218, 4838, 4482, 20, 1521, 1641, 122, 3118, 2063, 2400, 3519, 1063, 2035, 3442, 2890, 1763, 2119, 5400, 1961, 4854, 2292, 2772, 527, 4917, 4955, 2172, 1186, 4006, 1388, 4382, 4717, 2798, 831, 1206, 189, 5149, 4021, 507, 3599, 3197, 5148, 539, 2171, 2575, 1615, 4032, 2592, 5425, 350, 201, 2074, 3364, 3764, 2122, 3738, 1086, 4460, 400, 63, 1662, 286, 291, 693, 3484, 2629, 4674, 2334, 1913, 4762, 2824, 4767, 4750, 4965, 1785, 2069, 583, 1797, 5051, 4848, 2634, 1507, 4085, 5159, 3279, 3927, 4, 550, 5447, 207, 2799, 551, 5144, 2563, 146, 4989, 4400, 2113, 434, 27, 4129, 3768, 3668, 3459, 3091, 1215, 4091, 1681, 2872, 4014, 4194, 779, 4029, 3756, 4760, 2476, 1749, 4658, 4871, 4348, 2757, 646, 1897, 2195, 316, 716, 4208, 5383, 825, 5370, 3078, 3778, 1702, 3984, 3847, 1150, 4300, 649, 4808, 3775, 4935, 3159, 687, 1223, 946, 4538, 4535, 3077, 5359, 780, 477, 2524, 371, 5142, 3611, 62, 1069, 4193, 883, 4130, 4328, 622, 4974, 1436, 4519, 1762, 4238, 3012, 3554, 4026, 3342, 4182, 5410, 1407, 2736, 913, 4045, 182, 1382, 3625, 1351, 3839, 3583, 2938, 46, 829, 5326, 2230, 612, 5021, 3121, 1127, 3006, 1852, 329, 118, 3794, 4081, 72, 1330, 519, 1195, 2017, 1920, 314, 1129, 3544, 1000, 282, 4041, 2857, 324, 2210, 5283, 2272, 4438, 10, 5341, 4447, 5120, 4167, 1047, 742, 4222, 2916, 3377, 2533, 2707, 2819, 42, 3054, 703, 1519, 1891, 1740, 2997, 347, 5190, 3489, 4284, 833, 4467, 2603, 4198, 4987, 4303, 2483, 435, 4121, 2536, 3048, 2561, 4425, 3177, 2774, 5313, 5078, 1804, 2780, 317, 1372, 1842, 2517, 35, 4283, 3692, 794, 4047, 4496, 4319, 1623, 896, 4416, 3383, 2217, 2330, 2026, 2565, 890, 1423, 3773, 2941, 4926, 2977, 256, 2755, 3724, 1697, 3141, 3189, 2520, 402, 1159, 1593, 508, 1536, 2376, 2842, 691, 3596, 2321, 1576, 5411, 2201, 2532, 4138, 4631, 3815, 4657, 2905, 3472, 4518, 4823, 4810, 2892, 4073, 2806, 3715, 31, 2372, 1782, 2133, 1893, 3932, 4602, 3997, 1607, 1238, 4296, 1350, 4498, 4735, 1489, 4877, 845, 1630, 3469, 4143, 4002, 106, 2773, 2881, 287, 2062, 1757, 4230, 1627, 830, 563, 1196, 2460, 5333, 2472, 1067, 1377, 4844, 3515, 4552, 958, 4347, 1170, 1543, 3120, 2239, 28, 4909, 3026, 515, 3293, 1948, 4948, 76, 970, 840, 4011, 2675, 4050, 37, 108, 4651, 3319, 3660, 5160, 4768, 1911, 5345, 23, 4419, 1815, 447, 581, 4426, 893, 2756, 1864, 4418, 4444, 1411, 3446, 3278, 1618, 4786, 3998, 2055, 2795, 4841, 1599, 1044, 2418, 2206, 1394, 3409, 4428, 5301, 5139, 4504, 3974, 4123, 2414, 3527, 4244, 4985, 3310, 3975, 1318, 952, 4822, 3414, 2223, 1506, 627, 3094, 1236, 4642, 2481, 1629, 4509, 4265, 3829, 4149, 3249, 426, 3817, 2571, 3894, 4662, 744, 4561, 1926, 3576, 2655, 1714, 2072, 1559, 3358, 4741, 2526, 2896, 5132, 613, 4331, 1969, 1727, 1293, 871, 5264, 4669, 1505, 1095]",350,750,1,False,750
301,numeric,numeric,5,True,True,True,"{2: 151, 1: 172, 5: 122, 3: 154, 4: 141, 0: 10}","[4097, 1548, 5419, 4731, 3902, 3380, 4432, 3710, 3542, 3991, 4880, 2494, 2930, 1237, 5356, 235, 4127, 3911, 217, 3274, 932, 1468, 2624, 2837, 3687, 1483, 2116, 3691, 4885, 1822, 1115, 1952, 4887, 876, 2002, 4576, 3443, 5286, 2441, 4713, 121, 2388, 292, 5439, 83, 4206, 4866, 1120, 5436, 1558, 1312, 2596, 3921, 1887, 388, 2130, 1360, 1525, 4673, 4770, 3790, 1675, 2897, 556, 4577, 4946, 2628, 1915, 2862, 5186, 4722, 3211, 2127, 2225, 352, 1392, 1877, 2901, 1025, 4799, 1285, 2739, 5107, 4436, 415, 2864, 15, 2351, 4600, 2046, 3401, 650, 3938, 1545, 226, 4522, 992, 5069, 534, 18, 335, 3566, 3064, 2698, 989, 123, 1932, 4178, 3670, 4847, 1514, 2273, 1786, 574, 2856, 3256, 618, 4694, 5405, 4404, 2676, 3762, 5255, 3755, 2485, 5321, 536, 233, 3760, 1837, 4431, 3948, 5252, 3797, 1538, 13, 1387, 1886, 1994, 2954, 4108, 3432, 3881, 4477, 2919, 4613, 5175, 714, 1719, 4590, 3976, 3180, 2250, 2329, 3919, 5171, 3330, 2506, 3126, 3434, 223, 1272, 1304, 2738, 3311, 1290, 3073, 3199, 5388, 1989, 2828, 1431, 2509, 1643, 3373, 2821, 1188, 2859, 1955, 510, 1486, 595, 2764, 2793, 2298, 708, 1768, 5056, 5179, 4869, 2794, 2360, 4895, 1094, 5372, 2311, 2488, 1066, 2618, 429, 571, 2244, 2290, 1380, 2387, 68, 2439, 1878, 3749, 4145, 3746, 4125, 1315, 2150, 4656, 348, 770, 3019, 2275, 587, 315, 4120, 36, 2855, 3651, 2566, 4293, 640, 1490, 4054, 4959, 1835, 2354, 3522, 4901, 1243, 1571, 3332, 652, 2068, 1808, 5156, 1114, 4716, 2121, 5117, 4747, 4593, 451, 3953, 2782, 2461, 5091, 4920, 4668, 3397, 5247, 1260, 297, 2704, 3504, 3203, 2900, 384, 157, 4868, 3488, 5245, 3173, 1647, 3273, 1192, 3908, 38, 3992, 749, 5294, 3848, 860, 2479, 2459, 867, 3218, 4838, 4482, 20, 1521, 1641, 122, 3118, 2063, 2400, 3519, 1063, 2035, 3442, 2890, 1763, 2119, 5400, 1961, 4854, 2292, 2772, 527, 4917, 4955, 2172, 1186, 4006, 1388, 4382, 4717, 2798, 831, 1206, 189, 5149, 4021, 507, 3599, 3197, 5148, 539, 2171, 2575, 1615, 4032, 2592, 5425, 350, 201, 2074, 3364, 3764, 2122, 3738, 1086, 4460, 400, 63, 1662, 286, 291, 693, 3484, 2629, 4674, 2334, 1913, 4762, 2824, 4767, 4750, 4965, 1785, 2069, 583, 1797, 5051, 4848, 2634, 1507, 4085, 5159, 3279, 3927, 4, 550, 5447, 207, 2799, 551, 5144, 2563, 146, 4989, 4400, 2113, 434, 27, 4129, 3768, 3668, 3459, 3091, 1215, 4091, 1681, 2872, 4014, 4194, 779, 4029, 3756, 4760, 2476, 1749, 4658, 4871, 4348, 2757, 646, 1897, 2195, 316, 716, 4208, 5383, 825, 5370, 3078, 3778, 1702, 3984, 3847, 1150, 4300, 649, 4808, 3775, 4935, 3159, 687, 1223, 946, 4538, 4535, 3077, 5359, 780, 477, 2524, 371, 5142, 3611, 62, 1069, 4193, 883, 4130, 4328, 622, 4974, 1436, 4519, 1762, 4238, 3012, 3554, 4026, 3342, 4182, 5410, 1407, 2736, 913, 4045, 182, 1382, 3625, 1351, 3839, 3583, 2938, 46, 829, 5326, 2230, 612, 5021, 3121, 1127, 3006, 1852, 329, 118, 3794, 4081, 72, 1330, 519, 1195, 2017, 1920, 314, 1129, 3544, 1000, 282, 4041, 2857, 324, 2210, 5283, 2272, 4438, 10, 5341, 4447, 5120, 4167, 1047, 742, 4222, 2916, 3377, 2533, 2707, 2819, 42, 3054, 703, 1519, 1891, 1740, 2997, 347, 5190, 3489, 4284, 833, 4467, 2603, 4198, 4987, 4303, 2483, 435, 4121, 2536, 3048, 2561, 4425, 3177, 2774, 5313, 5078, 1804, 2780, 317, 1372, 1842, 2517, 35, 4283, 3692, 794, 4047, 4496, 4319, 1623, 896, 4416, 3383, 2217, 2330, 2026, 2565, 890, 1423, 3773, 2941, 4926, 2977, 256, 2755, 3724, 1697, 3141, 3189, 2520, 402, 1159, 1593, 508, 1536, 2376, 2842, 691, 3596, 2321, 1576, 5411, 2201, 2532, 4138, 4631, 3815, 4657, 2905, 3472, 4518, 4823, 4810, 2892, 4073, 2806, 3715, 31, 2372, 1782, 2133, 1893, 3932, 4602, 3997, 1607, 1238, 4296, 1350, 4498, 4735, 1489, 4877, 845, 1630, 3469, 4143, 4002, 106, 2773, 2881, 287, 2062, 1757, 4230, 1627, 830, 563, 1196, 2460, 5333, 2472, 1067, 1377, 4844, 3515, 4552, 958, 4347, 1170, 1543, 3120, 2239, 28, 4909, 3026, 515, 3293, 1948, 4948, 76, 970, 840, 4011, 2675, 4050, 37, 108, 4651, 3319, 3660, 5160, 4768, 1911, 5345, 23, 4419, 1815, 447, 581, 4426, 893, 2756, 1864, 4418, 4444, 1411, 3446, 3278, 1618, 4786, 3998, 2055, 2795, 4841, 1599, 1044, 2418, 2206, 1394, 3409, 4428, 5301, 5139, 4504, 3974, 4123, 2414, 3527, 4244, 4985, 3310, 3975, 1318, 952, 4822, 3414, 2223, 1506, 627, 3094, 1236, 4642, 2481, 1629, 4509, 4265, 3829, 4149, 3249, 426, 3817, 2571, 3894, 4662, 744, 4561, 1926, 3576, 2655, 1714, 2072, 1559, 3358, 4741, 2526, 2896, 5132, 613, 4331, 1969, 1727, 1293, 871, 5264, 4669, 1505, 1095]",301,750,1,False,750
306,human,human,3,True,True,True,"{2: 151, 1: 172, 5: 122, 3: 154, 4: 141, 0: 10}","[4097, 1548, 5419, 4731, 3902, 3380, 4432, 3710, 3542, 3991, 4880, 2494, 2930, 1237, 5356, 235, 4127, 3911, 217, 3274, 932, 1468, 2624, 2837, 3687, 1483, 2116, 3691, 4885, 1822, 1115, 1952, 4887, 876, 2002, 4576, 3443, 5286, 2441, 4713, 121, 2388, 292, 5439, 83, 4206, 4866, 1120, 5436, 1558, 1312, 2596, 3921, 1887, 388, 2130, 1360, 1525, 4673, 4770, 3790, 1675, 2897, 556, 4577, 4946, 2628, 1915, 2862, 5186, 4722, 3211, 2127, 2225, 352, 1392, 1877, 2901, 1025, 4799, 1285, 2739, 5107, 4436, 415, 2864, 15, 2351, 4600, 2046, 3401, 650, 3938, 1545, 226, 4522, 992, 5069, 534, 18, 335, 3566, 3064, 2698, 989, 123, 1932, 4178, 3670, 4847, 1514, 2273, 1786, 574, 2856, 3256, 618, 4694, 5405, 4404, 2676, 3762, 5255, 3755, 2485, 5321, 536, 233, 3760, 1837, 4431, 3948, 5252, 3797, 1538, 13, 1387, 1886, 1994, 2954, 4108, 3432, 3881, 4477, 2919, 4613, 5175, 714, 1719, 4590, 3976, 3180, 2250, 2329, 3919, 5171, 3330, 2506, 3126, 3434, 223, 1272, 1304, 2738, 3311, 1290, 3073, 3199, 5388, 1989, 2828, 1431, 2509, 1643, 3373, 2821, 1188, 2859, 1955, 510, 1486, 595, 2764, 2793, 2298, 708, 1768, 5056, 5179, 4869, 2794, 2360, 4895, 1094, 5372, 2311, 2488, 1066, 2618, 429, 571, 2244, 2290, 1380, 2387, 68, 2439, 1878, 3749, 4145, 3746, 4125, 1315, 2150, 4656, 348, 770, 3019, 2275, 587, 315, 4120, 36, 2855, 3651, 2566, 4293, 640, 1490, 4054, 4959, 1835, 2354, 3522, 4901, 1243, 1571, 3332, 652, 2068, 1808, 5156, 1114, 4716, 2121, 5117, 4747, 4593, 451, 3953, 2782, 2461, 5091, 4920, 4668, 3397, 5247, 1260, 297, 2704, 3504, 3203, 2900, 384, 157, 4868, 3488, 5245, 3173, 1647, 3273, 1192, 3908, 38, 3992, 749, 5294, 3848, 860, 2479, 2459, 867, 3218, 4838, 4482, 20, 1521, 1641, 122, 3118, 2063, 2400, 3519, 1063, 2035, 3442, 2890, 1763, 2119, 5400, 1961, 4854, 2292, 2772, 527, 4917, 4955, 2172, 1186, 4006, 1388, 4382, 4717, 2798, 831, 1206, 189, 5149, 4021, 507, 3599, 3197, 5148, 539, 2171, 2575, 1615, 4032, 2592, 5425, 350, 201, 2074, 3364, 3764, 2122, 3738, 1086, 4460, 400, 63, 1662, 286, 291, 693, 3484, 2629, 4674, 2334, 1913, 4762, 2824, 4767, 4750, 4965, 1785, 2069, 583, 1797, 5051, 4848, 2634, 1507, 4085, 5159, 3279, 3927, 4, 550, 5447, 207, 2799, 551, 5144, 2563, 146, 4989, 4400, 2113, 434, 27, 4129, 3768, 3668, 3459, 3091, 1215, 4091, 1681, 2872, 4014, 4194, 779, 4029, 3756, 4760, 2476, 1749, 4658, 4871, 4348, 2757, 646, 1897, 2195, 316, 716, 4208, 5383, 825, 5370, 3078, 3778, 1702, 3984, 3847, 1150, 4300, 649, 4808, 3775, 4935, 3159, 687, 1223, 946, 4538, 4535, 3077, 5359, 780, 477, 2524, 371, 5142, 3611, 62, 1069, 4193, 883, 4130, 4328, 622, 4974, 1436, 4519, 1762, 4238, 3012, 3554, 4026, 3342, 4182, 5410, 1407, 2736, 913, 4045, 182, 1382, 3625, 1351, 3839, 3583, 2938, 46, 829, 5326, 2230, 612, 5021, 3121, 1127, 3006, 1852, 329, 118, 3794, 4081, 72, 1330, 519, 1195, 2017, 1920, 314, 1129, 3544, 1000, 282, 4041, 2857, 324, 2210, 5283, 2272, 4438, 10, 5341, 4447, 5120, 4167, 1047, 742, 4222, 2916, 3377, 2533, 2707, 2819, 42, 3054, 703, 1519, 1891, 1740, 2997, 347, 5190, 3489, 4284, 833, 4467, 2603, 4198, 4987, 4303, 2483, 435, 4121, 2536, 3048, 2561, 4425, 3177, 2774, 5313, 5078, 1804, 2780, 317, 1372, 1842, 2517, 35, 4283, 3692, 794, 4047, 4496, 4319, 1623, 896, 4416, 3383, 2217, 2330, 2026, 2565, 890, 1423, 3773, 2941, 4926, 2977, 256, 2755, 3724, 1697, 3141, 3189, 2520, 402, 1159, 1593, 508, 1536, 2376, 2842, 691, 3596, 2321, 1576, 5411, 2201, 2532, 4138, 4631, 3815, 4657, 2905, 3472, 4518, 4823, 4810, 2892, 4073, 2806, 3715, 31, 2372, 1782, 2133, 1893, 3932, 4602, 3997, 1607, 1238, 4296, 1350, 4498, 4735, 1489, 4877, 845, 1630, 3469, 4143, 4002, 106, 2773, 2881, 287, 2062, 1757, 4230, 1627, 830, 563, 1196, 2460, 5333, 2472, 1067, 1377, 4844, 3515, 4552, 958, 4347, 1170, 1543, 3120, 2239, 28, 4909, 3026, 515, 3293, 1948, 4948, 76, 970, 840, 4011, 2675, 4050, 37, 108, 4651, 3319, 3660, 5160, 4768, 1911, 5345, 23, 4419, 1815, 447, 581, 4426, 893, 2756, 1864, 4418, 4444, 1411, 3446, 3278, 1618, 4786, 3998, 2055, 2795, 4841, 1599, 1044, 2418, 2206, 1394, 3409, 4428, 5301, 5139, 4504, 3974, 4123, 2414, 3527, 4244, 4985, 3310, 3975, 1318, 952, 4822, 3414, 2223, 1506, 627, 3094, 1236, 4642, 2481, 1629, 4509, 4265, 3829, 4149, 3249, 426, 3817, 2571, 3894, 4662, 744, 4561, 1926, 3576, 2655, 1714, 2072, 1559, 3358, 4741, 2526, 2896, 5132, 613, 4331, 1969, 1727, 1293, 871, 5264, 4669, 1505, 1095]",306,750,1,False,750
433,human,human,3,True,True,True,"{2: 151, 1: 172, 5: 122, 3: 154, 4: 141, 0: 10}","[4097, 1548, 5419, 4731, 3902, 3380, 4432, 3710, 3542, 3991, 4880, 2494, 2930, 1237, 5356, 235, 4127, 3911, 217, 3274, 932, 1468, 2624, 2837, 3687, 1483, 2116, 3691, 4885, 1822, 1115, 1952, 4887, 876, 2002, 4576, 3443, 5286, 2441, 4713, 121, 2388, 292, 5439, 83, 4206, 4866, 1120, 5436, 1558, 1312, 2596, 3921, 1887, 388, 2130, 1360, 1525, 4673, 4770, 3790, 1675, 2897, 556, 4577, 4946, 2628, 1915, 2862, 5186, 4722, 3211, 2127, 2225, 352, 1392, 1877, 2901, 1025, 4799, 1285, 2739, 5107, 4436, 415, 2864, 15, 2351, 4600, 2046, 3401, 650, 3938, 1545, 226, 4522, 992, 5069, 534, 18, 335, 3566, 3064, 2698, 989, 123, 1932, 4178, 3670, 4847, 1514, 2273, 1786, 574, 2856, 3256, 618, 4694, 5405, 4404, 2676, 3762, 5255, 3755, 2485, 5321, 536, 233, 3760, 1837, 4431, 3948, 5252, 3797, 1538, 13, 1387, 1886, 1994, 2954, 4108, 3432, 3881, 4477, 2919, 4613, 5175, 714, 1719, 4590, 3976, 3180, 2250, 2329, 3919, 5171, 3330, 2506, 3126, 3434, 223, 1272, 1304, 2738, 3311, 1290, 3073, 3199, 5388, 1989, 2828, 1431, 2509, 1643, 3373, 2821, 1188, 2859, 1955, 510, 1486, 595, 2764, 2793, 2298, 708, 1768, 5056, 5179, 4869, 2794, 2360, 4895, 1094, 5372, 2311, 2488, 1066, 2618, 429, 571, 2244, 2290, 1380, 2387, 68, 2439, 1878, 3749, 4145, 3746, 4125, 1315, 2150, 4656, 348, 770, 3019, 2275, 587, 315, 4120, 36, 2855, 3651, 2566, 4293, 640, 1490, 4054, 4959, 1835, 2354, 3522, 4901, 1243, 1571, 3332, 652, 2068, 1808, 5156, 1114, 4716, 2121, 5117, 4747, 4593, 451, 3953, 2782, 2461, 5091, 4920, 4668, 3397, 5247, 1260, 297, 2704, 3504, 3203, 2900, 384, 157, 4868, 3488, 5245, 3173, 1647, 3273, 1192, 3908, 38, 3992, 749, 5294, 3848, 860, 2479, 2459, 867, 3218, 4838, 4482, 20, 1521, 1641, 122, 3118, 2063, 2400, 3519, 1063, 2035, 3442, 2890, 1763, 2119, 5400, 1961, 4854, 2292, 2772, 527, 4917, 4955, 2172, 1186, 4006, 1388, 4382, 4717, 2798, 831, 1206, 189, 5149, 4021, 507, 3599, 3197, 5148, 539, 2171, 2575, 1615, 4032, 2592, 5425, 350, 201, 2074, 3364, 3764, 2122, 3738, 1086, 4460, 400, 63, 1662, 286, 291, 693, 3484, 2629, 4674, 2334, 1913, 4762, 2824, 4767, 4750, 4965, 1785, 2069, 583, 1797, 5051, 4848, 2634, 1507, 4085, 5159, 3279, 3927, 4, 550, 5447, 207, 2799, 551, 5144, 2563, 146, 4989, 4400, 2113, 434, 27, 4129, 3768, 3668, 3459, 3091, 1215, 4091, 1681, 2872, 4014, 4194, 779, 4029, 3756, 4760, 2476, 1749, 4658, 4871, 4348, 2757, 646, 1897, 2195, 316, 716, 4208, 5383, 825, 5370, 3078, 3778, 1702, 3984, 3847, 1150, 4300, 649, 4808, 3775, 4935, 3159, 687, 1223, 946, 4538, 4535, 3077, 5359, 780, 477, 2524, 371, 5142, 3611, 62, 1069, 4193, 883, 4130, 4328, 622, 4974, 1436, 4519, 1762, 4238, 3012, 3554, 4026, 3342, 4182, 5410, 1407, 2736, 913, 4045, 182, 1382, 3625, 1351, 3839, 3583, 2938, 46, 829, 5326, 2230, 612, 5021, 3121, 1127, 3006, 1852, 329, 118, 3794, 4081, 72, 1330, 519, 1195, 2017, 1920, 314, 1129, 3544, 1000, 282, 4041, 2857, 324, 2210, 5283, 2272, 4438, 10, 5341, 4447, 5120, 4167, 1047, 742, 4222, 2916, 3377, 2533, 2707, 2819, 42, 3054, 703, 1519, 1891, 1740, 2997, 347, 5190, 3489, 4284, 833, 4467, 2603, 4198, 4987, 4303, 2483, 435, 4121, 2536, 3048, 2561, 4425, 3177, 2774, 5313, 5078, 1804, 2780, 317, 1372, 1842, 2517, 35, 4283, 3692, 794, 4047, 4496, 4319, 1623, 896, 4416, 3383, 2217, 2330, 2026, 2565, 890, 1423, 3773, 2941, 4926, 2977, 256, 2755, 3724, 1697, 3141, 3189, 2520, 402, 1159, 1593, 508, 1536, 2376, 2842, 691, 3596, 2321, 1576, 5411, 2201, 2532, 4138, 4631, 3815, 4657, 2905, 3472, 4518, 4823, 4810, 2892, 4073, 2806, 3715, 31, 2372, 1782, 2133, 1893, 3932, 4602, 3997, 1607, 1238, 4296, 1350, 4498, 4735, 1489, 4877, 845, 1630, 3469, 4143, 4002, 106, 2773, 2881, 287, 2062, 1757, 4230, 1627, 830, 563, 1196, 2460, 5333, 2472, 1067, 1377, 4844, 3515, 4552, 958, 4347, 1170, 1543, 3120, 2239, 28, 4909, 3026, 515, 3293, 1948, 4948, 76, 970, 840, 4011, 2675, 4050, 37, 108, 4651, 3319, 3660, 5160, 4768, 1911, 5345, 23, 4419, 1815, 447, 581, 4426, 893, 2756, 1864, 4418, 4444, 1411, 3446, 3278, 1618, 4786, 3998, 2055, 2795, 4841, 1599, 1044, 2418, 2206, 1394, 3409, 4428, 5301, 5139, 4504, 3974, 4123, 2414, 3527, 4244, 4985, 3310, 3975, 1318, 952, 4822, 3414, 2223, 1506, 627, 3094, 1236, 4642, 2481, 1629, 4509, 4265, 3829, 4149, 3249, 426, 3817, 2571, 3894, 4662, 744, 4561, 1926, 3576, 2655, 1714, 2072, 1559, 3358, 4741, 2526, 2896, 5132, 613, 4331, 1969, 1727, 1293, 871, 5264, 4669, 1505, 1095]",433,750,1,False,750
103,human,human,3,True,True,True,"{2: 151, 1: 172, 5: 122, 3: 154, 4: 141, 0: 10}","[4097, 1548, 5419, 4731, 3902, 3380, 4432, 3710, 3542, 3991, 4880, 2494, 2930, 1237, 5356, 235, 4127, 3911, 217, 3274, 932, 1468, 2624, 2837, 3687, 1483, 2116, 3691, 4885, 1822, 1115, 1952, 4887, 876, 2002, 4576, 3443, 5286, 2441, 4713, 121, 2388, 292, 5439, 83, 4206, 4866, 1120, 5436, 1558, 1312, 2596, 3921, 1887, 388, 2130, 1360, 1525, 4673, 4770, 3790, 1675, 2897, 556, 4577, 4946, 2628, 1915, 2862, 5186, 4722, 3211, 2127, 2225, 352, 1392, 1877, 2901, 1025, 4799, 1285, 2739, 5107, 4436, 415, 2864, 15, 2351, 4600, 2046, 3401, 650, 3938, 1545, 226, 4522, 992, 5069, 534, 18, 335, 3566, 3064, 2698, 989, 123, 1932, 4178, 3670, 4847, 1514, 2273, 1786, 574, 2856, 3256, 618, 4694, 5405, 4404, 2676, 3762, 5255, 3755, 2485, 5321, 536, 233, 3760, 1837, 4431, 3948, 5252, 3797, 1538, 13, 1387, 1886, 1994, 2954, 4108, 3432, 3881, 4477, 2919, 4613, 5175, 714, 1719, 4590, 3976, 3180, 2250, 2329, 3919, 5171, 3330, 2506, 3126, 3434, 223, 1272, 1304, 2738, 3311, 1290, 3073, 3199, 5388, 1989, 2828, 1431, 2509, 1643, 3373, 2821, 1188, 2859, 1955, 510, 1486, 595, 2764, 2793, 2298, 708, 1768, 5056, 5179, 4869, 2794, 2360, 4895, 1094, 5372, 2311, 2488, 1066, 2618, 429, 571, 2244, 2290, 1380, 2387, 68, 2439, 1878, 3749, 4145, 3746, 4125, 1315, 2150, 4656, 348, 770, 3019, 2275, 587, 315, 4120, 36, 2855, 3651, 2566, 4293, 640, 1490, 4054, 4959, 1835, 2354, 3522, 4901, 1243, 1571, 3332, 652, 2068, 1808, 5156, 1114, 4716, 2121, 5117, 4747, 4593, 451, 3953, 2782, 2461, 5091, 4920, 4668, 3397, 5247, 1260, 297, 2704, 3504, 3203, 2900, 384, 157, 4868, 3488, 5245, 3173, 1647, 3273, 1192, 3908, 38, 3992, 749, 5294, 3848, 860, 2479, 2459, 867, 3218, 4838, 4482, 20, 1521, 1641, 122, 3118, 2063, 2400, 3519, 1063, 2035, 3442, 2890, 1763, 2119, 5400, 1961, 4854, 2292, 2772, 527, 4917, 4955, 2172, 1186, 4006, 1388, 4382, 4717, 2798, 831, 1206, 189, 5149, 4021, 507, 3599, 3197, 5148, 539, 2171, 2575, 1615, 4032, 2592, 5425, 350, 201, 2074, 3364, 3764, 2122, 3738, 1086, 4460, 400, 63, 1662, 286, 291, 693, 3484, 2629, 4674, 2334, 1913, 4762, 2824, 4767, 4750, 4965, 1785, 2069, 583, 1797, 5051, 4848, 2634, 1507, 4085, 5159, 3279, 3927, 4, 550, 5447, 207, 2799, 551, 5144, 2563, 146, 4989, 4400, 2113, 434, 27, 4129, 3768, 3668, 3459, 3091, 1215, 4091, 1681, 2872, 4014, 4194, 779, 4029, 3756, 4760, 2476, 1749, 4658, 4871, 4348, 2757, 646, 1897, 2195, 316, 716, 4208, 5383, 825, 5370, 3078, 3778, 1702, 3984, 3847, 1150, 4300, 649, 4808, 3775, 4935, 3159, 687, 1223, 946, 4538, 4535, 3077, 5359, 780, 477, 2524, 371, 5142, 3611, 62, 1069, 4193, 883, 4130, 4328, 622, 4974, 1436, 4519, 1762, 4238, 3012, 3554, 4026, 3342, 4182, 5410, 1407, 2736, 913, 4045, 182, 1382, 3625, 1351, 3839, 3583, 2938, 46, 829, 5326, 2230, 612, 5021, 3121, 1127, 3006, 1852, 329, 118, 3794, 4081, 72, 1330, 519, 1195, 2017, 1920, 314, 1129, 3544, 1000, 282, 4041, 2857, 324, 2210, 5283, 2272, 4438, 10, 5341, 4447, 5120, 4167, 1047, 742, 4222, 2916, 3377, 2533, 2707, 2819, 42, 3054, 703, 1519, 1891, 1740, 2997, 347, 5190, 3489, 4284, 833, 4467, 2603, 4198, 4987, 4303, 2483, 435, 4121, 2536, 3048, 2561, 4425, 3177, 2774, 5313, 5078, 1804, 2780, 317, 1372, 1842, 2517, 35, 4283, 3692, 794, 4047, 4496, 4319, 1623, 896, 4416, 3383, 2217, 2330, 2026, 2565, 890, 1423, 3773, 2941, 4926, 2977, 256, 2755, 3724, 1697, 3141, 3189, 2520, 402, 1159, 1593, 508, 1536, 2376, 2842, 691, 3596, 2321, 1576, 5411, 2201, 2532, 4138, 4631, 3815, 4657, 2905, 3472, 4518, 4823, 4810, 2892, 4073, 2806, 3715, 31, 2372, 1782, 2133, 1893, 3932, 4602, 3997, 1607, 1238, 4296, 1350, 4498, 4735, 1489, 4877, 845, 1630, 3469, 4143, 4002, 106, 2773, 2881, 287, 2062, 1757, 4230, 1627, 830, 563, 1196, 2460, 5333, 2472, 1067, 1377, 4844, 3515, 4552, 958, 4347, 1170, 1543, 3120, 2239, 28, 4909, 3026, 515, 3293, 1948, 4948, 76, 970, 840, 4011, 2675, 4050, 37, 108, 4651, 3319, 3660, 5160, 4768, 1911, 5345, 23, 4419, 1815, 447, 581, 4426, 893, 2756, 1864, 4418, 4444, 1411, 3446, 3278, 1618, 4786, 3998, 2055, 2795, 4841, 1599, 1044, 2418, 2206, 1394, 3409, 4428, 5301, 5139, 4504, 3974, 4123, 2414, 3527, 4244, 4985, 3310, 3975, 1318, 952, 4822, 3414, 2223, 1506, 627, 3094, 1236, 4642, 2481, 1629, 4509, 4265, 3829, 4149, 3249, 426, 3817, 2571, 3894, 4662, 744, 4561, 1926, 3576, 2655, 1714, 2072, 1559, 3358, 4741, 2526, 2896, 5132, 613, 4331, 1969, 1727, 1293, 871, 5264, 4669, 1505, 1095]",103,750,1,False,750
448,numeric,numeric,5,True,True,True,"{2: 151, 1: 172, 5: 122, 3: 154, 4: 141, 0: 10}","[4097, 1548, 5419, 4731, 3902, 3380, 4432, 3710, 3542, 3991, 4880, 2494, 2930, 1237, 5356, 235, 4127, 3911, 217, 3274, 932, 1468, 2624, 2837, 3687, 1483, 2116, 3691, 4885, 1822, 1115, 1952, 4887, 876, 2002, 4576, 3443, 5286, 2441, 4713, 121, 2388, 292, 5439, 83, 4206, 4866, 1120, 5436, 1558, 1312, 2596, 3921, 1887, 388, 2130, 1360, 1525, 4673, 4770, 3790, 1675, 2897, 556, 4577, 4946, 2628, 1915, 2862, 5186, 4722, 3211, 2127, 2225, 352, 1392, 1877, 2901, 1025, 4799, 1285, 2739, 5107, 4436, 415, 2864, 15, 2351, 4600, 2046, 3401, 650, 3938, 1545, 226, 4522, 992, 5069, 534, 18, 335, 3566, 3064, 2698, 989, 123, 1932, 4178, 3670, 4847, 1514, 2273, 1786, 574, 2856, 3256, 618, 4694, 5405, 4404, 2676, 3762, 5255, 3755, 2485, 5321, 536, 233, 3760, 1837, 4431, 3948, 5252, 3797, 1538, 13, 1387, 1886, 1994, 2954, 4108, 3432, 3881, 4477, 2919, 4613, 5175, 714, 1719, 4590, 3976, 3180, 2250, 2329, 3919, 5171, 3330, 2506, 3126, 3434, 223, 1272, 1304, 2738, 3311, 1290, 3073, 3199, 5388, 1989, 2828, 1431, 2509, 1643, 3373, 2821, 1188, 2859, 1955, 510, 1486, 595, 2764, 2793, 2298, 708, 1768, 5056, 5179, 4869, 2794, 2360, 4895, 1094, 5372, 2311, 2488, 1066, 2618, 429, 571, 2244, 2290, 1380, 2387, 68, 2439, 1878, 3749, 4145, 3746, 4125, 1315, 2150, 4656, 348, 770, 3019, 2275, 587, 315, 4120, 36, 2855, 3651, 2566, 4293, 640, 1490, 4054, 4959, 1835, 2354, 3522, 4901, 1243, 1571, 3332, 652, 2068, 1808, 5156, 1114, 4716, 2121, 5117, 4747, 4593, 451, 3953, 2782, 2461, 5091, 4920, 4668, 3397, 5247, 1260, 297, 2704, 3504, 3203, 2900, 384, 157, 4868, 3488, 5245, 3173, 1647, 3273, 1192, 3908, 38, 3992, 749, 5294, 3848, 860, 2479, 2459, 867, 3218, 4838, 4482, 20, 1521, 1641, 122, 3118, 2063, 2400, 3519, 1063, 2035, 3442, 2890, 1763, 2119, 5400, 1961, 4854, 2292, 2772, 527, 4917, 4955, 2172, 1186, 4006, 1388, 4382, 4717, 2798, 831, 1206, 189, 5149, 4021, 507, 3599, 3197, 5148, 539, 2171, 2575, 1615, 4032, 2592, 5425, 350, 201, 2074, 3364, 3764, 2122, 3738, 1086, 4460, 400, 63, 1662, 286, 291, 693, 3484, 2629, 4674, 2334, 1913, 4762, 2824, 4767, 4750, 4965, 1785, 2069, 583, 1797, 5051, 4848, 2634, 1507, 4085, 5159, 3279, 3927, 4, 550, 5447, 207, 2799, 551, 5144, 2563, 146, 4989, 4400, 2113, 434, 27, 4129, 3768, 3668, 3459, 3091, 1215, 4091, 1681, 2872, 4014, 4194, 779, 4029, 3756, 4760, 2476, 1749, 4658, 4871, 4348, 2757, 646, 1897, 2195, 316, 716, 4208, 5383, 825, 5370, 3078, 3778, 1702, 3984, 3847, 1150, 4300, 649, 4808, 3775, 4935, 3159, 687, 1223, 946, 4538, 4535, 3077, 5359, 780, 477, 2524, 371, 5142, 3611, 62, 1069, 4193, 883, 4130, 4328, 622, 4974, 1436, 4519, 1762, 4238, 3012, 3554, 4026, 3342, 4182, 5410, 1407, 2736, 913, 4045, 182, 1382, 3625, 1351, 3839, 3583, 2938, 46, 829, 5326, 2230, 612, 5021, 3121, 1127, 3006, 1852, 329, 118, 3794, 4081, 72, 1330, 519, 1195, 2017, 1920, 314, 1129, 3544, 1000, 282, 4041, 2857, 324, 2210, 5283, 2272, 4438, 10, 5341, 4447, 5120, 4167, 1047, 742, 4222, 2916, 3377, 2533, 2707, 2819, 42, 3054, 703, 1519, 1891, 1740, 2997, 347, 5190, 3489, 4284, 833, 4467, 2603, 4198, 4987, 4303, 2483, 435, 4121, 2536, 3048, 2561, 4425, 3177, 2774, 5313, 5078, 1804, 2780, 317, 1372, 1842, 2517, 35, 4283, 3692, 794, 4047, 4496, 4319, 1623, 896, 4416, 3383, 2217, 2330, 2026, 2565, 890, 1423, 3773, 2941, 4926, 2977, 256, 2755, 3724, 1697, 3141, 3189, 2520, 402, 1159, 1593, 508, 1536, 2376, 2842, 691, 3596, 2321, 1576, 5411, 2201, 2532, 4138, 4631, 3815, 4657, 2905, 3472, 4518, 4823, 4810, 2892, 4073, 2806, 3715, 31, 2372, 1782, 2133, 1893, 3932, 4602, 3997, 1607, 1238, 4296, 1350, 4498, 4735, 1489, 4877, 845, 1630, 3469, 4143, 4002, 106, 2773, 2881, 287, 2062, 1757, 4230, 1627, 830, 563, 1196, 2460, 5333, 2472, 1067, 1377, 4844, 3515, 4552, 958, 4347, 1170, 1543, 3120, 2239, 28, 4909, 3026, 515, 3293, 1948, 4948, 76, 970, 840, 4011, 2675, 4050, 37, 108, 4651, 3319, 3660, 5160, 4768, 1911, 5345, 23, 4419, 1815, 447, 581, 4426, 893, 2756, 1864, 4418, 4444, 1411, 3446, 3278, 1618, 4786, 3998, 2055, 2795, 4841, 1599, 1044, 2418, 2206, 1394, 3409, 4428, 5301, 5139, 4504, 3974, 4123, 2414, 3527, 4244, 4985, 3310, 3975, 1318, 952, 4822, 3414, 2223, 1506, 627, 3094, 1236, 4642, 2481, 1629, 4509, 4265, 3829, 4149, 3249, 426, 3817, 2571, 3894, 4662, 744, 4561, 1926, 3576, 2655, 1714, 2072, 1559, 3358, 4741, 2526, 2896, 5132, 613, 4331, 1969, 1727, 1293, 871, 5264, 4669, 1505, 1095]",448,750,1,False,750
402,numeric,numeric,5,True,True,True,"{2: 151, 1: 172, 5: 122, 3: 154, 4: 141, 0: 10}","[4097, 1548, 5419, 4731, 3902, 3380, 4432, 3710, 3542, 3991, 4880, 2494, 2930, 1237, 5356, 235, 4127, 3911, 217, 3274, 932, 1468, 2624, 2837, 3687, 1483, 2116, 3691, 4885, 1822, 1115, 1952, 4887, 876, 2002, 4576, 3443, 5286, 2441, 4713, 121, 2388, 292, 5439, 83, 4206, 4866, 1120, 5436, 1558, 1312, 2596, 3921, 1887, 388, 2130, 1360, 1525, 4673, 4770, 3790, 1675, 2897, 556, 4577, 4946, 2628, 1915, 2862, 5186, 4722, 3211, 2127, 2225, 352, 1392, 1877, 2901, 1025, 4799, 1285, 2739, 5107, 4436, 415, 2864, 15, 2351, 4600, 2046, 3401, 650, 3938, 1545, 226, 4522, 992, 5069, 534, 18, 335, 3566, 3064, 2698, 989, 123, 1932, 4178, 3670, 4847, 1514, 2273, 1786, 574, 2856, 3256, 618, 4694, 5405, 4404, 2676, 3762, 5255, 3755, 2485, 5321, 536, 233, 3760, 1837, 4431, 3948, 5252, 3797, 1538, 13, 1387, 1886, 1994, 2954, 4108, 3432, 3881, 4477, 2919, 4613, 5175, 714, 1719, 4590, 3976, 3180, 2250, 2329, 3919, 5171, 3330, 2506, 3126, 3434, 223, 1272, 1304, 2738, 3311, 1290, 3073, 3199, 5388, 1989, 2828, 1431, 2509, 1643, 3373, 2821, 1188, 2859, 1955, 510, 1486, 595, 2764, 2793, 2298, 708, 1768, 5056, 5179, 4869, 2794, 2360, 4895, 1094, 5372, 2311, 2488, 1066, 2618, 429, 571, 2244, 2290, 1380, 2387, 68, 2439, 1878, 3749, 4145, 3746, 4125, 1315, 2150, 4656, 348, 770, 3019, 2275, 587, 315, 4120, 36, 2855, 3651, 2566, 4293, 640, 1490, 4054, 4959, 1835, 2354, 3522, 4901, 1243, 1571, 3332, 652, 2068, 1808, 5156, 1114, 4716, 2121, 5117, 4747, 4593, 451, 3953, 2782, 2461, 5091, 4920, 4668, 3397, 5247, 1260, 297, 2704, 3504, 3203, 2900, 384, 157, 4868, 3488, 5245, 3173, 1647, 3273, 1192, 3908, 38, 3992, 749, 5294, 3848, 860, 2479, 2459, 867, 3218, 4838, 4482, 20, 1521, 1641, 122, 3118, 2063, 2400, 3519, 1063, 2035, 3442, 2890, 1763, 2119, 5400, 1961, 4854, 2292, 2772, 527, 4917, 4955, 2172, 1186, 4006, 1388, 4382, 4717, 2798, 831, 1206, 189, 5149, 4021, 507, 3599, 3197, 5148, 539, 2171, 2575, 1615, 4032, 2592, 5425, 350, 201, 2074, 3364, 3764, 2122, 3738, 1086, 4460, 400, 63, 1662, 286, 291, 693, 3484, 2629, 4674, 2334, 1913, 4762, 2824, 4767, 4750, 4965, 1785, 2069, 583, 1797, 5051, 4848, 2634, 1507, 4085, 5159, 3279, 3927, 4, 550, 5447, 207, 2799, 551, 5144, 2563, 146, 4989, 4400, 2113, 434, 27, 4129, 3768, 3668, 3459, 3091, 1215, 4091, 1681, 2872, 4014, 4194, 779, 4029, 3756, 4760, 2476, 1749, 4658, 4871, 4348, 2757, 646, 1897, 2195, 316, 716, 4208, 5383, 825, 5370, 3078, 3778, 1702, 3984, 3847, 1150, 4300, 649, 4808, 3775, 4935, 3159, 687, 1223, 946, 4538, 4535, 3077, 5359, 780, 477, 2524, 371, 5142, 3611, 62, 1069, 4193, 883, 4130, 4328, 622, 4974, 1436, 4519, 1762, 4238, 3012, 3554, 4026, 3342, 4182, 5410, 1407, 2736, 913, 4045, 182, 1382, 3625, 1351, 3839, 3583, 2938, 46, 829, 5326, 2230, 612, 5021, 3121, 1127, 3006, 1852, 329, 118, 3794, 4081, 72, 1330, 519, 1195, 2017, 1920, 314, 1129, 3544, 1000, 282, 4041, 2857, 324, 2210, 5283, 2272, 4438, 10, 5341, 4447, 5120, 4167, 1047, 742, 4222, 2916, 3377, 2533, 2707, 2819, 42, 3054, 703, 1519, 1891, 1740, 2997, 347, 5190, 3489, 4284, 833, 4467, 2603, 4198, 4987, 4303, 2483, 435, 4121, 2536, 3048, 2561, 4425, 3177, 2774, 5313, 5078, 1804, 2780, 317, 1372, 1842, 2517, 35, 4283, 3692, 794, 4047, 4496, 4319, 1623, 896, 4416, 3383, 2217, 2330, 2026, 2565, 890, 1423, 3773, 2941, 4926, 2977, 256, 2755, 3724, 1697, 3141, 3189, 2520, 402, 1159, 1593, 508, 1536, 2376, 2842, 691, 3596, 2321, 1576, 5411, 2201, 2532, 4138, 4631, 3815, 4657, 2905, 3472, 4518, 4823, 4810, 2892, 4073, 2806, 3715, 31, 2372, 1782, 2133, 1893, 3932, 4602, 3997, 1607, 1238, 4296, 1350, 4498, 4735, 1489, 4877, 845, 1630, 3469, 4143, 4002, 106, 2773, 2881, 287, 2062, 1757, 4230, 1627, 830, 563, 1196, 2460, 5333, 2472, 1067, 1377, 4844, 3515, 4552, 958, 4347, 1170, 1543, 3120, 2239, 28, 4909, 3026, 515, 3293, 1948, 4948, 76, 970, 840, 4011, 2675, 4050, 37, 108, 4651, 3319, 3660, 5160, 4768, 1911, 5345, 23, 4419, 1815, 447, 581, 4426, 893, 2756, 1864, 4418, 4444, 1411, 3446, 3278, 1618, 4786, 3998, 2055, 2795, 4841, 1599, 1044, 2418, 2206, 1394, 3409, 4428, 5301, 5139, 4504, 3974, 4123, 2414, 3527, 4244, 4985, 3310, 3975, 1318, 952, 4822, 3414, 2223, 1506, 627, 3094, 1236, 4642, 2481, 1629, 4509, 4265, 3829, 4149, 3249, 426, 3817, 2571, 3894, 4662, 744, 4561, 1926, 3576, 2655, 1714, 2072, 1559, 3358, 4741, 2526, 2896, 5132, 613, 4331, 1969, 1727, 1293, 871, 5264, 4669, 1505, 1095]",402,750,1,False,750
439,numeric,entity,1,True,False,True,"{2: 151, 1: 172, 5: 122, 3: 154, 4: 141, 0: 10}","[4097, 1548, 5419, 4731, 3902, 3380, 4432, 3710, 3542, 3991, 4880, 2494, 2930, 1237, 5356, 235, 4127, 3911, 217, 3274, 932, 1468, 2624, 2837, 3687, 1483, 2116, 3691, 4885, 1822, 1115, 1952, 4887, 876, 2002, 4576, 3443, 5286, 2441, 4713, 121, 2388, 292, 5439, 83, 4206, 4866, 1120, 5436, 1558, 1312, 2596, 3921, 1887, 388, 2130, 1360, 1525, 4673, 4770, 3790, 1675, 2897, 556, 4577, 4946, 2628, 1915, 2862, 5186, 4722, 3211, 2127, 2225, 352, 1392, 1877, 2901, 1025, 4799, 1285, 2739, 5107, 4436, 415, 2864, 15, 2351, 4600, 2046, 3401, 650, 3938, 1545, 226, 4522, 992, 5069, 534, 18, 335, 3566, 3064, 2698, 989, 123, 1932, 4178, 3670, 4847, 1514, 2273, 1786, 574, 2856, 3256, 618, 4694, 5405, 4404, 2676, 3762, 5255, 3755, 2485, 5321, 536, 233, 3760, 1837, 4431, 3948, 5252, 3797, 1538, 13, 1387, 1886, 1994, 2954, 4108, 3432, 3881, 4477, 2919, 4613, 5175, 714, 1719, 4590, 3976, 3180, 2250, 2329, 3919, 5171, 3330, 2506, 3126, 3434, 223, 1272, 1304, 2738, 3311, 1290, 3073, 3199, 5388, 1989, 2828, 1431, 2509, 1643, 3373, 2821, 1188, 2859, 1955, 510, 1486, 595, 2764, 2793, 2298, 708, 1768, 5056, 5179, 4869, 2794, 2360, 4895, 1094, 5372, 2311, 2488, 1066, 2618, 429, 571, 2244, 2290, 1380, 2387, 68, 2439, 1878, 3749, 4145, 3746, 4125, 1315, 2150, 4656, 348, 770, 3019, 2275, 587, 315, 4120, 36, 2855, 3651, 2566, 4293, 640, 1490, 4054, 4959, 1835, 2354, 3522, 4901, 1243, 1571, 3332, 652, 2068, 1808, 5156, 1114, 4716, 2121, 5117, 4747, 4593, 451, 3953, 2782, 2461, 5091, 4920, 4668, 3397, 5247, 1260, 297, 2704, 3504, 3203, 2900, 384, 157, 4868, 3488, 5245, 3173, 1647, 3273, 1192, 3908, 38, 3992, 749, 5294, 3848, 860, 2479, 2459, 867, 3218, 4838, 4482, 20, 1521, 1641, 122, 3118, 2063, 2400, 3519, 1063, 2035, 3442, 2890, 1763, 2119, 5400, 1961, 4854, 2292, 2772, 527, 4917, 4955, 2172, 1186, 4006, 1388, 4382, 4717, 2798, 831, 1206, 189, 5149, 4021, 507, 3599, 3197, 5148, 539, 2171, 2575, 1615, 4032, 2592, 5425, 350, 201, 2074, 3364, 3764, 2122, 3738, 1086, 4460, 400, 63, 1662, 286, 291, 693, 3484, 2629, 4674, 2334, 1913, 4762, 2824, 4767, 4750, 4965, 1785, 2069, 583, 1797, 5051, 4848, 2634, 1507, 4085, 5159, 3279, 3927, 4, 550, 5447, 207, 2799, 551, 5144, 2563, 146, 4989, 4400, 2113, 434, 27, 4129, 3768, 3668, 3459, 3091, 1215, 4091, 1681, 2872, 4014, 4194, 779, 4029, 3756, 4760, 2476, 1749, 4658, 4871, 4348, 2757, 646, 1897, 2195, 316, 716, 4208, 5383, 825, 5370, 3078, 3778, 1702, 3984, 3847, 1150, 4300, 649, 4808, 3775, 4935, 3159, 687, 1223, 946, 4538, 4535, 3077, 5359, 780, 477, 2524, 371, 5142, 3611, 62, 1069, 4193, 883, 4130, 4328, 622, 4974, 1436, 4519, 1762, 4238, 3012, 3554, 4026, 3342, 4182, 5410, 1407, 2736, 913, 4045, 182, 1382, 3625, 1351, 3839, 3583, 2938, 46, 829, 5326, 2230, 612, 5021, 3121, 1127, 3006, 1852, 329, 118, 3794, 4081, 72, 1330, 519, 1195, 2017, 1920, 314, 1129, 3544, 1000, 282, 4041, 2857, 324, 2210, 5283, 2272, 4438, 10, 5341, 4447, 5120, 4167, 1047, 742, 4222, 2916, 3377, 2533, 2707, 2819, 42, 3054, 703, 1519, 1891, 1740, 2997, 347, 5190, 3489, 4284, 833, 4467, 2603, 4198, 4987, 4303, 2483, 435, 4121, 2536, 3048, 2561, 4425, 3177, 2774, 5313, 5078, 1804, 2780, 317, 1372, 1842, 2517, 35, 4283, 3692, 794, 4047, 4496, 4319, 1623, 896, 4416, 3383, 2217, 2330, 2026, 2565, 890, 1423, 3773, 2941, 4926, 2977, 256, 2755, 3724, 1697, 3141, 3189, 2520, 402, 1159, 1593, 508, 1536, 2376, 2842, 691, 3596, 2321, 1576, 5411, 2201, 2532, 4138, 4631, 3815, 4657, 2905, 3472, 4518, 4823, 4810, 2892, 4073, 2806, 3715, 31, 2372, 1782, 2133, 1893, 3932, 4602, 3997, 1607, 1238, 4296, 1350, 4498, 4735, 1489, 4877, 845, 1630, 3469, 4143, 4002, 106, 2773, 2881, 287, 2062, 1757, 4230, 1627, 830, 563, 1196, 2460, 5333, 2472, 1067, 1377, 4844, 3515, 4552, 958, 4347, 1170, 1543, 3120, 2239, 28, 4909, 3026, 515, 3293, 1948, 4948, 76, 970, 840, 4011, 2675, 4050, 37, 108, 4651, 3319, 3660, 5160, 4768, 1911, 5345, 23, 4419, 1815, 447, 581, 4426, 893, 2756, 1864, 4418, 4444, 1411, 3446, 3278, 1618, 4786, 3998, 2055, 2795, 4841, 1599, 1044, 2418, 2206, 1394, 3409, 4428, 5301, 5139, 4504, 3974, 4123, 2414, 3527, 4244, 4985, 3310, 3975, 1318, 952, 4822, 3414, 2223, 1506, 627, 3094, 1236, 4642, 2481, 1629, 4509, 4265, 3829, 4149, 3249, 426, 3817, 2571, 3894, 4662, 744, 4561, 1926, 3576, 2655, 1714, 2072, 1559, 3358, 4741, 2526, 2896, 5132, 613, 4331, 1969, 1727, 1293, 871, 5264, 4669, 1505, 1095]",439,750,1,False,750
437,numeric,numeric,5,True,True,True,"{2: 151, 1: 172, 5: 122, 3: 154, 4: 141, 0: 10}","[4097, 1548, 5419, 4731, 3902, 3380, 4432, 3710, 3542, 3991, 4880, 2494, 2930, 1237, 5356, 235, 4127, 3911, 217, 3274, 932, 1468, 2624, 2837, 3687, 1483, 2116, 3691, 4885, 1822, 1115, 1952, 4887, 876, 2002, 4576, 3443, 5286, 2441, 4713, 121, 2388, 292, 5439, 83, 4206, 4866, 1120, 5436, 1558, 1312, 2596, 3921, 1887, 388, 2130, 1360, 1525, 4673, 4770, 3790, 1675, 2897, 556, 4577, 4946, 2628, 1915, 2862, 5186, 4722, 3211, 2127, 2225, 352, 1392, 1877, 2901, 1025, 4799, 1285, 2739, 5107, 4436, 415, 2864, 15, 2351, 4600, 2046, 3401, 650, 3938, 1545, 226, 4522, 992, 5069, 534, 18, 335, 3566, 3064, 2698, 989, 123, 1932, 4178, 3670, 4847, 1514, 2273, 1786, 574, 2856, 3256, 618, 4694, 5405, 4404, 2676, 3762, 5255, 3755, 2485, 5321, 536, 233, 3760, 1837, 4431, 3948, 5252, 3797, 1538, 13, 1387, 1886, 1994, 2954, 4108, 3432, 3881, 4477, 2919, 4613, 5175, 714, 1719, 4590, 3976, 3180, 2250, 2329, 3919, 5171, 3330, 2506, 3126, 3434, 223, 1272, 1304, 2738, 3311, 1290, 3073, 3199, 5388, 1989, 2828, 1431, 2509, 1643, 3373, 2821, 1188, 2859, 1955, 510, 1486, 595, 2764, 2793, 2298, 708, 1768, 5056, 5179, 4869, 2794, 2360, 4895, 1094, 5372, 2311, 2488, 1066, 2618, 429, 571, 2244, 2290, 1380, 2387, 68, 2439, 1878, 3749, 4145, 3746, 4125, 1315, 2150, 4656, 348, 770, 3019, 2275, 587, 315, 4120, 36, 2855, 3651, 2566, 4293, 640, 1490, 4054, 4959, 1835, 2354, 3522, 4901, 1243, 1571, 3332, 652, 2068, 1808, 5156, 1114, 4716, 2121, 5117, 4747, 4593, 451, 3953, 2782, 2461, 5091, 4920, 4668, 3397, 5247, 1260, 297, 2704, 3504, 3203, 2900, 384, 157, 4868, 3488, 5245, 3173, 1647, 3273, 1192, 3908, 38, 3992, 749, 5294, 3848, 860, 2479, 2459, 867, 3218, 4838, 4482, 20, 1521, 1641, 122, 3118, 2063, 2400, 3519, 1063, 2035, 3442, 2890, 1763, 2119, 5400, 1961, 4854, 2292, 2772, 527, 4917, 4955, 2172, 1186, 4006, 1388, 4382, 4717, 2798, 831, 1206, 189, 5149, 4021, 507, 3599, 3197, 5148, 539, 2171, 2575, 1615, 4032, 2592, 5425, 350, 201, 2074, 3364, 3764, 2122, 3738, 1086, 4460, 400, 63, 1662, 286, 291, 693, 3484, 2629, 4674, 2334, 1913, 4762, 2824, 4767, 4750, 4965, 1785, 2069, 583, 1797, 5051, 4848, 2634, 1507, 4085, 5159, 3279, 3927, 4, 550, 5447, 207, 2799, 551, 5144, 2563, 146, 4989, 4400, 2113, 434, 27, 4129, 3768, 3668, 3459, 3091, 1215, 4091, 1681, 2872, 4014, 4194, 779, 4029, 3756, 4760, 2476, 1749, 4658, 4871, 4348, 2757, 646, 1897, 2195, 316, 716, 4208, 5383, 825, 5370, 3078, 3778, 1702, 3984, 3847, 1150, 4300, 649, 4808, 3775, 4935, 3159, 687, 1223, 946, 4538, 4535, 3077, 5359, 780, 477, 2524, 371, 5142, 3611, 62, 1069, 4193, 883, 4130, 4328, 622, 4974, 1436, 4519, 1762, 4238, 3012, 3554, 4026, 3342, 4182, 5410, 1407, 2736, 913, 4045, 182, 1382, 3625, 1351, 3839, 3583, 2938, 46, 829, 5326, 2230, 612, 5021, 3121, 1127, 3006, 1852, 329, 118, 3794, 4081, 72, 1330, 519, 1195, 2017, 1920, 314, 1129, 3544, 1000, 282, 4041, 2857, 324, 2210, 5283, 2272, 4438, 10, 5341, 4447, 5120, 4167, 1047, 742, 4222, 2916, 3377, 2533, 2707, 2819, 42, 3054, 703, 1519, 1891, 1740, 2997, 347, 5190, 3489, 4284, 833, 4467, 2603, 4198, 4987, 4303, 2483, 435, 4121, 2536, 3048, 2561, 4425, 3177, 2774, 5313, 5078, 1804, 2780, 317, 1372, 1842, 2517, 35, 4283, 3692, 794, 4047, 4496, 4319, 1623, 896, 4416, 3383, 2217, 2330, 2026, 2565, 890, 1423, 3773, 2941, 4926, 2977, 256, 2755, 3724, 1697, 3141, 3189, 2520, 402, 1159, 1593, 508, 1536, 2376, 2842, 691, 3596, 2321, 1576, 5411, 2201, 2532, 4138, 4631, 3815, 4657, 2905, 3472, 4518, 4823, 4810, 2892, 4073, 2806, 3715, 31, 2372, 1782, 2133, 1893, 3932, 4602, 3997, 1607, 1238, 4296, 1350, 4498, 4735, 1489, 4877, 845, 1630, 3469, 4143, 4002, 106, 2773, 2881, 287, 2062, 1757, 4230, 1627, 830, 563, 1196, 2460, 5333, 2472, 1067, 1377, 4844, 3515, 4552, 958, 4347, 1170, 1543, 3120, 2239, 28, 4909, 3026, 515, 3293, 1948, 4948, 76, 970, 840, 4011, 2675, 4050, 37, 108, 4651, 3319, 3660, 5160, 4768, 1911, 5345, 23, 4419, 1815, 447, 581, 4426, 893, 2756, 1864, 4418, 4444, 1411, 3446, 3278, 1618, 4786, 3998, 2055, 2795, 4841, 1599, 1044, 2418, 2206, 1394, 3409, 4428, 5301, 5139, 4504, 3974, 4123, 2414, 3527, 4244, 4985, 3310, 3975, 1318, 952, 4822, 3414, 2223, 1506, 627, 3094, 1236, 4642, 2481, 1629, 4509, 4265, 3829, 4149, 3249, 426, 3817, 2571, 3894, 4662, 744, 4561, 1926, 3576, 2655, 1714, 2072, 1559, 3358, 4741, 2526, 2896, 5132, 613, 4331, 1969, 1727, 1293, 871, 5264, 4669, 1505, 1095]",437,750,1,False,750
289,description,description,2,True,True,True,"{2: 151, 1: 172, 5: 122, 3: 154, 4: 141, 0: 10}","[4097, 1548, 5419, 4731, 3902, 3380, 4432, 3710, 3542, 3991, 4880, 2494, 2930, 1237, 5356, 235, 4127, 3911, 217, 3274, 932, 1468, 2624, 2837, 3687, 1483, 2116, 3691, 4885, 1822, 1115, 1952, 4887, 876, 2002, 4576, 3443, 5286, 2441, 4713, 121, 2388, 292, 5439, 83, 4206, 4866, 1120, 5436, 1558, 1312, 2596, 3921, 1887, 388, 2130, 1360, 1525, 4673, 4770, 3790, 1675, 2897, 556, 4577, 4946, 2628, 1915, 2862, 5186, 4722, 3211, 2127, 2225, 352, 1392, 1877, 2901, 1025, 4799, 1285, 2739, 5107, 4436, 415, 2864, 15, 2351, 4600, 2046, 3401, 650, 3938, 1545, 226, 4522, 992, 5069, 534, 18, 335, 3566, 3064, 2698, 989, 123, 1932, 4178, 3670, 4847, 1514, 2273, 1786, 574, 2856, 3256, 618, 4694, 5405, 4404, 2676, 3762, 5255, 3755, 2485, 5321, 536, 233, 3760, 1837, 4431, 3948, 5252, 3797, 1538, 13, 1387, 1886, 1994, 2954, 4108, 3432, 3881, 4477, 2919, 4613, 5175, 714, 1719, 4590, 3976, 3180, 2250, 2329, 3919, 5171, 3330, 2506, 3126, 3434, 223, 1272, 1304, 2738, 3311, 1290, 3073, 3199, 5388, 1989, 2828, 1431, 2509, 1643, 3373, 2821, 1188, 2859, 1955, 510, 1486, 595, 2764, 2793, 2298, 708, 1768, 5056, 5179, 4869, 2794, 2360, 4895, 1094, 5372, 2311, 2488, 1066, 2618, 429, 571, 2244, 2290, 1380, 2387, 68, 2439, 1878, 3749, 4145, 3746, 4125, 1315, 2150, 4656, 348, 770, 3019, 2275, 587, 315, 4120, 36, 2855, 3651, 2566, 4293, 640, 1490, 4054, 4959, 1835, 2354, 3522, 4901, 1243, 1571, 3332, 652, 2068, 1808, 5156, 1114, 4716, 2121, 5117, 4747, 4593, 451, 3953, 2782, 2461, 5091, 4920, 4668, 3397, 5247, 1260, 297, 2704, 3504, 3203, 2900, 384, 157, 4868, 3488, 5245, 3173, 1647, 3273, 1192, 3908, 38, 3992, 749, 5294, 3848, 860, 2479, 2459, 867, 3218, 4838, 4482, 20, 1521, 1641, 122, 3118, 2063, 2400, 3519, 1063, 2035, 3442, 2890, 1763, 2119, 5400, 1961, 4854, 2292, 2772, 527, 4917, 4955, 2172, 1186, 4006, 1388, 4382, 4717, 2798, 831, 1206, 189, 5149, 4021, 507, 3599, 3197, 5148, 539, 2171, 2575, 1615, 4032, 2592, 5425, 350, 201, 2074, 3364, 3764, 2122, 3738, 1086, 4460, 400, 63, 1662, 286, 291, 693, 3484, 2629, 4674, 2334, 1913, 4762, 2824, 4767, 4750, 4965, 1785, 2069, 583, 1797, 5051, 4848, 2634, 1507, 4085, 5159, 3279, 3927, 4, 550, 5447, 207, 2799, 551, 5144, 2563, 146, 4989, 4400, 2113, 434, 27, 4129, 3768, 3668, 3459, 3091, 1215, 4091, 1681, 2872, 4014, 4194, 779, 4029, 3756, 4760, 2476, 1749, 4658, 4871, 4348, 2757, 646, 1897, 2195, 316, 716, 4208, 5383, 825, 5370, 3078, 3778, 1702, 3984, 3847, 1150, 4300, 649, 4808, 3775, 4935, 3159, 687, 1223, 946, 4538, 4535, 3077, 5359, 780, 477, 2524, 371, 5142, 3611, 62, 1069, 4193, 883, 4130, 4328, 622, 4974, 1436, 4519, 1762, 4238, 3012, 3554, 4026, 3342, 4182, 5410, 1407, 2736, 913, 4045, 182, 1382, 3625, 1351, 3839, 3583, 2938, 46, 829, 5326, 2230, 612, 5021, 3121, 1127, 3006, 1852, 329, 118, 3794, 4081, 72, 1330, 519, 1195, 2017, 1920, 314, 1129, 3544, 1000, 282, 4041, 2857, 324, 2210, 5283, 2272, 4438, 10, 5341, 4447, 5120, 4167, 1047, 742, 4222, 2916, 3377, 2533, 2707, 2819, 42, 3054, 703, 1519, 1891, 1740, 2997, 347, 5190, 3489, 4284, 833, 4467, 2603, 4198, 4987, 4303, 2483, 435, 4121, 2536, 3048, 2561, 4425, 3177, 2774, 5313, 5078, 1804, 2780, 317, 1372, 1842, 2517, 35, 4283, 3692, 794, 4047, 4496, 4319, 1623, 896, 4416, 3383, 2217, 2330, 2026, 2565, 890, 1423, 3773, 2941, 4926, 2977, 256, 2755, 3724, 1697, 3141, 3189, 2520, 402, 1159, 1593, 508, 1536, 2376, 2842, 691, 3596, 2321, 1576, 5411, 2201, 2532, 4138, 4631, 3815, 4657, 2905, 3472, 4518, 4823, 4810, 2892, 4073, 2806, 3715, 31, 2372, 1782, 2133, 1893, 3932, 4602, 3997, 1607, 1238, 4296, 1350, 4498, 4735, 1489, 4877, 845, 1630, 3469, 4143, 4002, 106, 2773, 2881, 287, 2062, 1757, 4230, 1627, 830, 563, 1196, 2460, 5333, 2472, 1067, 1377, 4844, 3515, 4552, 958, 4347, 1170, 1543, 3120, 2239, 28, 4909, 3026, 515, 3293, 1948, 4948, 76, 970, 840, 4011, 2675, 4050, 37, 108, 4651, 3319, 3660, 5160, 4768, 1911, 5345, 23, 4419, 1815, 447, 581, 4426, 893, 2756, 1864, 4418, 4444, 1411, 3446, 3278, 1618, 4786, 3998, 2055, 2795, 4841, 1599, 1044, 2418, 2206, 1394, 3409, 4428, 5301, 5139, 4504, 3974, 4123, 2414, 3527, 4244, 4985, 3310, 3975, 1318, 952, 4822, 3414, 2223, 1506, 627, 3094, 1236, 4642, 2481, 1629, 4509, 4265, 3829, 4149, 3249, 426, 3817, 2571, 3894, 4662, 744, 4561, 1926, 3576, 2655, 1714, 2072, 1559, 3358, 4741, 2526, 2896, 5132, 613, 4331, 1969, 1727, 1293, 871, 5264, 4669, 1505, 1095]",289,750,1,False,750
132,numeric,description,2,True,False,True,"{2: 151, 1: 172, 5: 122, 3: 154, 4: 141, 0: 10}","[4097, 1548, 5419, 4731, 3902, 3380, 4432, 3710, 3542, 3991, 4880, 2494, 2930, 1237, 5356, 235, 4127, 3911, 217, 3274, 932, 1468, 2624, 2837, 3687, 1483, 2116, 3691, 4885, 1822, 1115, 1952, 4887, 876, 2002, 4576, 3443, 5286, 2441, 4713, 121, 2388, 292, 5439, 83, 4206, 4866, 1120, 5436, 1558, 1312, 2596, 3921, 1887, 388, 2130, 1360, 1525, 4673, 4770, 3790, 1675, 2897, 556, 4577, 4946, 2628, 1915, 2862, 5186, 4722, 3211, 2127, 2225, 352, 1392, 1877, 2901, 1025, 4799, 1285, 2739, 5107, 4436, 415, 2864, 15, 2351, 4600, 2046, 3401, 650, 3938, 1545, 226, 4522, 992, 5069, 534, 18, 335, 3566, 3064, 2698, 989, 123, 1932, 4178, 3670, 4847, 1514, 2273, 1786, 574, 2856, 3256, 618, 4694, 5405, 4404, 2676, 3762, 5255, 3755, 2485, 5321, 536, 233, 3760, 1837, 4431, 3948, 5252, 3797, 1538, 13, 1387, 1886, 1994, 2954, 4108, 3432, 3881, 4477, 2919, 4613, 5175, 714, 1719, 4590, 3976, 3180, 2250, 2329, 3919, 5171, 3330, 2506, 3126, 3434, 223, 1272, 1304, 2738, 3311, 1290, 3073, 3199, 5388, 1989, 2828, 1431, 2509, 1643, 3373, 2821, 1188, 2859, 1955, 510, 1486, 595, 2764, 2793, 2298, 708, 1768, 5056, 5179, 4869, 2794, 2360, 4895, 1094, 5372, 2311, 2488, 1066, 2618, 429, 571, 2244, 2290, 1380, 2387, 68, 2439, 1878, 3749, 4145, 3746, 4125, 1315, 2150, 4656, 348, 770, 3019, 2275, 587, 315, 4120, 36, 2855, 3651, 2566, 4293, 640, 1490, 4054, 4959, 1835, 2354, 3522, 4901, 1243, 1571, 3332, 652, 2068, 1808, 5156, 1114, 4716, 2121, 5117, 4747, 4593, 451, 3953, 2782, 2461, 5091, 4920, 4668, 3397, 5247, 1260, 297, 2704, 3504, 3203, 2900, 384, 157, 4868, 3488, 5245, 3173, 1647, 3273, 1192, 3908, 38, 3992, 749, 5294, 3848, 860, 2479, 2459, 867, 3218, 4838, 4482, 20, 1521, 1641, 122, 3118, 2063, 2400, 3519, 1063, 2035, 3442, 2890, 1763, 2119, 5400, 1961, 4854, 2292, 2772, 527, 4917, 4955, 2172, 1186, 4006, 1388, 4382, 4717, 2798, 831, 1206, 189, 5149, 4021, 507, 3599, 3197, 5148, 539, 2171, 2575, 1615, 4032, 2592, 5425, 350, 201, 2074, 3364, 3764, 2122, 3738, 1086, 4460, 400, 63, 1662, 286, 291, 693, 3484, 2629, 4674, 2334, 1913, 4762, 2824, 4767, 4750, 4965, 1785, 2069, 583, 1797, 5051, 4848, 2634, 1507, 4085, 5159, 3279, 3927, 4, 550, 5447, 207, 2799, 551, 5144, 2563, 146, 4989, 4400, 2113, 434, 27, 4129, 3768, 3668, 3459, 3091, 1215, 4091, 1681, 2872, 4014, 4194, 779, 4029, 3756, 4760, 2476, 1749, 4658, 4871, 4348, 2757, 646, 1897, 2195, 316, 716, 4208, 5383, 825, 5370, 3078, 3778, 1702, 3984, 3847, 1150, 4300, 649, 4808, 3775, 4935, 3159, 687, 1223, 946, 4538, 4535, 3077, 5359, 780, 477, 2524, 371, 5142, 3611, 62, 1069, 4193, 883, 4130, 4328, 622, 4974, 1436, 4519, 1762, 4238, 3012, 3554, 4026, 3342, 4182, 5410, 1407, 2736, 913, 4045, 182, 1382, 3625, 1351, 3839, 3583, 2938, 46, 829, 5326, 2230, 612, 5021, 3121, 1127, 3006, 1852, 329, 118, 3794, 4081, 72, 1330, 519, 1195, 2017, 1920, 314, 1129, 3544, 1000, 282, 4041, 2857, 324, 2210, 5283, 2272, 4438, 10, 5341, 4447, 5120, 4167, 1047, 742, 4222, 2916, 3377, 2533, 2707, 2819, 42, 3054, 703, 1519, 1891, 1740, 2997, 347, 5190, 3489, 4284, 833, 4467, 2603, 4198, 4987, 4303, 2483, 435, 4121, 2536, 3048, 2561, 4425, 3177, 2774, 5313, 5078, 1804, 2780, 317, 1372, 1842, 2517, 35, 4283, 3692, 794, 4047, 4496, 4319, 1623, 896, 4416, 3383, 2217, 2330, 2026, 2565, 890, 1423, 3773, 2941, 4926, 2977, 256, 2755, 3724, 1697, 3141, 3189, 2520, 402, 1159, 1593, 508, 1536, 2376, 2842, 691, 3596, 2321, 1576, 5411, 2201, 2532, 4138, 4631, 3815, 4657, 2905, 3472, 4518, 4823, 4810, 2892, 4073, 2806, 3715, 31, 2372, 1782, 2133, 1893, 3932, 4602, 3997, 1607, 1238, 4296, 1350, 4498, 4735, 1489, 4877, 845, 1630, 3469, 4143, 4002, 106, 2773, 2881, 287, 2062, 1757, 4230, 1627, 830, 563, 1196, 2460, 5333, 2472, 1067, 1377, 4844, 3515, 4552, 958, 4347, 1170, 1543, 3120, 2239, 28, 4909, 3026, 515, 3293, 1948, 4948, 76, 970, 840, 4011, 2675, 4050, 37, 108, 4651, 3319, 3660, 5160, 4768, 1911, 5345, 23, 4419, 1815, 447, 581, 4426, 893, 2756, 1864, 4418, 4444, 1411, 3446, 3278, 1618, 4786, 3998, 2055, 2795, 4841, 1599, 1044, 2418, 2206, 1394, 3409, 4428, 5301, 5139, 4504, 3974, 4123, 2414, 3527, 4244, 4985, 3310, 3975, 1318, 952, 4822, 3414, 2223, 1506, 627, 3094, 1236, 4642, 2481, 1629, 4509, 4265, 3829, 4149, 3249, 426, 3817, 2571, 3894, 4662, 744, 4561, 1926, 3576, 2655, 1714, 2072, 1559, 3358, 4741, 2526, 2896, 5132, 613, 4331, 1969, 1727, 1293, 871, 5264, 4669, 1505, 1095]",132,750,1,False,750
250,human,human,3,True,True,True,"{2: 151, 1: 172, 5: 122, 3: 154, 4: 141, 0: 10}","[4097, 1548, 5419, 4731, 3902, 3380, 4432, 3710, 3542, 3991, 4880, 2494, 2930, 1237, 5356, 235, 4127, 3911, 217, 3274, 932, 1468, 2624, 2837, 3687, 1483, 2116, 3691, 4885, 1822, 1115, 1952, 4887, 876, 2002, 4576, 3443, 5286, 2441, 4713, 121, 2388, 292, 5439, 83, 4206, 4866, 1120, 5436, 1558, 1312, 2596, 3921, 1887, 388, 2130, 1360, 1525, 4673, 4770, 3790, 1675, 2897, 556, 4577, 4946, 2628, 1915, 2862, 5186, 4722, 3211, 2127, 2225, 352, 1392, 1877, 2901, 1025, 4799, 1285, 2739, 5107, 4436, 415, 2864, 15, 2351, 4600, 2046, 3401, 650, 3938, 1545, 226, 4522, 992, 5069, 534, 18, 335, 3566, 3064, 2698, 989, 123, 1932, 4178, 3670, 4847, 1514, 2273, 1786, 574, 2856, 3256, 618, 4694, 5405, 4404, 2676, 3762, 5255, 3755, 2485, 5321, 536, 233, 3760, 1837, 4431, 3948, 5252, 3797, 1538, 13, 1387, 1886, 1994, 2954, 4108, 3432, 3881, 4477, 2919, 4613, 5175, 714, 1719, 4590, 3976, 3180, 2250, 2329, 3919, 5171, 3330, 2506, 3126, 3434, 223, 1272, 1304, 2738, 3311, 1290, 3073, 3199, 5388, 1989, 2828, 1431, 2509, 1643, 3373, 2821, 1188, 2859, 1955, 510, 1486, 595, 2764, 2793, 2298, 708, 1768, 5056, 5179, 4869, 2794, 2360, 4895, 1094, 5372, 2311, 2488, 1066, 2618, 429, 571, 2244, 2290, 1380, 2387, 68, 2439, 1878, 3749, 4145, 3746, 4125, 1315, 2150, 4656, 348, 770, 3019, 2275, 587, 315, 4120, 36, 2855, 3651, 2566, 4293, 640, 1490, 4054, 4959, 1835, 2354, 3522, 4901, 1243, 1571, 3332, 652, 2068, 1808, 5156, 1114, 4716, 2121, 5117, 4747, 4593, 451, 3953, 2782, 2461, 5091, 4920, 4668, 3397, 5247, 1260, 297, 2704, 3504, 3203, 2900, 384, 157, 4868, 3488, 5245, 3173, 1647, 3273, 1192, 3908, 38, 3992, 749, 5294, 3848, 860, 2479, 2459, 867, 3218, 4838, 4482, 20, 1521, 1641, 122, 3118, 2063, 2400, 3519, 1063, 2035, 3442, 2890, 1763, 2119, 5400, 1961, 4854, 2292, 2772, 527, 4917, 4955, 2172, 1186, 4006, 1388, 4382, 4717, 2798, 831, 1206, 189, 5149, 4021, 507, 3599, 3197, 5148, 539, 2171, 2575, 1615, 4032, 2592, 5425, 350, 201, 2074, 3364, 3764, 2122, 3738, 1086, 4460, 400, 63, 1662, 286, 291, 693, 3484, 2629, 4674, 2334, 1913, 4762, 2824, 4767, 4750, 4965, 1785, 2069, 583, 1797, 5051, 4848, 2634, 1507, 4085, 5159, 3279, 3927, 4, 550, 5447, 207, 2799, 551, 5144, 2563, 146, 4989, 4400, 2113, 434, 27, 4129, 3768, 3668, 3459, 3091, 1215, 4091, 1681, 2872, 4014, 4194, 779, 4029, 3756, 4760, 2476, 1749, 4658, 4871, 4348, 2757, 646, 1897, 2195, 316, 716, 4208, 5383, 825, 5370, 3078, 3778, 1702, 3984, 3847, 1150, 4300, 649, 4808, 3775, 4935, 3159, 687, 1223, 946, 4538, 4535, 3077, 5359, 780, 477, 2524, 371, 5142, 3611, 62, 1069, 4193, 883, 4130, 4328, 622, 4974, 1436, 4519, 1762, 4238, 3012, 3554, 4026, 3342, 4182, 5410, 1407, 2736, 913, 4045, 182, 1382, 3625, 1351, 3839, 3583, 2938, 46, 829, 5326, 2230, 612, 5021, 3121, 1127, 3006, 1852, 329, 118, 3794, 4081, 72, 1330, 519, 1195, 2017, 1920, 314, 1129, 3544, 1000, 282, 4041, 2857, 324, 2210, 5283, 2272, 4438, 10, 5341, 4447, 5120, 4167, 1047, 742, 4222, 2916, 3377, 2533, 2707, 2819, 42, 3054, 703, 1519, 1891, 1740, 2997, 347, 5190, 3489, 4284, 833, 4467, 2603, 4198, 4987, 4303, 2483, 435, 4121, 2536, 3048, 2561, 4425, 3177, 2774, 5313, 5078, 1804, 2780, 317, 1372, 1842, 2517, 35, 4283, 3692, 794, 4047, 4496, 4319, 1623, 896, 4416, 3383, 2217, 2330, 2026, 2565, 890, 1423, 3773, 2941, 4926, 2977, 256, 2755, 3724, 1697, 3141, 3189, 2520, 402, 1159, 1593, 508, 1536, 2376, 2842, 691, 3596, 2321, 1576, 5411, 2201, 2532, 4138, 4631, 3815, 4657, 2905, 3472, 4518, 4823, 4810, 2892, 4073, 2806, 3715, 31, 2372, 1782, 2133, 1893, 3932, 4602, 3997, 1607, 1238, 4296, 1350, 4498, 4735, 1489, 4877, 845, 1630, 3469, 4143, 4002, 106, 2773, 2881, 287, 2062, 1757, 4230, 1627, 830, 563, 1196, 2460, 5333, 2472, 1067, 1377, 4844, 3515, 4552, 958, 4347, 1170, 1543, 3120, 2239, 28, 4909, 3026, 515, 3293, 1948, 4948, 76, 970, 840, 4011, 2675, 4050, 37, 108, 4651, 3319, 3660, 5160, 4768, 1911, 5345, 23, 4419, 1815, 447, 581, 4426, 893, 2756, 1864, 4418, 4444, 1411, 3446, 3278, 1618, 4786, 3998, 2055, 2795, 4841, 1599, 1044, 2418, 2206, 1394, 3409, 4428, 5301, 5139, 4504, 3974, 4123, 2414, 3527, 4244, 4985, 3310, 3975, 1318, 952, 4822, 3414, 2223, 1506, 627, 3094, 1236, 4642, 2481, 1629, 4509, 4265, 3829, 4149, 3249, 426, 3817, 2571, 3894, 4662, 744, 4561, 1926, 3576, 2655, 1714, 2072, 1559, 3358, 4741, 2526, 2896, 5132, 613, 4331, 1969, 1727, 1293, 871, 5264, 4669, 1505, 1095]",250,750,1,False,750
405,numeric,location,4,True,False,True,"{2: 151, 1: 172, 5: 122, 3: 154, 4: 141, 0: 10}","[4097, 1548, 5419, 4731, 3902, 3380, 4432, 3710, 3542, 3991, 4880, 2494, 2930, 1237, 5356, 235, 4127, 3911, 217, 3274, 932, 1468, 2624, 2837, 3687, 1483, 2116, 3691, 4885, 1822, 1115, 1952, 4887, 876, 2002, 4576, 3443, 5286, 2441, 4713, 121, 2388, 292, 5439, 83, 4206, 4866, 1120, 5436, 1558, 1312, 2596, 3921, 1887, 388, 2130, 1360, 1525, 4673, 4770, 3790, 1675, 2897, 556, 4577, 4946, 2628, 1915, 2862, 5186, 4722, 3211, 2127, 2225, 352, 1392, 1877, 2901, 1025, 4799, 1285, 2739, 5107, 4436, 415, 2864, 15, 2351, 4600, 2046, 3401, 650, 3938, 1545, 226, 4522, 992, 5069, 534, 18, 335, 3566, 3064, 2698, 989, 123, 1932, 4178, 3670, 4847, 1514, 2273, 1786, 574, 2856, 3256, 618, 4694, 5405, 4404, 2676, 3762, 5255, 3755, 2485, 5321, 536, 233, 3760, 1837, 4431, 3948, 5252, 3797, 1538, 13, 1387, 1886, 1994, 2954, 4108, 3432, 3881, 4477, 2919, 4613, 5175, 714, 1719, 4590, 3976, 3180, 2250, 2329, 3919, 5171, 3330, 2506, 3126, 3434, 223, 1272, 1304, 2738, 3311, 1290, 3073, 3199, 5388, 1989, 2828, 1431, 2509, 1643, 3373, 2821, 1188, 2859, 1955, 510, 1486, 595, 2764, 2793, 2298, 708, 1768, 5056, 5179, 4869, 2794, 2360, 4895, 1094, 5372, 2311, 2488, 1066, 2618, 429, 571, 2244, 2290, 1380, 2387, 68, 2439, 1878, 3749, 4145, 3746, 4125, 1315, 2150, 4656, 348, 770, 3019, 2275, 587, 315, 4120, 36, 2855, 3651, 2566, 4293, 640, 1490, 4054, 4959, 1835, 2354, 3522, 4901, 1243, 1571, 3332, 652, 2068, 1808, 5156, 1114, 4716, 2121, 5117, 4747, 4593, 451, 3953, 2782, 2461, 5091, 4920, 4668, 3397, 5247, 1260, 297, 2704, 3504, 3203, 2900, 384, 157, 4868, 3488, 5245, 3173, 1647, 3273, 1192, 3908, 38, 3992, 749, 5294, 3848, 860, 2479, 2459, 867, 3218, 4838, 4482, 20, 1521, 1641, 122, 3118, 2063, 2400, 3519, 1063, 2035, 3442, 2890, 1763, 2119, 5400, 1961, 4854, 2292, 2772, 527, 4917, 4955, 2172, 1186, 4006, 1388, 4382, 4717, 2798, 831, 1206, 189, 5149, 4021, 507, 3599, 3197, 5148, 539, 2171, 2575, 1615, 4032, 2592, 5425, 350, 201, 2074, 3364, 3764, 2122, 3738, 1086, 4460, 400, 63, 1662, 286, 291, 693, 3484, 2629, 4674, 2334, 1913, 4762, 2824, 4767, 4750, 4965, 1785, 2069, 583, 1797, 5051, 4848, 2634, 1507, 4085, 5159, 3279, 3927, 4, 550, 5447, 207, 2799, 551, 5144, 2563, 146, 4989, 4400, 2113, 434, 27, 4129, 3768, 3668, 3459, 3091, 1215, 4091, 1681, 2872, 4014, 4194, 779, 4029, 3756, 4760, 2476, 1749, 4658, 4871, 4348, 2757, 646, 1897, 2195, 316, 716, 4208, 5383, 825, 5370, 3078, 3778, 1702, 3984, 3847, 1150, 4300, 649, 4808, 3775, 4935, 3159, 687, 1223, 946, 4538, 4535, 3077, 5359, 780, 477, 2524, 371, 5142, 3611, 62, 1069, 4193, 883, 4130, 4328, 622, 4974, 1436, 4519, 1762, 4238, 3012, 3554, 4026, 3342, 4182, 5410, 1407, 2736, 913, 4045, 182, 1382, 3625, 1351, 3839, 3583, 2938, 46, 829, 5326, 2230, 612, 5021, 3121, 1127, 3006, 1852, 329, 118, 3794, 4081, 72, 1330, 519, 1195, 2017, 1920, 314, 1129, 3544, 1000, 282, 4041, 2857, 324, 2210, 5283, 2272, 4438, 10, 5341, 4447, 5120, 4167, 1047, 742, 4222, 2916, 3377, 2533, 2707, 2819, 42, 3054, 703, 1519, 1891, 1740, 2997, 347, 5190, 3489, 4284, 833, 4467, 2603, 4198, 4987, 4303, 2483, 435, 4121, 2536, 3048, 2561, 4425, 3177, 2774, 5313, 5078, 1804, 2780, 317, 1372, 1842, 2517, 35, 4283, 3692, 794, 4047, 4496, 4319, 1623, 896, 4416, 3383, 2217, 2330, 2026, 2565, 890, 1423, 3773, 2941, 4926, 2977, 256, 2755, 3724, 1697, 3141, 3189, 2520, 402, 1159, 1593, 508, 1536, 2376, 2842, 691, 3596, 2321, 1576, 5411, 2201, 2532, 4138, 4631, 3815, 4657, 2905, 3472, 4518, 4823, 4810, 2892, 4073, 2806, 3715, 31, 2372, 1782, 2133, 1893, 3932, 4602, 3997, 1607, 1238, 4296, 1350, 4498, 4735, 1489, 4877, 845, 1630, 3469, 4143, 4002, 106, 2773, 2881, 287, 2062, 1757, 4230, 1627, 830, 563, 1196, 2460, 5333, 2472, 1067, 1377, 4844, 3515, 4552, 958, 4347, 1170, 1543, 3120, 2239, 28, 4909, 3026, 515, 3293, 1948, 4948, 76, 970, 840, 4011, 2675, 4050, 37, 108, 4651, 3319, 3660, 5160, 4768, 1911, 5345, 23, 4419, 1815, 447, 581, 4426, 893, 2756, 1864, 4418, 4444, 1411, 3446, 3278, 1618, 4786, 3998, 2055, 2795, 4841, 1599, 1044, 2418, 2206, 1394, 3409, 4428, 5301, 5139, 4504, 3974, 4123, 2414, 3527, 4244, 4985, 3310, 3975, 1318, 952, 4822, 3414, 2223, 1506, 627, 3094, 1236, 4642, 2481, 1629, 4509, 4265, 3829, 4149, 3249, 426, 3817, 2571, 3894, 4662, 744, 4561, 1926, 3576, 2655, 1714, 2072, 1559, 3358, 4741, 2526, 2896, 5132, 613, 4331, 1969, 1727, 1293, 871, 5264, 4669, 1505, 1095]",405,750,1,False,750
443,numeric,entity,1,True,False,True,"{2: 151, 1: 172, 5: 122, 3: 154, 4: 141, 0: 10}","[4097, 1548, 5419, 4731, 3902, 3380, 4432, 3710, 3542, 3991, 4880, 2494, 2930, 1237, 5356, 235, 4127, 3911, 217, 3274, 932, 1468, 2624, 2837, 3687, 1483, 2116, 3691, 4885, 1822, 1115, 1952, 4887, 876, 2002, 4576, 3443, 5286, 2441, 4713, 121, 2388, 292, 5439, 83, 4206, 4866, 1120, 5436, 1558, 1312, 2596, 3921, 1887, 388, 2130, 1360, 1525, 4673, 4770, 3790, 1675, 2897, 556, 4577, 4946, 2628, 1915, 2862, 5186, 4722, 3211, 2127, 2225, 352, 1392, 1877, 2901, 1025, 4799, 1285, 2739, 5107, 4436, 415, 2864, 15, 2351, 4600, 2046, 3401, 650, 3938, 1545, 226, 4522, 992, 5069, 534, 18, 335, 3566, 3064, 2698, 989, 123, 1932, 4178, 3670, 4847, 1514, 2273, 1786, 574, 2856, 3256, 618, 4694, 5405, 4404, 2676, 3762, 5255, 3755, 2485, 5321, 536, 233, 3760, 1837, 4431, 3948, 5252, 3797, 1538, 13, 1387, 1886, 1994, 2954, 4108, 3432, 3881, 4477, 2919, 4613, 5175, 714, 1719, 4590, 3976, 3180, 2250, 2329, 3919, 5171, 3330, 2506, 3126, 3434, 223, 1272, 1304, 2738, 3311, 1290, 3073, 3199, 5388, 1989, 2828, 1431, 2509, 1643, 3373, 2821, 1188, 2859, 1955, 510, 1486, 595, 2764, 2793, 2298, 708, 1768, 5056, 5179, 4869, 2794, 2360, 4895, 1094, 5372, 2311, 2488, 1066, 2618, 429, 571, 2244, 2290, 1380, 2387, 68, 2439, 1878, 3749, 4145, 3746, 4125, 1315, 2150, 4656, 348, 770, 3019, 2275, 587, 315, 4120, 36, 2855, 3651, 2566, 4293, 640, 1490, 4054, 4959, 1835, 2354, 3522, 4901, 1243, 1571, 3332, 652, 2068, 1808, 5156, 1114, 4716, 2121, 5117, 4747, 4593, 451, 3953, 2782, 2461, 5091, 4920, 4668, 3397, 5247, 1260, 297, 2704, 3504, 3203, 2900, 384, 157, 4868, 3488, 5245, 3173, 1647, 3273, 1192, 3908, 38, 3992, 749, 5294, 3848, 860, 2479, 2459, 867, 3218, 4838, 4482, 20, 1521, 1641, 122, 3118, 2063, 2400, 3519, 1063, 2035, 3442, 2890, 1763, 2119, 5400, 1961, 4854, 2292, 2772, 527, 4917, 4955, 2172, 1186, 4006, 1388, 4382, 4717, 2798, 831, 1206, 189, 5149, 4021, 507, 3599, 3197, 5148, 539, 2171, 2575, 1615, 4032, 2592, 5425, 350, 201, 2074, 3364, 3764, 2122, 3738, 1086, 4460, 400, 63, 1662, 286, 291, 693, 3484, 2629, 4674, 2334, 1913, 4762, 2824, 4767, 4750, 4965, 1785, 2069, 583, 1797, 5051, 4848, 2634, 1507, 4085, 5159, 3279, 3927, 4, 550, 5447, 207, 2799, 551, 5144, 2563, 146, 4989, 4400, 2113, 434, 27, 4129, 3768, 3668, 3459, 3091, 1215, 4091, 1681, 2872, 4014, 4194, 779, 4029, 3756, 4760, 2476, 1749, 4658, 4871, 4348, 2757, 646, 1897, 2195, 316, 716, 4208, 5383, 825, 5370, 3078, 3778, 1702, 3984, 3847, 1150, 4300, 649, 4808, 3775, 4935, 3159, 687, 1223, 946, 4538, 4535, 3077, 5359, 780, 477, 2524, 371, 5142, 3611, 62, 1069, 4193, 883, 4130, 4328, 622, 4974, 1436, 4519, 1762, 4238, 3012, 3554, 4026, 3342, 4182, 5410, 1407, 2736, 913, 4045, 182, 1382, 3625, 1351, 3839, 3583, 2938, 46, 829, 5326, 2230, 612, 5021, 3121, 1127, 3006, 1852, 329, 118, 3794, 4081, 72, 1330, 519, 1195, 2017, 1920, 314, 1129, 3544, 1000, 282, 4041, 2857, 324, 2210, 5283, 2272, 4438, 10, 5341, 4447, 5120, 4167, 1047, 742, 4222, 2916, 3377, 2533, 2707, 2819, 42, 3054, 703, 1519, 1891, 1740, 2997, 347, 5190, 3489, 4284, 833, 4467, 2603, 4198, 4987, 4303, 2483, 435, 4121, 2536, 3048, 2561, 4425, 3177, 2774, 5313, 5078, 1804, 2780, 317, 1372, 1842, 2517, 35, 4283, 3692, 794, 4047, 4496, 4319, 1623, 896, 4416, 3383, 2217, 2330, 2026, 2565, 890, 1423, 3773, 2941, 4926, 2977, 256, 2755, 3724, 1697, 3141, 3189, 2520, 402, 1159, 1593, 508, 1536, 2376, 2842, 691, 3596, 2321, 1576, 5411, 2201, 2532, 4138, 4631, 3815, 4657, 2905, 3472, 4518, 4823, 4810, 2892, 4073, 2806, 3715, 31, 2372, 1782, 2133, 1893, 3932, 4602, 3997, 1607, 1238, 4296, 1350, 4498, 4735, 1489, 4877, 845, 1630, 3469, 4143, 4002, 106, 2773, 2881, 287, 2062, 1757, 4230, 1627, 830, 563, 1196, 2460, 5333, 2472, 1067, 1377, 4844, 3515, 4552, 958, 4347, 1170, 1543, 3120, 2239, 28, 4909, 3026, 515, 3293, 1948, 4948, 76, 970, 840, 4011, 2675, 4050, 37, 108, 4651, 3319, 3660, 5160, 4768, 1911, 5345, 23, 4419, 1815, 447, 581, 4426, 893, 2756, 1864, 4418, 4444, 1411, 3446, 3278, 1618, 4786, 3998, 2055, 2795, 4841, 1599, 1044, 2418, 2206, 1394, 3409, 4428, 5301, 5139, 4504, 3974, 4123, 2414, 3527, 4244, 4985, 3310, 3975, 1318, 952, 4822, 3414, 2223, 1506, 627, 3094, 1236, 4642, 2481, 1629, 4509, 4265, 3829, 4149, 3249, 426, 3817, 2571, 3894, 4662, 744, 4561, 1926, 3576, 2655, 1714, 2072, 1559, 3358, 4741, 2526, 2896, 5132, 613, 4331, 1969, 1727, 1293, 871, 5264, 4669, 1505, 1095]",443,750,1,False,750
35,numeric,numeric,5,True,True,True,"{2: 151, 1: 172, 5: 122, 3: 154, 4: 141, 0: 10}","[4097, 1548, 5419, 4731, 3902, 3380, 4432, 3710, 3542, 3991, 4880, 2494, 2930, 1237, 5356, 235, 4127, 3911, 217, 3274, 932, 1468, 2624, 2837, 3687, 1483, 2116, 3691, 4885, 1822, 1115, 1952, 4887, 876, 2002, 4576, 3443, 5286, 2441, 4713, 121, 2388, 292, 5439, 83, 4206, 4866, 1120, 5436, 1558, 1312, 2596, 3921, 1887, 388, 2130, 1360, 1525, 4673, 4770, 3790, 1675, 2897, 556, 4577, 4946, 2628, 1915, 2862, 5186, 4722, 3211, 2127, 2225, 352, 1392, 1877, 2901, 1025, 4799, 1285, 2739, 5107, 4436, 415, 2864, 15, 2351, 4600, 2046, 3401, 650, 3938, 1545, 226, 4522, 992, 5069, 534, 18, 335, 3566, 3064, 2698, 989, 123, 1932, 4178, 3670, 4847, 1514, 2273, 1786, 574, 2856, 3256, 618, 4694, 5405, 4404, 2676, 3762, 5255, 3755, 2485, 5321, 536, 233, 3760, 1837, 4431, 3948, 5252, 3797, 1538, 13, 1387, 1886, 1994, 2954, 4108, 3432, 3881, 4477, 2919, 4613, 5175, 714, 1719, 4590, 3976, 3180, 2250, 2329, 3919, 5171, 3330, 2506, 3126, 3434, 223, 1272, 1304, 2738, 3311, 1290, 3073, 3199, 5388, 1989, 2828, 1431, 2509, 1643, 3373, 2821, 1188, 2859, 1955, 510, 1486, 595, 2764, 2793, 2298, 708, 1768, 5056, 5179, 4869, 2794, 2360, 4895, 1094, 5372, 2311, 2488, 1066, 2618, 429, 571, 2244, 2290, 1380, 2387, 68, 2439, 1878, 3749, 4145, 3746, 4125, 1315, 2150, 4656, 348, 770, 3019, 2275, 587, 315, 4120, 36, 2855, 3651, 2566, 4293, 640, 1490, 4054, 4959, 1835, 2354, 3522, 4901, 1243, 1571, 3332, 652, 2068, 1808, 5156, 1114, 4716, 2121, 5117, 4747, 4593, 451, 3953, 2782, 2461, 5091, 4920, 4668, 3397, 5247, 1260, 297, 2704, 3504, 3203, 2900, 384, 157, 4868, 3488, 5245, 3173, 1647, 3273, 1192, 3908, 38, 3992, 749, 5294, 3848, 860, 2479, 2459, 867, 3218, 4838, 4482, 20, 1521, 1641, 122, 3118, 2063, 2400, 3519, 1063, 2035, 3442, 2890, 1763, 2119, 5400, 1961, 4854, 2292, 2772, 527, 4917, 4955, 2172, 1186, 4006, 1388, 4382, 4717, 2798, 831, 1206, 189, 5149, 4021, 507, 3599, 3197, 5148, 539, 2171, 2575, 1615, 4032, 2592, 5425, 350, 201, 2074, 3364, 3764, 2122, 3738, 1086, 4460, 400, 63, 1662, 286, 291, 693, 3484, 2629, 4674, 2334, 1913, 4762, 2824, 4767, 4750, 4965, 1785, 2069, 583, 1797, 5051, 4848, 2634, 1507, 4085, 5159, 3279, 3927, 4, 550, 5447, 207, 2799, 551, 5144, 2563, 146, 4989, 4400, 2113, 434, 27, 4129, 3768, 3668, 3459, 3091, 1215, 4091, 1681, 2872, 4014, 4194, 779, 4029, 3756, 4760, 2476, 1749, 4658, 4871, 4348, 2757, 646, 1897, 2195, 316, 716, 4208, 5383, 825, 5370, 3078, 3778, 1702, 3984, 3847, 1150, 4300, 649, 4808, 3775, 4935, 3159, 687, 1223, 946, 4538, 4535, 3077, 5359, 780, 477, 2524, 371, 5142, 3611, 62, 1069, 4193, 883, 4130, 4328, 622, 4974, 1436, 4519, 1762, 4238, 3012, 3554, 4026, 3342, 4182, 5410, 1407, 2736, 913, 4045, 182, 1382, 3625, 1351, 3839, 3583, 2938, 46, 829, 5326, 2230, 612, 5021, 3121, 1127, 3006, 1852, 329, 118, 3794, 4081, 72, 1330, 519, 1195, 2017, 1920, 314, 1129, 3544, 1000, 282, 4041, 2857, 324, 2210, 5283, 2272, 4438, 10, 5341, 4447, 5120, 4167, 1047, 742, 4222, 2916, 3377, 2533, 2707, 2819, 42, 3054, 703, 1519, 1891, 1740, 2997, 347, 5190, 3489, 4284, 833, 4467, 2603, 4198, 4987, 4303, 2483, 435, 4121, 2536, 3048, 2561, 4425, 3177, 2774, 5313, 5078, 1804, 2780, 317, 1372, 1842, 2517, 35, 4283, 3692, 794, 4047, 4496, 4319, 1623, 896, 4416, 3383, 2217, 2330, 2026, 2565, 890, 1423, 3773, 2941, 4926, 2977, 256, 2755, 3724, 1697, 3141, 3189, 2520, 402, 1159, 1593, 508, 1536, 2376, 2842, 691, 3596, 2321, 1576, 5411, 2201, 2532, 4138, 4631, 3815, 4657, 2905, 3472, 4518, 4823, 4810, 2892, 4073, 2806, 3715, 31, 2372, 1782, 2133, 1893, 3932, 4602, 3997, 1607, 1238, 4296, 1350, 4498, 4735, 1489, 4877, 845, 1630, 3469, 4143, 4002, 106, 2773, 2881, 287, 2062, 1757, 4230, 1627, 830, 563, 1196, 2460, 5333, 2472, 1067, 1377, 4844, 3515, 4552, 958, 4347, 1170, 1543, 3120, 2239, 28, 4909, 3026, 515, 3293, 1948, 4948, 76, 970, 840, 4011, 2675, 4050, 37, 108, 4651, 3319, 3660, 5160, 4768, 1911, 5345, 23, 4419, 1815, 447, 581, 4426, 893, 2756, 1864, 4418, 4444, 1411, 3446, 3278, 1618, 4786, 3998, 2055, 2795, 4841, 1599, 1044, 2418, 2206, 1394, 3409, 4428, 5301, 5139, 4504, 3974, 4123, 2414, 3527, 4244, 4985, 3310, 3975, 1318, 952, 4822, 3414, 2223, 1506, 627, 3094, 1236, 4642, 2481, 1629, 4509, 4265, 3829, 4149, 3249, 426, 3817, 2571, 3894, 4662, 744, 4561, 1926, 3576, 2655, 1714, 2072, 1559, 3358, 4741, 2526, 2896, 5132, 613, 4331, 1969, 1727, 1293, 871, 5264, 4669, 1505, 1095]",35,750,1,False,750
113,human,human,3,True,True,True,"{2: 151, 1: 172, 5: 122, 3: 154, 4: 141, 0: 10}","[4097, 1548, 5419, 4731, 3902, 3380, 4432, 3710, 3542, 3991, 4880, 2494, 2930, 1237, 5356, 235, 4127, 3911, 217, 3274, 932, 1468, 2624, 2837, 3687, 1483, 2116, 3691, 4885, 1822, 1115, 1952, 4887, 876, 2002, 4576, 3443, 5286, 2441, 4713, 121, 2388, 292, 5439, 83, 4206, 4866, 1120, 5436, 1558, 1312, 2596, 3921, 1887, 388, 2130, 1360, 1525, 4673, 4770, 3790, 1675, 2897, 556, 4577, 4946, 2628, 1915, 2862, 5186, 4722, 3211, 2127, 2225, 352, 1392, 1877, 2901, 1025, 4799, 1285, 2739, 5107, 4436, 415, 2864, 15, 2351, 4600, 2046, 3401, 650, 3938, 1545, 226, 4522, 992, 5069, 534, 18, 335, 3566, 3064, 2698, 989, 123, 1932, 4178, 3670, 4847, 1514, 2273, 1786, 574, 2856, 3256, 618, 4694, 5405, 4404, 2676, 3762, 5255, 3755, 2485, 5321, 536, 233, 3760, 1837, 4431, 3948, 5252, 3797, 1538, 13, 1387, 1886, 1994, 2954, 4108, 3432, 3881, 4477, 2919, 4613, 5175, 714, 1719, 4590, 3976, 3180, 2250, 2329, 3919, 5171, 3330, 2506, 3126, 3434, 223, 1272, 1304, 2738, 3311, 1290, 3073, 3199, 5388, 1989, 2828, 1431, 2509, 1643, 3373, 2821, 1188, 2859, 1955, 510, 1486, 595, 2764, 2793, 2298, 708, 1768, 5056, 5179, 4869, 2794, 2360, 4895, 1094, 5372, 2311, 2488, 1066, 2618, 429, 571, 2244, 2290, 1380, 2387, 68, 2439, 1878, 3749, 4145, 3746, 4125, 1315, 2150, 4656, 348, 770, 3019, 2275, 587, 315, 4120, 36, 2855, 3651, 2566, 4293, 640, 1490, 4054, 4959, 1835, 2354, 3522, 4901, 1243, 1571, 3332, 652, 2068, 1808, 5156, 1114, 4716, 2121, 5117, 4747, 4593, 451, 3953, 2782, 2461, 5091, 4920, 4668, 3397, 5247, 1260, 297, 2704, 3504, 3203, 2900, 384, 157, 4868, 3488, 5245, 3173, 1647, 3273, 1192, 3908, 38, 3992, 749, 5294, 3848, 860, 2479, 2459, 867, 3218, 4838, 4482, 20, 1521, 1641, 122, 3118, 2063, 2400, 3519, 1063, 2035, 3442, 2890, 1763, 2119, 5400, 1961, 4854, 2292, 2772, 527, 4917, 4955, 2172, 1186, 4006, 1388, 4382, 4717, 2798, 831, 1206, 189, 5149, 4021, 507, 3599, 3197, 5148, 539, 2171, 2575, 1615, 4032, 2592, 5425, 350, 201, 2074, 3364, 3764, 2122, 3738, 1086, 4460, 400, 63, 1662, 286, 291, 693, 3484, 2629, 4674, 2334, 1913, 4762, 2824, 4767, 4750, 4965, 1785, 2069, 583, 1797, 5051, 4848, 2634, 1507, 4085, 5159, 3279, 3927, 4, 550, 5447, 207, 2799, 551, 5144, 2563, 146, 4989, 4400, 2113, 434, 27, 4129, 3768, 3668, 3459, 3091, 1215, 4091, 1681, 2872, 4014, 4194, 779, 4029, 3756, 4760, 2476, 1749, 4658, 4871, 4348, 2757, 646, 1897, 2195, 316, 716, 4208, 5383, 825, 5370, 3078, 3778, 1702, 3984, 3847, 1150, 4300, 649, 4808, 3775, 4935, 3159, 687, 1223, 946, 4538, 4535, 3077, 5359, 780, 477, 2524, 371, 5142, 3611, 62, 1069, 4193, 883, 4130, 4328, 622, 4974, 1436, 4519, 1762, 4238, 3012, 3554, 4026, 3342, 4182, 5410, 1407, 2736, 913, 4045, 182, 1382, 3625, 1351, 3839, 3583, 2938, 46, 829, 5326, 2230, 612, 5021, 3121, 1127, 3006, 1852, 329, 118, 3794, 4081, 72, 1330, 519, 1195, 2017, 1920, 314, 1129, 3544, 1000, 282, 4041, 2857, 324, 2210, 5283, 2272, 4438, 10, 5341, 4447, 5120, 4167, 1047, 742, 4222, 2916, 3377, 2533, 2707, 2819, 42, 3054, 703, 1519, 1891, 1740, 2997, 347, 5190, 3489, 4284, 833, 4467, 2603, 4198, 4987, 4303, 2483, 435, 4121, 2536, 3048, 2561, 4425, 3177, 2774, 5313, 5078, 1804, 2780, 317, 1372, 1842, 2517, 35, 4283, 3692, 794, 4047, 4496, 4319, 1623, 896, 4416, 3383, 2217, 2330, 2026, 2565, 890, 1423, 3773, 2941, 4926, 2977, 256, 2755, 3724, 1697, 3141, 3189, 2520, 402, 1159, 1593, 508, 1536, 2376, 2842, 691, 3596, 2321, 1576, 5411, 2201, 2532, 4138, 4631, 3815, 4657, 2905, 3472, 4518, 4823, 4810, 2892, 4073, 2806, 3715, 31, 2372, 1782, 2133, 1893, 3932, 4602, 3997, 1607, 1238, 4296, 1350, 4498, 4735, 1489, 4877, 845, 1630, 3469, 4143, 4002, 106, 2773, 2881, 287, 2062, 1757, 4230, 1627, 830, 563, 1196, 2460, 5333, 2472, 1067, 1377, 4844, 3515, 4552, 958, 4347, 1170, 1543, 3120, 2239, 28, 4909, 3026, 515, 3293, 1948, 4948, 76, 970, 840, 4011, 2675, 4050, 37, 108, 4651, 3319, 3660, 5160, 4768, 1911, 5345, 23, 4419, 1815, 447, 581, 4426, 893, 2756, 1864, 4418, 4444, 1411, 3446, 3278, 1618, 4786, 3998, 2055, 2795, 4841, 1599, 1044, 2418, 2206, 1394, 3409, 4428, 5301, 5139, 4504, 3974, 4123, 2414, 3527, 4244, 4985, 3310, 3975, 1318, 952, 4822, 3414, 2223, 1506, 627, 3094, 1236, 4642, 2481, 1629, 4509, 4265, 3829, 4149, 3249, 426, 3817, 2571, 3894, 4662, 744, 4561, 1926, 3576, 2655, 1714, 2072, 1559, 3358, 4741, 2526, 2896, 5132, 613, 4331, 1969, 1727, 1293, 871, 5264, 4669, 1505, 1095]",113,750,1,False,750
348,numeric,numeric,5,True,True,True,"{2: 151, 1: 172, 5: 122, 3: 154, 4: 141, 0: 10}","[4097, 1548, 5419, 4731, 3902, 3380, 4432, 3710, 3542, 3991, 4880, 2494, 2930, 1237, 5356, 235, 4127, 3911, 217, 3274, 932, 1468, 2624, 2837, 3687, 1483, 2116, 3691, 4885, 1822, 1115, 1952, 4887, 876, 2002, 4576, 3443, 5286, 2441, 4713, 121, 2388, 292, 5439, 83, 4206, 4866, 1120, 5436, 1558, 1312, 2596, 3921, 1887, 388, 2130, 1360, 1525, 4673, 4770, 3790, 1675, 2897, 556, 4577, 4946, 2628, 1915, 2862, 5186, 4722, 3211, 2127, 2225, 352, 1392, 1877, 2901, 1025, 4799, 1285, 2739, 5107, 4436, 415, 2864, 15, 2351, 4600, 2046, 3401, 650, 3938, 1545, 226, 4522, 992, 5069, 534, 18, 335, 3566, 3064, 2698, 989, 123, 1932, 4178, 3670, 4847, 1514, 2273, 1786, 574, 2856, 3256, 618, 4694, 5405, 4404, 2676, 3762, 5255, 3755, 2485, 5321, 536, 233, 3760, 1837, 4431, 3948, 5252, 3797, 1538, 13, 1387, 1886, 1994, 2954, 4108, 3432, 3881, 4477, 2919, 4613, 5175, 714, 1719, 4590, 3976, 3180, 2250, 2329, 3919, 5171, 3330, 2506, 3126, 3434, 223, 1272, 1304, 2738, 3311, 1290, 3073, 3199, 5388, 1989, 2828, 1431, 2509, 1643, 3373, 2821, 1188, 2859, 1955, 510, 1486, 595, 2764, 2793, 2298, 708, 1768, 5056, 5179, 4869, 2794, 2360, 4895, 1094, 5372, 2311, 2488, 1066, 2618, 429, 571, 2244, 2290, 1380, 2387, 68, 2439, 1878, 3749, 4145, 3746, 4125, 1315, 2150, 4656, 348, 770, 3019, 2275, 587, 315, 4120, 36, 2855, 3651, 2566, 4293, 640, 1490, 4054, 4959, 1835, 2354, 3522, 4901, 1243, 1571, 3332, 652, 2068, 1808, 5156, 1114, 4716, 2121, 5117, 4747, 4593, 451, 3953, 2782, 2461, 5091, 4920, 4668, 3397, 5247, 1260, 297, 2704, 3504, 3203, 2900, 384, 157, 4868, 3488, 5245, 3173, 1647, 3273, 1192, 3908, 38, 3992, 749, 5294, 3848, 860, 2479, 2459, 867, 3218, 4838, 4482, 20, 1521, 1641, 122, 3118, 2063, 2400, 3519, 1063, 2035, 3442, 2890, 1763, 2119, 5400, 1961, 4854, 2292, 2772, 527, 4917, 4955, 2172, 1186, 4006, 1388, 4382, 4717, 2798, 831, 1206, 189, 5149, 4021, 507, 3599, 3197, 5148, 539, 2171, 2575, 1615, 4032, 2592, 5425, 350, 201, 2074, 3364, 3764, 2122, 3738, 1086, 4460, 400, 63, 1662, 286, 291, 693, 3484, 2629, 4674, 2334, 1913, 4762, 2824, 4767, 4750, 4965, 1785, 2069, 583, 1797, 5051, 4848, 2634, 1507, 4085, 5159, 3279, 3927, 4, 550, 5447, 207, 2799, 551, 5144, 2563, 146, 4989, 4400, 2113, 434, 27, 4129, 3768, 3668, 3459, 3091, 1215, 4091, 1681, 2872, 4014, 4194, 779, 4029, 3756, 4760, 2476, 1749, 4658, 4871, 4348, 2757, 646, 1897, 2195, 316, 716, 4208, 5383, 825, 5370, 3078, 3778, 1702, 3984, 3847, 1150, 4300, 649, 4808, 3775, 4935, 3159, 687, 1223, 946, 4538, 4535, 3077, 5359, 780, 477, 2524, 371, 5142, 3611, 62, 1069, 4193, 883, 4130, 4328, 622, 4974, 1436, 4519, 1762, 4238, 3012, 3554, 4026, 3342, 4182, 5410, 1407, 2736, 913, 4045, 182, 1382, 3625, 1351, 3839, 3583, 2938, 46, 829, 5326, 2230, 612, 5021, 3121, 1127, 3006, 1852, 329, 118, 3794, 4081, 72, 1330, 519, 1195, 2017, 1920, 314, 1129, 3544, 1000, 282, 4041, 2857, 324, 2210, 5283, 2272, 4438, 10, 5341, 4447, 5120, 4167, 1047, 742, 4222, 2916, 3377, 2533, 2707, 2819, 42, 3054, 703, 1519, 1891, 1740, 2997, 347, 5190, 3489, 4284, 833, 4467, 2603, 4198, 4987, 4303, 2483, 435, 4121, 2536, 3048, 2561, 4425, 3177, 2774, 5313, 5078, 1804, 2780, 317, 1372, 1842, 2517, 35, 4283, 3692, 794, 4047, 4496, 4319, 1623, 896, 4416, 3383, 2217, 2330, 2026, 2565, 890, 1423, 3773, 2941, 4926, 2977, 256, 2755, 3724, 1697, 3141, 3189, 2520, 402, 1159, 1593, 508, 1536, 2376, 2842, 691, 3596, 2321, 1576, 5411, 2201, 2532, 4138, 4631, 3815, 4657, 2905, 3472, 4518, 4823, 4810, 2892, 4073, 2806, 3715, 31, 2372, 1782, 2133, 1893, 3932, 4602, 3997, 1607, 1238, 4296, 1350, 4498, 4735, 1489, 4877, 845, 1630, 3469, 4143, 4002, 106, 2773, 2881, 287, 2062, 1757, 4230, 1627, 830, 563, 1196, 2460, 5333, 2472, 1067, 1377, 4844, 3515, 4552, 958, 4347, 1170, 1543, 3120, 2239, 28, 4909, 3026, 515, 3293, 1948, 4948, 76, 970, 840, 4011, 2675, 4050, 37, 108, 4651, 3319, 3660, 5160, 4768, 1911, 5345, 23, 4419, 1815, 447, 581, 4426, 893, 2756, 1864, 4418, 4444, 1411, 3446, 3278, 1618, 4786, 3998, 2055, 2795, 4841, 1599, 1044, 2418, 2206, 1394, 3409, 4428, 5301, 5139, 4504, 3974, 4123, 2414, 3527, 4244, 4985, 3310, 3975, 1318, 952, 4822, 3414, 2223, 1506, 627, 3094, 1236, 4642, 2481, 1629, 4509, 4265, 3829, 4149, 3249, 426, 3817, 2571, 3894, 4662, 744, 4561, 1926, 3576, 2655, 1714, 2072, 1559, 3358, 4741, 2526, 2896, 5132, 613, 4331, 1969, 1727, 1293, 871, 5264, 4669, 1505, 1095]",348,750,1,False,750
476,description,description,2,True,True,True,"{2: 151, 1: 172, 5: 122, 3: 154, 4: 141, 0: 10}","[4097, 1548, 5419, 4731, 3902, 3380, 4432, 3710, 3542, 3991, 4880, 2494, 2930, 1237, 5356, 235, 4127, 3911, 217, 3274, 932, 1468, 2624, 2837, 3687, 1483, 2116, 3691, 4885, 1822, 1115, 1952, 4887, 876, 2002, 4576, 3443, 5286, 2441, 4713, 121, 2388, 292, 5439, 83, 4206, 4866, 1120, 5436, 1558, 1312, 2596, 3921, 1887, 388, 2130, 1360, 1525, 4673, 4770, 3790, 1675, 2897, 556, 4577, 4946, 2628, 1915, 2862, 5186, 4722, 3211, 2127, 2225, 352, 1392, 1877, 2901, 1025, 4799, 1285, 2739, 5107, 4436, 415, 2864, 15, 2351, 4600, 2046, 3401, 650, 3938, 1545, 226, 4522, 992, 5069, 534, 18, 335, 3566, 3064, 2698, 989, 123, 1932, 4178, 3670, 4847, 1514, 2273, 1786, 574, 2856, 3256, 618, 4694, 5405, 4404, 2676, 3762, 5255, 3755, 2485, 5321, 536, 233, 3760, 1837, 4431, 3948, 5252, 3797, 1538, 13, 1387, 1886, 1994, 2954, 4108, 3432, 3881, 4477, 2919, 4613, 5175, 714, 1719, 4590, 3976, 3180, 2250, 2329, 3919, 5171, 3330, 2506, 3126, 3434, 223, 1272, 1304, 2738, 3311, 1290, 3073, 3199, 5388, 1989, 2828, 1431, 2509, 1643, 3373, 2821, 1188, 2859, 1955, 510, 1486, 595, 2764, 2793, 2298, 708, 1768, 5056, 5179, 4869, 2794, 2360, 4895, 1094, 5372, 2311, 2488, 1066, 2618, 429, 571, 2244, 2290, 1380, 2387, 68, 2439, 1878, 3749, 4145, 3746, 4125, 1315, 2150, 4656, 348, 770, 3019, 2275, 587, 315, 4120, 36, 2855, 3651, 2566, 4293, 640, 1490, 4054, 4959, 1835, 2354, 3522, 4901, 1243, 1571, 3332, 652, 2068, 1808, 5156, 1114, 4716, 2121, 5117, 4747, 4593, 451, 3953, 2782, 2461, 5091, 4920, 4668, 3397, 5247, 1260, 297, 2704, 3504, 3203, 2900, 384, 157, 4868, 3488, 5245, 3173, 1647, 3273, 1192, 3908, 38, 3992, 749, 5294, 3848, 860, 2479, 2459, 867, 3218, 4838, 4482, 20, 1521, 1641, 122, 3118, 2063, 2400, 3519, 1063, 2035, 3442, 2890, 1763, 2119, 5400, 1961, 4854, 2292, 2772, 527, 4917, 4955, 2172, 1186, 4006, 1388, 4382, 4717, 2798, 831, 1206, 189, 5149, 4021, 507, 3599, 3197, 5148, 539, 2171, 2575, 1615, 4032, 2592, 5425, 350, 201, 2074, 3364, 3764, 2122, 3738, 1086, 4460, 400, 63, 1662, 286, 291, 693, 3484, 2629, 4674, 2334, 1913, 4762, 2824, 4767, 4750, 4965, 1785, 2069, 583, 1797, 5051, 4848, 2634, 1507, 4085, 5159, 3279, 3927, 4, 550, 5447, 207, 2799, 551, 5144, 2563, 146, 4989, 4400, 2113, 434, 27, 4129, 3768, 3668, 3459, 3091, 1215, 4091, 1681, 2872, 4014, 4194, 779, 4029, 3756, 4760, 2476, 1749, 4658, 4871, 4348, 2757, 646, 1897, 2195, 316, 716, 4208, 5383, 825, 5370, 3078, 3778, 1702, 3984, 3847, 1150, 4300, 649, 4808, 3775, 4935, 3159, 687, 1223, 946, 4538, 4535, 3077, 5359, 780, 477, 2524, 371, 5142, 3611, 62, 1069, 4193, 883, 4130, 4328, 622, 4974, 1436, 4519, 1762, 4238, 3012, 3554, 4026, 3342, 4182, 5410, 1407, 2736, 913, 4045, 182, 1382, 3625, 1351, 3839, 3583, 2938, 46, 829, 5326, 2230, 612, 5021, 3121, 1127, 3006, 1852, 329, 118, 3794, 4081, 72, 1330, 519, 1195, 2017, 1920, 314, 1129, 3544, 1000, 282, 4041, 2857, 324, 2210, 5283, 2272, 4438, 10, 5341, 4447, 5120, 4167, 1047, 742, 4222, 2916, 3377, 2533, 2707, 2819, 42, 3054, 703, 1519, 1891, 1740, 2997, 347, 5190, 3489, 4284, 833, 4467, 2603, 4198, 4987, 4303, 2483, 435, 4121, 2536, 3048, 2561, 4425, 3177, 2774, 5313, 5078, 1804, 2780, 317, 1372, 1842, 2517, 35, 4283, 3692, 794, 4047, 4496, 4319, 1623, 896, 4416, 3383, 2217, 2330, 2026, 2565, 890, 1423, 3773, 2941, 4926, 2977, 256, 2755, 3724, 1697, 3141, 3189, 2520, 402, 1159, 1593, 508, 1536, 2376, 2842, 691, 3596, 2321, 1576, 5411, 2201, 2532, 4138, 4631, 3815, 4657, 2905, 3472, 4518, 4823, 4810, 2892, 4073, 2806, 3715, 31, 2372, 1782, 2133, 1893, 3932, 4602, 3997, 1607, 1238, 4296, 1350, 4498, 4735, 1489, 4877, 845, 1630, 3469, 4143, 4002, 106, 2773, 2881, 287, 2062, 1757, 4230, 1627, 830, 563, 1196, 2460, 5333, 2472, 1067, 1377, 4844, 3515, 4552, 958, 4347, 1170, 1543, 3120, 2239, 28, 4909, 3026, 515, 3293, 1948, 4948, 76, 970, 840, 4011, 2675, 4050, 37, 108, 4651, 3319, 3660, 5160, 4768, 1911, 5345, 23, 4419, 1815, 447, 581, 4426, 893, 2756, 1864, 4418, 4444, 1411, 3446, 3278, 1618, 4786, 3998, 2055, 2795, 4841, 1599, 1044, 2418, 2206, 1394, 3409, 4428, 5301, 5139, 4504, 3974, 4123, 2414, 3527, 4244, 4985, 3310, 3975, 1318, 952, 4822, 3414, 2223, 1506, 627, 3094, 1236, 4642, 2481, 1629, 4509, 4265, 3829, 4149, 3249, 426, 3817, 2571, 3894, 4662, 744, 4561, 1926, 3576, 2655, 1714, 2072, 1559, 3358, 4741, 2526, 2896, 5132, 613, 4331, 1969, 1727, 1293, 871, 5264, 4669, 1505, 1095]",476,750,1,False,750
64,numeric,location,4,True,False,True,"{2: 151, 1: 172, 5: 122, 3: 154, 4: 141, 0: 10}","[4097, 1548, 5419, 4731, 3902, 3380, 4432, 3710, 3542, 3991, 4880, 2494, 2930, 1237, 5356, 235, 4127, 3911, 217, 3274, 932, 1468, 2624, 2837, 3687, 1483, 2116, 3691, 4885, 1822, 1115, 1952, 4887, 876, 2002, 4576, 3443, 5286, 2441, 4713, 121, 2388, 292, 5439, 83, 4206, 4866, 1120, 5436, 1558, 1312, 2596, 3921, 1887, 388, 2130, 1360, 1525, 4673, 4770, 3790, 1675, 2897, 556, 4577, 4946, 2628, 1915, 2862, 5186, 4722, 3211, 2127, 2225, 352, 1392, 1877, 2901, 1025, 4799, 1285, 2739, 5107, 4436, 415, 2864, 15, 2351, 4600, 2046, 3401, 650, 3938, 1545, 226, 4522, 992, 5069, 534, 18, 335, 3566, 3064, 2698, 989, 123, 1932, 4178, 3670, 4847, 1514, 2273, 1786, 574, 2856, 3256, 618, 4694, 5405, 4404, 2676, 3762, 5255, 3755, 2485, 5321, 536, 233, 3760, 1837, 4431, 3948, 5252, 3797, 1538, 13, 1387, 1886, 1994, 2954, 4108, 3432, 3881, 4477, 2919, 4613, 5175, 714, 1719, 4590, 3976, 3180, 2250, 2329, 3919, 5171, 3330, 2506, 3126, 3434, 223, 1272, 1304, 2738, 3311, 1290, 3073, 3199, 5388, 1989, 2828, 1431, 2509, 1643, 3373, 2821, 1188, 2859, 1955, 510, 1486, 595, 2764, 2793, 2298, 708, 1768, 5056, 5179, 4869, 2794, 2360, 4895, 1094, 5372, 2311, 2488, 1066, 2618, 429, 571, 2244, 2290, 1380, 2387, 68, 2439, 1878, 3749, 4145, 3746, 4125, 1315, 2150, 4656, 348, 770, 3019, 2275, 587, 315, 4120, 36, 2855, 3651, 2566, 4293, 640, 1490, 4054, 4959, 1835, 2354, 3522, 4901, 1243, 1571, 3332, 652, 2068, 1808, 5156, 1114, 4716, 2121, 5117, 4747, 4593, 451, 3953, 2782, 2461, 5091, 4920, 4668, 3397, 5247, 1260, 297, 2704, 3504, 3203, 2900, 384, 157, 4868, 3488, 5245, 3173, 1647, 3273, 1192, 3908, 38, 3992, 749, 5294, 3848, 860, 2479, 2459, 867, 3218, 4838, 4482, 20, 1521, 1641, 122, 3118, 2063, 2400, 3519, 1063, 2035, 3442, 2890, 1763, 2119, 5400, 1961, 4854, 2292, 2772, 527, 4917, 4955, 2172, 1186, 4006, 1388, 4382, 4717, 2798, 831, 1206, 189, 5149, 4021, 507, 3599, 3197, 5148, 539, 2171, 2575, 1615, 4032, 2592, 5425, 350, 201, 2074, 3364, 3764, 2122, 3738, 1086, 4460, 400, 63, 1662, 286, 291, 693, 3484, 2629, 4674, 2334, 1913, 4762, 2824, 4767, 4750, 4965, 1785, 2069, 583, 1797, 5051, 4848, 2634, 1507, 4085, 5159, 3279, 3927, 4, 550, 5447, 207, 2799, 551, 5144, 2563, 146, 4989, 4400, 2113, 434, 27, 4129, 3768, 3668, 3459, 3091, 1215, 4091, 1681, 2872, 4014, 4194, 779, 4029, 3756, 4760, 2476, 1749, 4658, 4871, 4348, 2757, 646, 1897, 2195, 316, 716, 4208, 5383, 825, 5370, 3078, 3778, 1702, 3984, 3847, 1150, 4300, 649, 4808, 3775, 4935, 3159, 687, 1223, 946, 4538, 4535, 3077, 5359, 780, 477, 2524, 371, 5142, 3611, 62, 1069, 4193, 883, 4130, 4328, 622, 4974, 1436, 4519, 1762, 4238, 3012, 3554, 4026, 3342, 4182, 5410, 1407, 2736, 913, 4045, 182, 1382, 3625, 1351, 3839, 3583, 2938, 46, 829, 5326, 2230, 612, 5021, 3121, 1127, 3006, 1852, 329, 118, 3794, 4081, 72, 1330, 519, 1195, 2017, 1920, 314, 1129, 3544, 1000, 282, 4041, 2857, 324, 2210, 5283, 2272, 4438, 10, 5341, 4447, 5120, 4167, 1047, 742, 4222, 2916, 3377, 2533, 2707, 2819, 42, 3054, 703, 1519, 1891, 1740, 2997, 347, 5190, 3489, 4284, 833, 4467, 2603, 4198, 4987, 4303, 2483, 435, 4121, 2536, 3048, 2561, 4425, 3177, 2774, 5313, 5078, 1804, 2780, 317, 1372, 1842, 2517, 35, 4283, 3692, 794, 4047, 4496, 4319, 1623, 896, 4416, 3383, 2217, 2330, 2026, 2565, 890, 1423, 3773, 2941, 4926, 2977, 256, 2755, 3724, 1697, 3141, 3189, 2520, 402, 1159, 1593, 508, 1536, 2376, 2842, 691, 3596, 2321, 1576, 5411, 2201, 2532, 4138, 4631, 3815, 4657, 2905, 3472, 4518, 4823, 4810, 2892, 4073, 2806, 3715, 31, 2372, 1782, 2133, 1893, 3932, 4602, 3997, 1607, 1238, 4296, 1350, 4498, 4735, 1489, 4877, 845, 1630, 3469, 4143, 4002, 106, 2773, 2881, 287, 2062, 1757, 4230, 1627, 830, 563, 1196, 2460, 5333, 2472, 1067, 1377, 4844, 3515, 4552, 958, 4347, 1170, 1543, 3120, 2239, 28, 4909, 3026, 515, 3293, 1948, 4948, 76, 970, 840, 4011, 2675, 4050, 37, 108, 4651, 3319, 3660, 5160, 4768, 1911, 5345, 23, 4419, 1815, 447, 581, 4426, 893, 2756, 1864, 4418, 4444, 1411, 3446, 3278, 1618, 4786, 3998, 2055, 2795, 4841, 1599, 1044, 2418, 2206, 1394, 3409, 4428, 5301, 5139, 4504, 3974, 4123, 2414, 3527, 4244, 4985, 3310, 3975, 1318, 952, 4822, 3414, 2223, 1506, 627, 3094, 1236, 4642, 2481, 1629, 4509, 4265, 3829, 4149, 3249, 426, 3817, 2571, 3894, 4662, 744, 4561, 1926, 3576, 2655, 1714, 2072, 1559, 3358, 4741, 2526, 2896, 5132, 613, 4331, 1969, 1727, 1293, 871, 5264, 4669, 1505, 1095]",64,750,1,False,750
381,human,human,3,True,True,True,"{2: 151, 1: 172, 5: 122, 3: 154, 4: 141, 0: 10}","[4097, 1548, 5419, 4731, 3902, 3380, 4432, 3710, 3542, 3991, 4880, 2494, 2930, 1237, 5356, 235, 4127, 3911, 217, 3274, 932, 1468, 2624, 2837, 3687, 1483, 2116, 3691, 4885, 1822, 1115, 1952, 4887, 876, 2002, 4576, 3443, 5286, 2441, 4713, 121, 2388, 292, 5439, 83, 4206, 4866, 1120, 5436, 1558, 1312, 2596, 3921, 1887, 388, 2130, 1360, 1525, 4673, 4770, 3790, 1675, 2897, 556, 4577, 4946, 2628, 1915, 2862, 5186, 4722, 3211, 2127, 2225, 352, 1392, 1877, 2901, 1025, 4799, 1285, 2739, 5107, 4436, 415, 2864, 15, 2351, 4600, 2046, 3401, 650, 3938, 1545, 226, 4522, 992, 5069, 534, 18, 335, 3566, 3064, 2698, 989, 123, 1932, 4178, 3670, 4847, 1514, 2273, 1786, 574, 2856, 3256, 618, 4694, 5405, 4404, 2676, 3762, 5255, 3755, 2485, 5321, 536, 233, 3760, 1837, 4431, 3948, 5252, 3797, 1538, 13, 1387, 1886, 1994, 2954, 4108, 3432, 3881, 4477, 2919, 4613, 5175, 714, 1719, 4590, 3976, 3180, 2250, 2329, 3919, 5171, 3330, 2506, 3126, 3434, 223, 1272, 1304, 2738, 3311, 1290, 3073, 3199, 5388, 1989, 2828, 1431, 2509, 1643, 3373, 2821, 1188, 2859, 1955, 510, 1486, 595, 2764, 2793, 2298, 708, 1768, 5056, 5179, 4869, 2794, 2360, 4895, 1094, 5372, 2311, 2488, 1066, 2618, 429, 571, 2244, 2290, 1380, 2387, 68, 2439, 1878, 3749, 4145, 3746, 4125, 1315, 2150, 4656, 348, 770, 3019, 2275, 587, 315, 4120, 36, 2855, 3651, 2566, 4293, 640, 1490, 4054, 4959, 1835, 2354, 3522, 4901, 1243, 1571, 3332, 652, 2068, 1808, 5156, 1114, 4716, 2121, 5117, 4747, 4593, 451, 3953, 2782, 2461, 5091, 4920, 4668, 3397, 5247, 1260, 297, 2704, 3504, 3203, 2900, 384, 157, 4868, 3488, 5245, 3173, 1647, 3273, 1192, 3908, 38, 3992, 749, 5294, 3848, 860, 2479, 2459, 867, 3218, 4838, 4482, 20, 1521, 1641, 122, 3118, 2063, 2400, 3519, 1063, 2035, 3442, 2890, 1763, 2119, 5400, 1961, 4854, 2292, 2772, 527, 4917, 4955, 2172, 1186, 4006, 1388, 4382, 4717, 2798, 831, 1206, 189, 5149, 4021, 507, 3599, 3197, 5148, 539, 2171, 2575, 1615, 4032, 2592, 5425, 350, 201, 2074, 3364, 3764, 2122, 3738, 1086, 4460, 400, 63, 1662, 286, 291, 693, 3484, 2629, 4674, 2334, 1913, 4762, 2824, 4767, 4750, 4965, 1785, 2069, 583, 1797, 5051, 4848, 2634, 1507, 4085, 5159, 3279, 3927, 4, 550, 5447, 207, 2799, 551, 5144, 2563, 146, 4989, 4400, 2113, 434, 27, 4129, 3768, 3668, 3459, 3091, 1215, 4091, 1681, 2872, 4014, 4194, 779, 4029, 3756, 4760, 2476, 1749, 4658, 4871, 4348, 2757, 646, 1897, 2195, 316, 716, 4208, 5383, 825, 5370, 3078, 3778, 1702, 3984, 3847, 1150, 4300, 649, 4808, 3775, 4935, 3159, 687, 1223, 946, 4538, 4535, 3077, 5359, 780, 477, 2524, 371, 5142, 3611, 62, 1069, 4193, 883, 4130, 4328, 622, 4974, 1436, 4519, 1762, 4238, 3012, 3554, 4026, 3342, 4182, 5410, 1407, 2736, 913, 4045, 182, 1382, 3625, 1351, 3839, 3583, 2938, 46, 829, 5326, 2230, 612, 5021, 3121, 1127, 3006, 1852, 329, 118, 3794, 4081, 72, 1330, 519, 1195, 2017, 1920, 314, 1129, 3544, 1000, 282, 4041, 2857, 324, 2210, 5283, 2272, 4438, 10, 5341, 4447, 5120, 4167, 1047, 742, 4222, 2916, 3377, 2533, 2707, 2819, 42, 3054, 703, 1519, 1891, 1740, 2997, 347, 5190, 3489, 4284, 833, 4467, 2603, 4198, 4987, 4303, 2483, 435, 4121, 2536, 3048, 2561, 4425, 3177, 2774, 5313, 5078, 1804, 2780, 317, 1372, 1842, 2517, 35, 4283, 3692, 794, 4047, 4496, 4319, 1623, 896, 4416, 3383, 2217, 2330, 2026, 2565, 890, 1423, 3773, 2941, 4926, 2977, 256, 2755, 3724, 1697, 3141, 3189, 2520, 402, 1159, 1593, 508, 1536, 2376, 2842, 691, 3596, 2321, 1576, 5411, 2201, 2532, 4138, 4631, 3815, 4657, 2905, 3472, 4518, 4823, 4810, 2892, 4073, 2806, 3715, 31, 2372, 1782, 2133, 1893, 3932, 4602, 3997, 1607, 1238, 4296, 1350, 4498, 4735, 1489, 4877, 845, 1630, 3469, 4143, 4002, 106, 2773, 2881, 287, 2062, 1757, 4230, 1627, 830, 563, 1196, 2460, 5333, 2472, 1067, 1377, 4844, 3515, 4552, 958, 4347, 1170, 1543, 3120, 2239, 28, 4909, 3026, 515, 3293, 1948, 4948, 76, 970, 840, 4011, 2675, 4050, 37, 108, 4651, 3319, 3660, 5160, 4768, 1911, 5345, 23, 4419, 1815, 447, 581, 4426, 893, 2756, 1864, 4418, 4444, 1411, 3446, 3278, 1618, 4786, 3998, 2055, 2795, 4841, 1599, 1044, 2418, 2206, 1394, 3409, 4428, 5301, 5139, 4504, 3974, 4123, 2414, 3527, 4244, 4985, 3310, 3975, 1318, 952, 4822, 3414, 2223, 1506, 627, 3094, 1236, 4642, 2481, 1629, 4509, 4265, 3829, 4149, 3249, 426, 3817, 2571, 3894, 4662, 744, 4561, 1926, 3576, 2655, 1714, 2072, 1559, 3358, 4741, 2526, 2896, 5132, 613, 4331, 1969, 1727, 1293, 871, 5264, 4669, 1505, 1095]",381,750,1,False,750
59,numeric,numeric,5,True,True,True,"{2: 151, 1: 172, 5: 122, 3: 154, 4: 141, 0: 10}","[4097, 1548, 5419, 4731, 3902, 3380, 4432, 3710, 3542, 3991, 4880, 2494, 2930, 1237, 5356, 235, 4127, 3911, 217, 3274, 932, 1468, 2624, 2837, 3687, 1483, 2116, 3691, 4885, 1822, 1115, 1952, 4887, 876, 2002, 4576, 3443, 5286, 2441, 4713, 121, 2388, 292, 5439, 83, 4206, 4866, 1120, 5436, 1558, 1312, 2596, 3921, 1887, 388, 2130, 1360, 1525, 4673, 4770, 3790, 1675, 2897, 556, 4577, 4946, 2628, 1915, 2862, 5186, 4722, 3211, 2127, 2225, 352, 1392, 1877, 2901, 1025, 4799, 1285, 2739, 5107, 4436, 415, 2864, 15, 2351, 4600, 2046, 3401, 650, 3938, 1545, 226, 4522, 992, 5069, 534, 18, 335, 3566, 3064, 2698, 989, 123, 1932, 4178, 3670, 4847, 1514, 2273, 1786, 574, 2856, 3256, 618, 4694, 5405, 4404, 2676, 3762, 5255, 3755, 2485, 5321, 536, 233, 3760, 1837, 4431, 3948, 5252, 3797, 1538, 13, 1387, 1886, 1994, 2954, 4108, 3432, 3881, 4477, 2919, 4613, 5175, 714, 1719, 4590, 3976, 3180, 2250, 2329, 3919, 5171, 3330, 2506, 3126, 3434, 223, 1272, 1304, 2738, 3311, 1290, 3073, 3199, 5388, 1989, 2828, 1431, 2509, 1643, 3373, 2821, 1188, 2859, 1955, 510, 1486, 595, 2764, 2793, 2298, 708, 1768, 5056, 5179, 4869, 2794, 2360, 4895, 1094, 5372, 2311, 2488, 1066, 2618, 429, 571, 2244, 2290, 1380, 2387, 68, 2439, 1878, 3749, 4145, 3746, 4125, 1315, 2150, 4656, 348, 770, 3019, 2275, 587, 315, 4120, 36, 2855, 3651, 2566, 4293, 640, 1490, 4054, 4959, 1835, 2354, 3522, 4901, 1243, 1571, 3332, 652, 2068, 1808, 5156, 1114, 4716, 2121, 5117, 4747, 4593, 451, 3953, 2782, 2461, 5091, 4920, 4668, 3397, 5247, 1260, 297, 2704, 3504, 3203, 2900, 384, 157, 4868, 3488, 5245, 3173, 1647, 3273, 1192, 3908, 38, 3992, 749, 5294, 3848, 860, 2479, 2459, 867, 3218, 4838, 4482, 20, 1521, 1641, 122, 3118, 2063, 2400, 3519, 1063, 2035, 3442, 2890, 1763, 2119, 5400, 1961, 4854, 2292, 2772, 527, 4917, 4955, 2172, 1186, 4006, 1388, 4382, 4717, 2798, 831, 1206, 189, 5149, 4021, 507, 3599, 3197, 5148, 539, 2171, 2575, 1615, 4032, 2592, 5425, 350, 201, 2074, 3364, 3764, 2122, 3738, 1086, 4460, 400, 63, 1662, 286, 291, 693, 3484, 2629, 4674, 2334, 1913, 4762, 2824, 4767, 4750, 4965, 1785, 2069, 583, 1797, 5051, 4848, 2634, 1507, 4085, 5159, 3279, 3927, 4, 550, 5447, 207, 2799, 551, 5144, 2563, 146, 4989, 4400, 2113, 434, 27, 4129, 3768, 3668, 3459, 3091, 1215, 4091, 1681, 2872, 4014, 4194, 779, 4029, 3756, 4760, 2476, 1749, 4658, 4871, 4348, 2757, 646, 1897, 2195, 316, 716, 4208, 5383, 825, 5370, 3078, 3778, 1702, 3984, 3847, 1150, 4300, 649, 4808, 3775, 4935, 3159, 687, 1223, 946, 4538, 4535, 3077, 5359, 780, 477, 2524, 371, 5142, 3611, 62, 1069, 4193, 883, 4130, 4328, 622, 4974, 1436, 4519, 1762, 4238, 3012, 3554, 4026, 3342, 4182, 5410, 1407, 2736, 913, 4045, 182, 1382, 3625, 1351, 3839, 3583, 2938, 46, 829, 5326, 2230, 612, 5021, 3121, 1127, 3006, 1852, 329, 118, 3794, 4081, 72, 1330, 519, 1195, 2017, 1920, 314, 1129, 3544, 1000, 282, 4041, 2857, 324, 2210, 5283, 2272, 4438, 10, 5341, 4447, 5120, 4167, 1047, 742, 4222, 2916, 3377, 2533, 2707, 2819, 42, 3054, 703, 1519, 1891, 1740, 2997, 347, 5190, 3489, 4284, 833, 4467, 2603, 4198, 4987, 4303, 2483, 435, 4121, 2536, 3048, 2561, 4425, 3177, 2774, 5313, 5078, 1804, 2780, 317, 1372, 1842, 2517, 35, 4283, 3692, 794, 4047, 4496, 4319, 1623, 896, 4416, 3383, 2217, 2330, 2026, 2565, 890, 1423, 3773, 2941, 4926, 2977, 256, 2755, 3724, 1697, 3141, 3189, 2520, 402, 1159, 1593, 508, 1536, 2376, 2842, 691, 3596, 2321, 1576, 5411, 2201, 2532, 4138, 4631, 3815, 4657, 2905, 3472, 4518, 4823, 4810, 2892, 4073, 2806, 3715, 31, 2372, 1782, 2133, 1893, 3932, 4602, 3997, 1607, 1238, 4296, 1350, 4498, 4735, 1489, 4877, 845, 1630, 3469, 4143, 4002, 106, 2773, 2881, 287, 2062, 1757, 4230, 1627, 830, 563, 1196, 2460, 5333, 2472, 1067, 1377, 4844, 3515, 4552, 958, 4347, 1170, 1543, 3120, 2239, 28, 4909, 3026, 515, 3293, 1948, 4948, 76, 970, 840, 4011, 2675, 4050, 37, 108, 4651, 3319, 3660, 5160, 4768, 1911, 5345, 23, 4419, 1815, 447, 581, 4426, 893, 2756, 1864, 4418, 4444, 1411, 3446, 3278, 1618, 4786, 3998, 2055, 2795, 4841, 1599, 1044, 2418, 2206, 1394, 3409, 4428, 5301, 5139, 4504, 3974, 4123, 2414, 3527, 4244, 4985, 3310, 3975, 1318, 952, 4822, 3414, 2223, 1506, 627, 3094, 1236, 4642, 2481, 1629, 4509, 4265, 3829, 4149, 3249, 426, 3817, 2571, 3894, 4662, 744, 4561, 1926, 3576, 2655, 1714, 2072, 1559, 3358, 4741, 2526, 2896, 5132, 613, 4331, 1969, 1727, 1293, 871, 5264, 4669, 1505, 1095]",59,750,1,False,750
491,description,description,2,True,True,True,"{2: 151, 1: 172, 5: 122, 3: 154, 4: 141, 0: 10}","[4097, 1548, 5419, 4731, 3902, 3380, 4432, 3710, 3542, 3991, 4880, 2494, 2930, 1237, 5356, 235, 4127, 3911, 217, 3274, 932, 1468, 2624, 2837, 3687, 1483, 2116, 3691, 4885, 1822, 1115, 1952, 4887, 876, 2002, 4576, 3443, 5286, 2441, 4713, 121, 2388, 292, 5439, 83, 4206, 4866, 1120, 5436, 1558, 1312, 2596, 3921, 1887, 388, 2130, 1360, 1525, 4673, 4770, 3790, 1675, 2897, 556, 4577, 4946, 2628, 1915, 2862, 5186, 4722, 3211, 2127, 2225, 352, 1392, 1877, 2901, 1025, 4799, 1285, 2739, 5107, 4436, 415, 2864, 15, 2351, 4600, 2046, 3401, 650, 3938, 1545, 226, 4522, 992, 5069, 534, 18, 335, 3566, 3064, 2698, 989, 123, 1932, 4178, 3670, 4847, 1514, 2273, 1786, 574, 2856, 3256, 618, 4694, 5405, 4404, 2676, 3762, 5255, 3755, 2485, 5321, 536, 233, 3760, 1837, 4431, 3948, 5252, 3797, 1538, 13, 1387, 1886, 1994, 2954, 4108, 3432, 3881, 4477, 2919, 4613, 5175, 714, 1719, 4590, 3976, 3180, 2250, 2329, 3919, 5171, 3330, 2506, 3126, 3434, 223, 1272, 1304, 2738, 3311, 1290, 3073, 3199, 5388, 1989, 2828, 1431, 2509, 1643, 3373, 2821, 1188, 2859, 1955, 510, 1486, 595, 2764, 2793, 2298, 708, 1768, 5056, 5179, 4869, 2794, 2360, 4895, 1094, 5372, 2311, 2488, 1066, 2618, 429, 571, 2244, 2290, 1380, 2387, 68, 2439, 1878, 3749, 4145, 3746, 4125, 1315, 2150, 4656, 348, 770, 3019, 2275, 587, 315, 4120, 36, 2855, 3651, 2566, 4293, 640, 1490, 4054, 4959, 1835, 2354, 3522, 4901, 1243, 1571, 3332, 652, 2068, 1808, 5156, 1114, 4716, 2121, 5117, 4747, 4593, 451, 3953, 2782, 2461, 5091, 4920, 4668, 3397, 5247, 1260, 297, 2704, 3504, 3203, 2900, 384, 157, 4868, 3488, 5245, 3173, 1647, 3273, 1192, 3908, 38, 3992, 749, 5294, 3848, 860, 2479, 2459, 867, 3218, 4838, 4482, 20, 1521, 1641, 122, 3118, 2063, 2400, 3519, 1063, 2035, 3442, 2890, 1763, 2119, 5400, 1961, 4854, 2292, 2772, 527, 4917, 4955, 2172, 1186, 4006, 1388, 4382, 4717, 2798, 831, 1206, 189, 5149, 4021, 507, 3599, 3197, 5148, 539, 2171, 2575, 1615, 4032, 2592, 5425, 350, 201, 2074, 3364, 3764, 2122, 3738, 1086, 4460, 400, 63, 1662, 286, 291, 693, 3484, 2629, 4674, 2334, 1913, 4762, 2824, 4767, 4750, 4965, 1785, 2069, 583, 1797, 5051, 4848, 2634, 1507, 4085, 5159, 3279, 3927, 4, 550, 5447, 207, 2799, 551, 5144, 2563, 146, 4989, 4400, 2113, 434, 27, 4129, 3768, 3668, 3459, 3091, 1215, 4091, 1681, 2872, 4014, 4194, 779, 4029, 3756, 4760, 2476, 1749, 4658, 4871, 4348, 2757, 646, 1897, 2195, 316, 716, 4208, 5383, 825, 5370, 3078, 3778, 1702, 3984, 3847, 1150, 4300, 649, 4808, 3775, 4935, 3159, 687, 1223, 946, 4538, 4535, 3077, 5359, 780, 477, 2524, 371, 5142, 3611, 62, 1069, 4193, 883, 4130, 4328, 622, 4974, 1436, 4519, 1762, 4238, 3012, 3554, 4026, 3342, 4182, 5410, 1407, 2736, 913, 4045, 182, 1382, 3625, 1351, 3839, 3583, 2938, 46, 829, 5326, 2230, 612, 5021, 3121, 1127, 3006, 1852, 329, 118, 3794, 4081, 72, 1330, 519, 1195, 2017, 1920, 314, 1129, 3544, 1000, 282, 4041, 2857, 324, 2210, 5283, 2272, 4438, 10, 5341, 4447, 5120, 4167, 1047, 742, 4222, 2916, 3377, 2533, 2707, 2819, 42, 3054, 703, 1519, 1891, 1740, 2997, 347, 5190, 3489, 4284, 833, 4467, 2603, 4198, 4987, 4303, 2483, 435, 4121, 2536, 3048, 2561, 4425, 3177, 2774, 5313, 5078, 1804, 2780, 317, 1372, 1842, 2517, 35, 4283, 3692, 794, 4047, 4496, 4319, 1623, 896, 4416, 3383, 2217, 2330, 2026, 2565, 890, 1423, 3773, 2941, 4926, 2977, 256, 2755, 3724, 1697, 3141, 3189, 2520, 402, 1159, 1593, 508, 1536, 2376, 2842, 691, 3596, 2321, 1576, 5411, 2201, 2532, 4138, 4631, 3815, 4657, 2905, 3472, 4518, 4823, 4810, 2892, 4073, 2806, 3715, 31, 2372, 1782, 2133, 1893, 3932, 4602, 3997, 1607, 1238, 4296, 1350, 4498, 4735, 1489, 4877, 845, 1630, 3469, 4143, 4002, 106, 2773, 2881, 287, 2062, 1757, 4230, 1627, 830, 563, 1196, 2460, 5333, 2472, 1067, 1377, 4844, 3515, 4552, 958, 4347, 1170, 1543, 3120, 2239, 28, 4909, 3026, 515, 3293, 1948, 4948, 76, 970, 840, 4011, 2675, 4050, 37, 108, 4651, 3319, 3660, 5160, 4768, 1911, 5345, 23, 4419, 1815, 447, 581, 4426, 893, 2756, 1864, 4418, 4444, 1411, 3446, 3278, 1618, 4786, 3998, 2055, 2795, 4841, 1599, 1044, 2418, 2206, 1394, 3409, 4428, 5301, 5139, 4504, 3974, 4123, 2414, 3527, 4244, 4985, 3310, 3975, 1318, 952, 4822, 3414, 2223, 1506, 627, 3094, 1236, 4642, 2481, 1629, 4509, 4265, 3829, 4149, 3249, 426, 3817, 2571, 3894, 4662, 744, 4561, 1926, 3576, 2655, 1714, 2072, 1559, 3358, 4741, 2526, 2896, 5132, 613, 4331, 1969, 1727, 1293, 871, 5264, 4669, 1505, 1095]",491,750,1,False,750
12,numeric,numeric,5,True,True,True,"{2: 151, 1: 172, 5: 122, 3: 154, 4: 141, 0: 10}","[4097, 1548, 5419, 4731, 3902, 3380, 4432, 3710, 3542, 3991, 4880, 2494, 2930, 1237, 5356, 235, 4127, 3911, 217, 3274, 932, 1468, 2624, 2837, 3687, 1483, 2116, 3691, 4885, 1822, 1115, 1952, 4887, 876, 2002, 4576, 3443, 5286, 2441, 4713, 121, 2388, 292, 5439, 83, 4206, 4866, 1120, 5436, 1558, 1312, 2596, 3921, 1887, 388, 2130, 1360, 1525, 4673, 4770, 3790, 1675, 2897, 556, 4577, 4946, 2628, 1915, 2862, 5186, 4722, 3211, 2127, 2225, 352, 1392, 1877, 2901, 1025, 4799, 1285, 2739, 5107, 4436, 415, 2864, 15, 2351, 4600, 2046, 3401, 650, 3938, 1545, 226, 4522, 992, 5069, 534, 18, 335, 3566, 3064, 2698, 989, 123, 1932, 4178, 3670, 4847, 1514, 2273, 1786, 574, 2856, 3256, 618, 4694, 5405, 4404, 2676, 3762, 5255, 3755, 2485, 5321, 536, 233, 3760, 1837, 4431, 3948, 5252, 3797, 1538, 13, 1387, 1886, 1994, 2954, 4108, 3432, 3881, 4477, 2919, 4613, 5175, 714, 1719, 4590, 3976, 3180, 2250, 2329, 3919, 5171, 3330, 2506, 3126, 3434, 223, 1272, 1304, 2738, 3311, 1290, 3073, 3199, 5388, 1989, 2828, 1431, 2509, 1643, 3373, 2821, 1188, 2859, 1955, 510, 1486, 595, 2764, 2793, 2298, 708, 1768, 5056, 5179, 4869, 2794, 2360, 4895, 1094, 5372, 2311, 2488, 1066, 2618, 429, 571, 2244, 2290, 1380, 2387, 68, 2439, 1878, 3749, 4145, 3746, 4125, 1315, 2150, 4656, 348, 770, 3019, 2275, 587, 315, 4120, 36, 2855, 3651, 2566, 4293, 640, 1490, 4054, 4959, 1835, 2354, 3522, 4901, 1243, 1571, 3332, 652, 2068, 1808, 5156, 1114, 4716, 2121, 5117, 4747, 4593, 451, 3953, 2782, 2461, 5091, 4920, 4668, 3397, 5247, 1260, 297, 2704, 3504, 3203, 2900, 384, 157, 4868, 3488, 5245, 3173, 1647, 3273, 1192, 3908, 38, 3992, 749, 5294, 3848, 860, 2479, 2459, 867, 3218, 4838, 4482, 20, 1521, 1641, 122, 3118, 2063, 2400, 3519, 1063, 2035, 3442, 2890, 1763, 2119, 5400, 1961, 4854, 2292, 2772, 527, 4917, 4955, 2172, 1186, 4006, 1388, 4382, 4717, 2798, 831, 1206, 189, 5149, 4021, 507, 3599, 3197, 5148, 539, 2171, 2575, 1615, 4032, 2592, 5425, 350, 201, 2074, 3364, 3764, 2122, 3738, 1086, 4460, 400, 63, 1662, 286, 291, 693, 3484, 2629, 4674, 2334, 1913, 4762, 2824, 4767, 4750, 4965, 1785, 2069, 583, 1797, 5051, 4848, 2634, 1507, 4085, 5159, 3279, 3927, 4, 550, 5447, 207, 2799, 551, 5144, 2563, 146, 4989, 4400, 2113, 434, 27, 4129, 3768, 3668, 3459, 3091, 1215, 4091, 1681, 2872, 4014, 4194, 779, 4029, 3756, 4760, 2476, 1749, 4658, 4871, 4348, 2757, 646, 1897, 2195, 316, 716, 4208, 5383, 825, 5370, 3078, 3778, 1702, 3984, 3847, 1150, 4300, 649, 4808, 3775, 4935, 3159, 687, 1223, 946, 4538, 4535, 3077, 5359, 780, 477, 2524, 371, 5142, 3611, 62, 1069, 4193, 883, 4130, 4328, 622, 4974, 1436, 4519, 1762, 4238, 3012, 3554, 4026, 3342, 4182, 5410, 1407, 2736, 913, 4045, 182, 1382, 3625, 1351, 3839, 3583, 2938, 46, 829, 5326, 2230, 612, 5021, 3121, 1127, 3006, 1852, 329, 118, 3794, 4081, 72, 1330, 519, 1195, 2017, 1920, 314, 1129, 3544, 1000, 282, 4041, 2857, 324, 2210, 5283, 2272, 4438, 10, 5341, 4447, 5120, 4167, 1047, 742, 4222, 2916, 3377, 2533, 2707, 2819, 42, 3054, 703, 1519, 1891, 1740, 2997, 347, 5190, 3489, 4284, 833, 4467, 2603, 4198, 4987, 4303, 2483, 435, 4121, 2536, 3048, 2561, 4425, 3177, 2774, 5313, 5078, 1804, 2780, 317, 1372, 1842, 2517, 35, 4283, 3692, 794, 4047, 4496, 4319, 1623, 896, 4416, 3383, 2217, 2330, 2026, 2565, 890, 1423, 3773, 2941, 4926, 2977, 256, 2755, 3724, 1697, 3141, 3189, 2520, 402, 1159, 1593, 508, 1536, 2376, 2842, 691, 3596, 2321, 1576, 5411, 2201, 2532, 4138, 4631, 3815, 4657, 2905, 3472, 4518, 4823, 4810, 2892, 4073, 2806, 3715, 31, 2372, 1782, 2133, 1893, 3932, 4602, 3997, 1607, 1238, 4296, 1350, 4498, 4735, 1489, 4877, 845, 1630, 3469, 4143, 4002, 106, 2773, 2881, 287, 2062, 1757, 4230, 1627, 830, 563, 1196, 2460, 5333, 2472, 1067, 1377, 4844, 3515, 4552, 958, 4347, 1170, 1543, 3120, 2239, 28, 4909, 3026, 515, 3293, 1948, 4948, 76, 970, 840, 4011, 2675, 4050, 37, 108, 4651, 3319, 3660, 5160, 4768, 1911, 5345, 23, 4419, 1815, 447, 581, 4426, 893, 2756, 1864, 4418, 4444, 1411, 3446, 3278, 1618, 4786, 3998, 2055, 2795, 4841, 1599, 1044, 2418, 2206, 1394, 3409, 4428, 5301, 5139, 4504, 3974, 4123, 2414, 3527, 4244, 4985, 3310, 3975, 1318, 952, 4822, 3414, 2223, 1506, 627, 3094, 1236, 4642, 2481, 1629, 4509, 4265, 3829, 4149, 3249, 426, 3817, 2571, 3894, 4662, 744, 4561, 1926, 3576, 2655, 1714, 2072, 1559, 3358, 4741, 2526, 2896, 5132, 613, 4331, 1969, 1727, 1293, 871, 5264, 4669, 1505, 1095]",12,750,1,False,750
400,numeric,human,3,True,False,True,"{2: 151, 1: 172, 5: 122, 3: 154, 4: 141, 0: 10}","[4097, 1548, 5419, 4731, 3902, 3380, 4432, 3710, 3542, 3991, 4880, 2494, 2930, 1237, 5356, 235, 4127, 3911, 217, 3274, 932, 1468, 2624, 2837, 3687, 1483, 2116, 3691, 4885, 1822, 1115, 1952, 4887, 876, 2002, 4576, 3443, 5286, 2441, 4713, 121, 2388, 292, 5439, 83, 4206, 4866, 1120, 5436, 1558, 1312, 2596, 3921, 1887, 388, 2130, 1360, 1525, 4673, 4770, 3790, 1675, 2897, 556, 4577, 4946, 2628, 1915, 2862, 5186, 4722, 3211, 2127, 2225, 352, 1392, 1877, 2901, 1025, 4799, 1285, 2739, 5107, 4436, 415, 2864, 15, 2351, 4600, 2046, 3401, 650, 3938, 1545, 226, 4522, 992, 5069, 534, 18, 335, 3566, 3064, 2698, 989, 123, 1932, 4178, 3670, 4847, 1514, 2273, 1786, 574, 2856, 3256, 618, 4694, 5405, 4404, 2676, 3762, 5255, 3755, 2485, 5321, 536, 233, 3760, 1837, 4431, 3948, 5252, 3797, 1538, 13, 1387, 1886, 1994, 2954, 4108, 3432, 3881, 4477, 2919, 4613, 5175, 714, 1719, 4590, 3976, 3180, 2250, 2329, 3919, 5171, 3330, 2506, 3126, 3434, 223, 1272, 1304, 2738, 3311, 1290, 3073, 3199, 5388, 1989, 2828, 1431, 2509, 1643, 3373, 2821, 1188, 2859, 1955, 510, 1486, 595, 2764, 2793, 2298, 708, 1768, 5056, 5179, 4869, 2794, 2360, 4895, 1094, 5372, 2311, 2488, 1066, 2618, 429, 571, 2244, 2290, 1380, 2387, 68, 2439, 1878, 3749, 4145, 3746, 4125, 1315, 2150, 4656, 348, 770, 3019, 2275, 587, 315, 4120, 36, 2855, 3651, 2566, 4293, 640, 1490, 4054, 4959, 1835, 2354, 3522, 4901, 1243, 1571, 3332, 652, 2068, 1808, 5156, 1114, 4716, 2121, 5117, 4747, 4593, 451, 3953, 2782, 2461, 5091, 4920, 4668, 3397, 5247, 1260, 297, 2704, 3504, 3203, 2900, 384, 157, 4868, 3488, 5245, 3173, 1647, 3273, 1192, 3908, 38, 3992, 749, 5294, 3848, 860, 2479, 2459, 867, 3218, 4838, 4482, 20, 1521, 1641, 122, 3118, 2063, 2400, 3519, 1063, 2035, 3442, 2890, 1763, 2119, 5400, 1961, 4854, 2292, 2772, 527, 4917, 4955, 2172, 1186, 4006, 1388, 4382, 4717, 2798, 831, 1206, 189, 5149, 4021, 507, 3599, 3197, 5148, 539, 2171, 2575, 1615, 4032, 2592, 5425, 350, 201, 2074, 3364, 3764, 2122, 3738, 1086, 4460, 400, 63, 1662, 286, 291, 693, 3484, 2629, 4674, 2334, 1913, 4762, 2824, 4767, 4750, 4965, 1785, 2069, 583, 1797, 5051, 4848, 2634, 1507, 4085, 5159, 3279, 3927, 4, 550, 5447, 207, 2799, 551, 5144, 2563, 146, 4989, 4400, 2113, 434, 27, 4129, 3768, 3668, 3459, 3091, 1215, 4091, 1681, 2872, 4014, 4194, 779, 4029, 3756, 4760, 2476, 1749, 4658, 4871, 4348, 2757, 646, 1897, 2195, 316, 716, 4208, 5383, 825, 5370, 3078, 3778, 1702, 3984, 3847, 1150, 4300, 649, 4808, 3775, 4935, 3159, 687, 1223, 946, 4538, 4535, 3077, 5359, 780, 477, 2524, 371, 5142, 3611, 62, 1069, 4193, 883, 4130, 4328, 622, 4974, 1436, 4519, 1762, 4238, 3012, 3554, 4026, 3342, 4182, 5410, 1407, 2736, 913, 4045, 182, 1382, 3625, 1351, 3839, 3583, 2938, 46, 829, 5326, 2230, 612, 5021, 3121, 1127, 3006, 1852, 329, 118, 3794, 4081, 72, 1330, 519, 1195, 2017, 1920, 314, 1129, 3544, 1000, 282, 4041, 2857, 324, 2210, 5283, 2272, 4438, 10, 5341, 4447, 5120, 4167, 1047, 742, 4222, 2916, 3377, 2533, 2707, 2819, 42, 3054, 703, 1519, 1891, 1740, 2997, 347, 5190, 3489, 4284, 833, 4467, 2603, 4198, 4987, 4303, 2483, 435, 4121, 2536, 3048, 2561, 4425, 3177, 2774, 5313, 5078, 1804, 2780, 317, 1372, 1842, 2517, 35, 4283, 3692, 794, 4047, 4496, 4319, 1623, 896, 4416, 3383, 2217, 2330, 2026, 2565, 890, 1423, 3773, 2941, 4926, 2977, 256, 2755, 3724, 1697, 3141, 3189, 2520, 402, 1159, 1593, 508, 1536, 2376, 2842, 691, 3596, 2321, 1576, 5411, 2201, 2532, 4138, 4631, 3815, 4657, 2905, 3472, 4518, 4823, 4810, 2892, 4073, 2806, 3715, 31, 2372, 1782, 2133, 1893, 3932, 4602, 3997, 1607, 1238, 4296, 1350, 4498, 4735, 1489, 4877, 845, 1630, 3469, 4143, 4002, 106, 2773, 2881, 287, 2062, 1757, 4230, 1627, 830, 563, 1196, 2460, 5333, 2472, 1067, 1377, 4844, 3515, 4552, 958, 4347, 1170, 1543, 3120, 2239, 28, 4909, 3026, 515, 3293, 1948, 4948, 76, 970, 840, 4011, 2675, 4050, 37, 108, 4651, 3319, 3660, 5160, 4768, 1911, 5345, 23, 4419, 1815, 447, 581, 4426, 893, 2756, 1864, 4418, 4444, 1411, 3446, 3278, 1618, 4786, 3998, 2055, 2795, 4841, 1599, 1044, 2418, 2206, 1394, 3409, 4428, 5301, 5139, 4504, 3974, 4123, 2414, 3527, 4244, 4985, 3310, 3975, 1318, 952, 4822, 3414, 2223, 1506, 627, 3094, 1236, 4642, 2481, 1629, 4509, 4265, 3829, 4149, 3249, 426, 3817, 2571, 3894, 4662, 744, 4561, 1926, 3576, 2655, 1714, 2072, 1559, 3358, 4741, 2526, 2896, 5132, 613, 4331, 1969, 1727, 1293, 871, 5264, 4669, 1505, 1095]",400,750,1,False,750
469,numeric,description,2,True,False,True,"{2: 151, 1: 172, 5: 122, 3: 154, 4: 141, 0: 10}","[4097, 1548, 5419, 4731, 3902, 3380, 4432, 3710, 3542, 3991, 4880, 2494, 2930, 1237, 5356, 235, 4127, 3911, 217, 3274, 932, 1468, 2624, 2837, 3687, 1483, 2116, 3691, 4885, 1822, 1115, 1952, 4887, 876, 2002, 4576, 3443, 5286, 2441, 4713, 121, 2388, 292, 5439, 83, 4206, 4866, 1120, 5436, 1558, 1312, 2596, 3921, 1887, 388, 2130, 1360, 1525, 4673, 4770, 3790, 1675, 2897, 556, 4577, 4946, 2628, 1915, 2862, 5186, 4722, 3211, 2127, 2225, 352, 1392, 1877, 2901, 1025, 4799, 1285, 2739, 5107, 4436, 415, 2864, 15, 2351, 4600, 2046, 3401, 650, 3938, 1545, 226, 4522, 992, 5069, 534, 18, 335, 3566, 3064, 2698, 989, 123, 1932, 4178, 3670, 4847, 1514, 2273, 1786, 574, 2856, 3256, 618, 4694, 5405, 4404, 2676, 3762, 5255, 3755, 2485, 5321, 536, 233, 3760, 1837, 4431, 3948, 5252, 3797, 1538, 13, 1387, 1886, 1994, 2954, 4108, 3432, 3881, 4477, 2919, 4613, 5175, 714, 1719, 4590, 3976, 3180, 2250, 2329, 3919, 5171, 3330, 2506, 3126, 3434, 223, 1272, 1304, 2738, 3311, 1290, 3073, 3199, 5388, 1989, 2828, 1431, 2509, 1643, 3373, 2821, 1188, 2859, 1955, 510, 1486, 595, 2764, 2793, 2298, 708, 1768, 5056, 5179, 4869, 2794, 2360, 4895, 1094, 5372, 2311, 2488, 1066, 2618, 429, 571, 2244, 2290, 1380, 2387, 68, 2439, 1878, 3749, 4145, 3746, 4125, 1315, 2150, 4656, 348, 770, 3019, 2275, 587, 315, 4120, 36, 2855, 3651, 2566, 4293, 640, 1490, 4054, 4959, 1835, 2354, 3522, 4901, 1243, 1571, 3332, 652, 2068, 1808, 5156, 1114, 4716, 2121, 5117, 4747, 4593, 451, 3953, 2782, 2461, 5091, 4920, 4668, 3397, 5247, 1260, 297, 2704, 3504, 3203, 2900, 384, 157, 4868, 3488, 5245, 3173, 1647, 3273, 1192, 3908, 38, 3992, 749, 5294, 3848, 860, 2479, 2459, 867, 3218, 4838, 4482, 20, 1521, 1641, 122, 3118, 2063, 2400, 3519, 1063, 2035, 3442, 2890, 1763, 2119, 5400, 1961, 4854, 2292, 2772, 527, 4917, 4955, 2172, 1186, 4006, 1388, 4382, 4717, 2798, 831, 1206, 189, 5149, 4021, 507, 3599, 3197, 5148, 539, 2171, 2575, 1615, 4032, 2592, 5425, 350, 201, 2074, 3364, 3764, 2122, 3738, 1086, 4460, 400, 63, 1662, 286, 291, 693, 3484, 2629, 4674, 2334, 1913, 4762, 2824, 4767, 4750, 4965, 1785, 2069, 583, 1797, 5051, 4848, 2634, 1507, 4085, 5159, 3279, 3927, 4, 550, 5447, 207, 2799, 551, 5144, 2563, 146, 4989, 4400, 2113, 434, 27, 4129, 3768, 3668, 3459, 3091, 1215, 4091, 1681, 2872, 4014, 4194, 779, 4029, 3756, 4760, 2476, 1749, 4658, 4871, 4348, 2757, 646, 1897, 2195, 316, 716, 4208, 5383, 825, 5370, 3078, 3778, 1702, 3984, 3847, 1150, 4300, 649, 4808, 3775, 4935, 3159, 687, 1223, 946, 4538, 4535, 3077, 5359, 780, 477, 2524, 371, 5142, 3611, 62, 1069, 4193, 883, 4130, 4328, 622, 4974, 1436, 4519, 1762, 4238, 3012, 3554, 4026, 3342, 4182, 5410, 1407, 2736, 913, 4045, 182, 1382, 3625, 1351, 3839, 3583, 2938, 46, 829, 5326, 2230, 612, 5021, 3121, 1127, 3006, 1852, 329, 118, 3794, 4081, 72, 1330, 519, 1195, 2017, 1920, 314, 1129, 3544, 1000, 282, 4041, 2857, 324, 2210, 5283, 2272, 4438, 10, 5341, 4447, 5120, 4167, 1047, 742, 4222, 2916, 3377, 2533, 2707, 2819, 42, 3054, 703, 1519, 1891, 1740, 2997, 347, 5190, 3489, 4284, 833, 4467, 2603, 4198, 4987, 4303, 2483, 435, 4121, 2536, 3048, 2561, 4425, 3177, 2774, 5313, 5078, 1804, 2780, 317, 1372, 1842, 2517, 35, 4283, 3692, 794, 4047, 4496, 4319, 1623, 896, 4416, 3383, 2217, 2330, 2026, 2565, 890, 1423, 3773, 2941, 4926, 2977, 256, 2755, 3724, 1697, 3141, 3189, 2520, 402, 1159, 1593, 508, 1536, 2376, 2842, 691, 3596, 2321, 1576, 5411, 2201, 2532, 4138, 4631, 3815, 4657, 2905, 3472, 4518, 4823, 4810, 2892, 4073, 2806, 3715, 31, 2372, 1782, 2133, 1893, 3932, 4602, 3997, 1607, 1238, 4296, 1350, 4498, 4735, 1489, 4877, 845, 1630, 3469, 4143, 4002, 106, 2773, 2881, 287, 2062, 1757, 4230, 1627, 830, 563, 1196, 2460, 5333, 2472, 1067, 1377, 4844, 3515, 4552, 958, 4347, 1170, 1543, 3120, 2239, 28, 4909, 3026, 515, 3293, 1948, 4948, 76, 970, 840, 4011, 2675, 4050, 37, 108, 4651, 3319, 3660, 5160, 4768, 1911, 5345, 23, 4419, 1815, 447, 581, 4426, 893, 2756, 1864, 4418, 4444, 1411, 3446, 3278, 1618, 4786, 3998, 2055, 2795, 4841, 1599, 1044, 2418, 2206, 1394, 3409, 4428, 5301, 5139, 4504, 3974, 4123, 2414, 3527, 4244, 4985, 3310, 3975, 1318, 952, 4822, 3414, 2223, 1506, 627, 3094, 1236, 4642, 2481, 1629, 4509, 4265, 3829, 4149, 3249, 426, 3817, 2571, 3894, 4662, 744, 4561, 1926, 3576, 2655, 1714, 2072, 1559, 3358, 4741, 2526, 2896, 5132, 613, 4331, 1969, 1727, 1293, 871, 5264, 4669, 1505, 1095]",469,750,1,False,750
235,description,description,2,True,True,True,"{2: 151, 1: 172, 5: 122, 3: 154, 4: 141, 0: 10}","[4097, 1548, 5419, 4731, 3902, 3380, 4432, 3710, 3542, 3991, 4880, 2494, 2930, 1237, 5356, 235, 4127, 3911, 217, 3274, 932, 1468, 2624, 2837, 3687, 1483, 2116, 3691, 4885, 1822, 1115, 1952, 4887, 876, 2002, 4576, 3443, 5286, 2441, 4713, 121, 2388, 292, 5439, 83, 4206, 4866, 1120, 5436, 1558, 1312, 2596, 3921, 1887, 388, 2130, 1360, 1525, 4673, 4770, 3790, 1675, 2897, 556, 4577, 4946, 2628, 1915, 2862, 5186, 4722, 3211, 2127, 2225, 352, 1392, 1877, 2901, 1025, 4799, 1285, 2739, 5107, 4436, 415, 2864, 15, 2351, 4600, 2046, 3401, 650, 3938, 1545, 226, 4522, 992, 5069, 534, 18, 335, 3566, 3064, 2698, 989, 123, 1932, 4178, 3670, 4847, 1514, 2273, 1786, 574, 2856, 3256, 618, 4694, 5405, 4404, 2676, 3762, 5255, 3755, 2485, 5321, 536, 233, 3760, 1837, 4431, 3948, 5252, 3797, 1538, 13, 1387, 1886, 1994, 2954, 4108, 3432, 3881, 4477, 2919, 4613, 5175, 714, 1719, 4590, 3976, 3180, 2250, 2329, 3919, 5171, 3330, 2506, 3126, 3434, 223, 1272, 1304, 2738, 3311, 1290, 3073, 3199, 5388, 1989, 2828, 1431, 2509, 1643, 3373, 2821, 1188, 2859, 1955, 510, 1486, 595, 2764, 2793, 2298, 708, 1768, 5056, 5179, 4869, 2794, 2360, 4895, 1094, 5372, 2311, 2488, 1066, 2618, 429, 571, 2244, 2290, 1380, 2387, 68, 2439, 1878, 3749, 4145, 3746, 4125, 1315, 2150, 4656, 348, 770, 3019, 2275, 587, 315, 4120, 36, 2855, 3651, 2566, 4293, 640, 1490, 4054, 4959, 1835, 2354, 3522, 4901, 1243, 1571, 3332, 652, 2068, 1808, 5156, 1114, 4716, 2121, 5117, 4747, 4593, 451, 3953, 2782, 2461, 5091, 4920, 4668, 3397, 5247, 1260, 297, 2704, 3504, 3203, 2900, 384, 157, 4868, 3488, 5245, 3173, 1647, 3273, 1192, 3908, 38, 3992, 749, 5294, 3848, 860, 2479, 2459, 867, 3218, 4838, 4482, 20, 1521, 1641, 122, 3118, 2063, 2400, 3519, 1063, 2035, 3442, 2890, 1763, 2119, 5400, 1961, 4854, 2292, 2772, 527, 4917, 4955, 2172, 1186, 4006, 1388, 4382, 4717, 2798, 831, 1206, 189, 5149, 4021, 507, 3599, 3197, 5148, 539, 2171, 2575, 1615, 4032, 2592, 5425, 350, 201, 2074, 3364, 3764, 2122, 3738, 1086, 4460, 400, 63, 1662, 286, 291, 693, 3484, 2629, 4674, 2334, 1913, 4762, 2824, 4767, 4750, 4965, 1785, 2069, 583, 1797, 5051, 4848, 2634, 1507, 4085, 5159, 3279, 3927, 4, 550, 5447, 207, 2799, 551, 5144, 2563, 146, 4989, 4400, 2113, 434, 27, 4129, 3768, 3668, 3459, 3091, 1215, 4091, 1681, 2872, 4014, 4194, 779, 4029, 3756, 4760, 2476, 1749, 4658, 4871, 4348, 2757, 646, 1897, 2195, 316, 716, 4208, 5383, 825, 5370, 3078, 3778, 1702, 3984, 3847, 1150, 4300, 649, 4808, 3775, 4935, 3159, 687, 1223, 946, 4538, 4535, 3077, 5359, 780, 477, 2524, 371, 5142, 3611, 62, 1069, 4193, 883, 4130, 4328, 622, 4974, 1436, 4519, 1762, 4238, 3012, 3554, 4026, 3342, 4182, 5410, 1407, 2736, 913, 4045, 182, 1382, 3625, 1351, 3839, 3583, 2938, 46, 829, 5326, 2230, 612, 5021, 3121, 1127, 3006, 1852, 329, 118, 3794, 4081, 72, 1330, 519, 1195, 2017, 1920, 314, 1129, 3544, 1000, 282, 4041, 2857, 324, 2210, 5283, 2272, 4438, 10, 5341, 4447, 5120, 4167, 1047, 742, 4222, 2916, 3377, 2533, 2707, 2819, 42, 3054, 703, 1519, 1891, 1740, 2997, 347, 5190, 3489, 4284, 833, 4467, 2603, 4198, 4987, 4303, 2483, 435, 4121, 2536, 3048, 2561, 4425, 3177, 2774, 5313, 5078, 1804, 2780, 317, 1372, 1842, 2517, 35, 4283, 3692, 794, 4047, 4496, 4319, 1623, 896, 4416, 3383, 2217, 2330, 2026, 2565, 890, 1423, 3773, 2941, 4926, 2977, 256, 2755, 3724, 1697, 3141, 3189, 2520, 402, 1159, 1593, 508, 1536, 2376, 2842, 691, 3596, 2321, 1576, 5411, 2201, 2532, 4138, 4631, 3815, 4657, 2905, 3472, 4518, 4823, 4810, 2892, 4073, 2806, 3715, 31, 2372, 1782, 2133, 1893, 3932, 4602, 3997, 1607, 1238, 4296, 1350, 4498, 4735, 1489, 4877, 845, 1630, 3469, 4143, 4002, 106, 2773, 2881, 287, 2062, 1757, 4230, 1627, 830, 563, 1196, 2460, 5333, 2472, 1067, 1377, 4844, 3515, 4552, 958, 4347, 1170, 1543, 3120, 2239, 28, 4909, 3026, 515, 3293, 1948, 4948, 76, 970, 840, 4011, 2675, 4050, 37, 108, 4651, 3319, 3660, 5160, 4768, 1911, 5345, 23, 4419, 1815, 447, 581, 4426, 893, 2756, 1864, 4418, 4444, 1411, 3446, 3278, 1618, 4786, 3998, 2055, 2795, 4841, 1599, 1044, 2418, 2206, 1394, 3409, 4428, 5301, 5139, 4504, 3974, 4123, 2414, 3527, 4244, 4985, 3310, 3975, 1318, 952, 4822, 3414, 2223, 1506, 627, 3094, 1236, 4642, 2481, 1629, 4509, 4265, 3829, 4149, 3249, 426, 3817, 2571, 3894, 4662, 744, 4561, 1926, 3576, 2655, 1714, 2072, 1559, 3358, 4741, 2526, 2896, 5132, 613, 4331, 1969, 1727, 1293, 871, 5264, 4669, 1505, 1095]",235,750,1,False,750
288,description,description,2,True,True,True,"{2: 151, 1: 172, 5: 122, 3: 154, 4: 141, 0: 10}","[4097, 1548, 5419, 4731, 3902, 3380, 4432, 3710, 3542, 3991, 4880, 2494, 2930, 1237, 5356, 235, 4127, 3911, 217, 3274, 932, 1468, 2624, 2837, 3687, 1483, 2116, 3691, 4885, 1822, 1115, 1952, 4887, 876, 2002, 4576, 3443, 5286, 2441, 4713, 121, 2388, 292, 5439, 83, 4206, 4866, 1120, 5436, 1558, 1312, 2596, 3921, 1887, 388, 2130, 1360, 1525, 4673, 4770, 3790, 1675, 2897, 556, 4577, 4946, 2628, 1915, 2862, 5186, 4722, 3211, 2127, 2225, 352, 1392, 1877, 2901, 1025, 4799, 1285, 2739, 5107, 4436, 415, 2864, 15, 2351, 4600, 2046, 3401, 650, 3938, 1545, 226, 4522, 992, 5069, 534, 18, 335, 3566, 3064, 2698, 989, 123, 1932, 4178, 3670, 4847, 1514, 2273, 1786, 574, 2856, 3256, 618, 4694, 5405, 4404, 2676, 3762, 5255, 3755, 2485, 5321, 536, 233, 3760, 1837, 4431, 3948, 5252, 3797, 1538, 13, 1387, 1886, 1994, 2954, 4108, 3432, 3881, 4477, 2919, 4613, 5175, 714, 1719, 4590, 3976, 3180, 2250, 2329, 3919, 5171, 3330, 2506, 3126, 3434, 223, 1272, 1304, 2738, 3311, 1290, 3073, 3199, 5388, 1989, 2828, 1431, 2509, 1643, 3373, 2821, 1188, 2859, 1955, 510, 1486, 595, 2764, 2793, 2298, 708, 1768, 5056, 5179, 4869, 2794, 2360, 4895, 1094, 5372, 2311, 2488, 1066, 2618, 429, 571, 2244, 2290, 1380, 2387, 68, 2439, 1878, 3749, 4145, 3746, 4125, 1315, 2150, 4656, 348, 770, 3019, 2275, 587, 315, 4120, 36, 2855, 3651, 2566, 4293, 640, 1490, 4054, 4959, 1835, 2354, 3522, 4901, 1243, 1571, 3332, 652, 2068, 1808, 5156, 1114, 4716, 2121, 5117, 4747, 4593, 451, 3953, 2782, 2461, 5091, 4920, 4668, 3397, 5247, 1260, 297, 2704, 3504, 3203, 2900, 384, 157, 4868, 3488, 5245, 3173, 1647, 3273, 1192, 3908, 38, 3992, 749, 5294, 3848, 860, 2479, 2459, 867, 3218, 4838, 4482, 20, 1521, 1641, 122, 3118, 2063, 2400, 3519, 1063, 2035, 3442, 2890, 1763, 2119, 5400, 1961, 4854, 2292, 2772, 527, 4917, 4955, 2172, 1186, 4006, 1388, 4382, 4717, 2798, 831, 1206, 189, 5149, 4021, 507, 3599, 3197, 5148, 539, 2171, 2575, 1615, 4032, 2592, 5425, 350, 201, 2074, 3364, 3764, 2122, 3738, 1086, 4460, 400, 63, 1662, 286, 291, 693, 3484, 2629, 4674, 2334, 1913, 4762, 2824, 4767, 4750, 4965, 1785, 2069, 583, 1797, 5051, 4848, 2634, 1507, 4085, 5159, 3279, 3927, 4, 550, 5447, 207, 2799, 551, 5144, 2563, 146, 4989, 4400, 2113, 434, 27, 4129, 3768, 3668, 3459, 3091, 1215, 4091, 1681, 2872, 4014, 4194, 779, 4029, 3756, 4760, 2476, 1749, 4658, 4871, 4348, 2757, 646, 1897, 2195, 316, 716, 4208, 5383, 825, 5370, 3078, 3778, 1702, 3984, 3847, 1150, 4300, 649, 4808, 3775, 4935, 3159, 687, 1223, 946, 4538, 4535, 3077, 5359, 780, 477, 2524, 371, 5142, 3611, 62, 1069, 4193, 883, 4130, 4328, 622, 4974, 1436, 4519, 1762, 4238, 3012, 3554, 4026, 3342, 4182, 5410, 1407, 2736, 913, 4045, 182, 1382, 3625, 1351, 3839, 3583, 2938, 46, 829, 5326, 2230, 612, 5021, 3121, 1127, 3006, 1852, 329, 118, 3794, 4081, 72, 1330, 519, 1195, 2017, 1920, 314, 1129, 3544, 1000, 282, 4041, 2857, 324, 2210, 5283, 2272, 4438, 10, 5341, 4447, 5120, 4167, 1047, 742, 4222, 2916, 3377, 2533, 2707, 2819, 42, 3054, 703, 1519, 1891, 1740, 2997, 347, 5190, 3489, 4284, 833, 4467, 2603, 4198, 4987, 4303, 2483, 435, 4121, 2536, 3048, 2561, 4425, 3177, 2774, 5313, 5078, 1804, 2780, 317, 1372, 1842, 2517, 35, 4283, 3692, 794, 4047, 4496, 4319, 1623, 896, 4416, 3383, 2217, 2330, 2026, 2565, 890, 1423, 3773, 2941, 4926, 2977, 256, 2755, 3724, 1697, 3141, 3189, 2520, 402, 1159, 1593, 508, 1536, 2376, 2842, 691, 3596, 2321, 1576, 5411, 2201, 2532, 4138, 4631, 3815, 4657, 2905, 3472, 4518, 4823, 4810, 2892, 4073, 2806, 3715, 31, 2372, 1782, 2133, 1893, 3932, 4602, 3997, 1607, 1238, 4296, 1350, 4498, 4735, 1489, 4877, 845, 1630, 3469, 4143, 4002, 106, 2773, 2881, 287, 2062, 1757, 4230, 1627, 830, 563, 1196, 2460, 5333, 2472, 1067, 1377, 4844, 3515, 4552, 958, 4347, 1170, 1543, 3120, 2239, 28, 4909, 3026, 515, 3293, 1948, 4948, 76, 970, 840, 4011, 2675, 4050, 37, 108, 4651, 3319, 3660, 5160, 4768, 1911, 5345, 23, 4419, 1815, 447, 581, 4426, 893, 2756, 1864, 4418, 4444, 1411, 3446, 3278, 1618, 4786, 3998, 2055, 2795, 4841, 1599, 1044, 2418, 2206, 1394, 3409, 4428, 5301, 5139, 4504, 3974, 4123, 2414, 3527, 4244, 4985, 3310, 3975, 1318, 952, 4822, 3414, 2223, 1506, 627, 3094, 1236, 4642, 2481, 1629, 4509, 4265, 3829, 4149, 3249, 426, 3817, 2571, 3894, 4662, 744, 4561, 1926, 3576, 2655, 1714, 2072, 1559, 3358, 4741, 2526, 2896, 5132, 613, 4331, 1969, 1727, 1293, 871, 5264, 4669, 1505, 1095]",288,750,1,False,750
126,numeric,numeric,5,True,True,True,"{2: 151, 1: 172, 5: 122, 3: 154, 4: 141, 0: 10}","[4097, 1548, 5419, 4731, 3902, 3380, 4432, 3710, 3542, 3991, 4880, 2494, 2930, 1237, 5356, 235, 4127, 3911, 217, 3274, 932, 1468, 2624, 2837, 3687, 1483, 2116, 3691, 4885, 1822, 1115, 1952, 4887, 876, 2002, 4576, 3443, 5286, 2441, 4713, 121, 2388, 292, 5439, 83, 4206, 4866, 1120, 5436, 1558, 1312, 2596, 3921, 1887, 388, 2130, 1360, 1525, 4673, 4770, 3790, 1675, 2897, 556, 4577, 4946, 2628, 1915, 2862, 5186, 4722, 3211, 2127, 2225, 352, 1392, 1877, 2901, 1025, 4799, 1285, 2739, 5107, 4436, 415, 2864, 15, 2351, 4600, 2046, 3401, 650, 3938, 1545, 226, 4522, 992, 5069, 534, 18, 335, 3566, 3064, 2698, 989, 123, 1932, 4178, 3670, 4847, 1514, 2273, 1786, 574, 2856, 3256, 618, 4694, 5405, 4404, 2676, 3762, 5255, 3755, 2485, 5321, 536, 233, 3760, 1837, 4431, 3948, 5252, 3797, 1538, 13, 1387, 1886, 1994, 2954, 4108, 3432, 3881, 4477, 2919, 4613, 5175, 714, 1719, 4590, 3976, 3180, 2250, 2329, 3919, 5171, 3330, 2506, 3126, 3434, 223, 1272, 1304, 2738, 3311, 1290, 3073, 3199, 5388, 1989, 2828, 1431, 2509, 1643, 3373, 2821, 1188, 2859, 1955, 510, 1486, 595, 2764, 2793, 2298, 708, 1768, 5056, 5179, 4869, 2794, 2360, 4895, 1094, 5372, 2311, 2488, 1066, 2618, 429, 571, 2244, 2290, 1380, 2387, 68, 2439, 1878, 3749, 4145, 3746, 4125, 1315, 2150, 4656, 348, 770, 3019, 2275, 587, 315, 4120, 36, 2855, 3651, 2566, 4293, 640, 1490, 4054, 4959, 1835, 2354, 3522, 4901, 1243, 1571, 3332, 652, 2068, 1808, 5156, 1114, 4716, 2121, 5117, 4747, 4593, 451, 3953, 2782, 2461, 5091, 4920, 4668, 3397, 5247, 1260, 297, 2704, 3504, 3203, 2900, 384, 157, 4868, 3488, 5245, 3173, 1647, 3273, 1192, 3908, 38, 3992, 749, 5294, 3848, 860, 2479, 2459, 867, 3218, 4838, 4482, 20, 1521, 1641, 122, 3118, 2063, 2400, 3519, 1063, 2035, 3442, 2890, 1763, 2119, 5400, 1961, 4854, 2292, 2772, 527, 4917, 4955, 2172, 1186, 4006, 1388, 4382, 4717, 2798, 831, 1206, 189, 5149, 4021, 507, 3599, 3197, 5148, 539, 2171, 2575, 1615, 4032, 2592, 5425, 350, 201, 2074, 3364, 3764, 2122, 3738, 1086, 4460, 400, 63, 1662, 286, 291, 693, 3484, 2629, 4674, 2334, 1913, 4762, 2824, 4767, 4750, 4965, 1785, 2069, 583, 1797, 5051, 4848, 2634, 1507, 4085, 5159, 3279, 3927, 4, 550, 5447, 207, 2799, 551, 5144, 2563, 146, 4989, 4400, 2113, 434, 27, 4129, 3768, 3668, 3459, 3091, 1215, 4091, 1681, 2872, 4014, 4194, 779, 4029, 3756, 4760, 2476, 1749, 4658, 4871, 4348, 2757, 646, 1897, 2195, 316, 716, 4208, 5383, 825, 5370, 3078, 3778, 1702, 3984, 3847, 1150, 4300, 649, 4808, 3775, 4935, 3159, 687, 1223, 946, 4538, 4535, 3077, 5359, 780, 477, 2524, 371, 5142, 3611, 62, 1069, 4193, 883, 4130, 4328, 622, 4974, 1436, 4519, 1762, 4238, 3012, 3554, 4026, 3342, 4182, 5410, 1407, 2736, 913, 4045, 182, 1382, 3625, 1351, 3839, 3583, 2938, 46, 829, 5326, 2230, 612, 5021, 3121, 1127, 3006, 1852, 329, 118, 3794, 4081, 72, 1330, 519, 1195, 2017, 1920, 314, 1129, 3544, 1000, 282, 4041, 2857, 324, 2210, 5283, 2272, 4438, 10, 5341, 4447, 5120, 4167, 1047, 742, 4222, 2916, 3377, 2533, 2707, 2819, 42, 3054, 703, 1519, 1891, 1740, 2997, 347, 5190, 3489, 4284, 833, 4467, 2603, 4198, 4987, 4303, 2483, 435, 4121, 2536, 3048, 2561, 4425, 3177, 2774, 5313, 5078, 1804, 2780, 317, 1372, 1842, 2517, 35, 4283, 3692, 794, 4047, 4496, 4319, 1623, 896, 4416, 3383, 2217, 2330, 2026, 2565, 890, 1423, 3773, 2941, 4926, 2977, 256, 2755, 3724, 1697, 3141, 3189, 2520, 402, 1159, 1593, 508, 1536, 2376, 2842, 691, 3596, 2321, 1576, 5411, 2201, 2532, 4138, 4631, 3815, 4657, 2905, 3472, 4518, 4823, 4810, 2892, 4073, 2806, 3715, 31, 2372, 1782, 2133, 1893, 3932, 4602, 3997, 1607, 1238, 4296, 1350, 4498, 4735, 1489, 4877, 845, 1630, 3469, 4143, 4002, 106, 2773, 2881, 287, 2062, 1757, 4230, 1627, 830, 563, 1196, 2460, 5333, 2472, 1067, 1377, 4844, 3515, 4552, 958, 4347, 1170, 1543, 3120, 2239, 28, 4909, 3026, 515, 3293, 1948, 4948, 76, 970, 840, 4011, 2675, 4050, 37, 108, 4651, 3319, 3660, 5160, 4768, 1911, 5345, 23, 4419, 1815, 447, 581, 4426, 893, 2756, 1864, 4418, 4444, 1411, 3446, 3278, 1618, 4786, 3998, 2055, 2795, 4841, 1599, 1044, 2418, 2206, 1394, 3409, 4428, 5301, 5139, 4504, 3974, 4123, 2414, 3527, 4244, 4985, 3310, 3975, 1318, 952, 4822, 3414, 2223, 1506, 627, 3094, 1236, 4642, 2481, 1629, 4509, 4265, 3829, 4149, 3249, 426, 3817, 2571, 3894, 4662, 744, 4561, 1926, 3576, 2655, 1714, 2072, 1559, 3358, 4741, 2526, 2896, 5132, 613, 4331, 1969, 1727, 1293, 871, 5264, 4669, 1505, 1095]",126,750,1,False,750
230,numeric,numeric,5,True,True,True,"{2: 151, 1: 172, 5: 122, 3: 154, 4: 141, 0: 10}","[4097, 1548, 5419, 4731, 3902, 3380, 4432, 3710, 3542, 3991, 4880, 2494, 2930, 1237, 5356, 235, 4127, 3911, 217, 3274, 932, 1468, 2624, 2837, 3687, 1483, 2116, 3691, 4885, 1822, 1115, 1952, 4887, 876, 2002, 4576, 3443, 5286, 2441, 4713, 121, 2388, 292, 5439, 83, 4206, 4866, 1120, 5436, 1558, 1312, 2596, 3921, 1887, 388, 2130, 1360, 1525, 4673, 4770, 3790, 1675, 2897, 556, 4577, 4946, 2628, 1915, 2862, 5186, 4722, 3211, 2127, 2225, 352, 1392, 1877, 2901, 1025, 4799, 1285, 2739, 5107, 4436, 415, 2864, 15, 2351, 4600, 2046, 3401, 650, 3938, 1545, 226, 4522, 992, 5069, 534, 18, 335, 3566, 3064, 2698, 989, 123, 1932, 4178, 3670, 4847, 1514, 2273, 1786, 574, 2856, 3256, 618, 4694, 5405, 4404, 2676, 3762, 5255, 3755, 2485, 5321, 536, 233, 3760, 1837, 4431, 3948, 5252, 3797, 1538, 13, 1387, 1886, 1994, 2954, 4108, 3432, 3881, 4477, 2919, 4613, 5175, 714, 1719, 4590, 3976, 3180, 2250, 2329, 3919, 5171, 3330, 2506, 3126, 3434, 223, 1272, 1304, 2738, 3311, 1290, 3073, 3199, 5388, 1989, 2828, 1431, 2509, 1643, 3373, 2821, 1188, 2859, 1955, 510, 1486, 595, 2764, 2793, 2298, 708, 1768, 5056, 5179, 4869, 2794, 2360, 4895, 1094, 5372, 2311, 2488, 1066, 2618, 429, 571, 2244, 2290, 1380, 2387, 68, 2439, 1878, 3749, 4145, 3746, 4125, 1315, 2150, 4656, 348, 770, 3019, 2275, 587, 315, 4120, 36, 2855, 3651, 2566, 4293, 640, 1490, 4054, 4959, 1835, 2354, 3522, 4901, 1243, 1571, 3332, 652, 2068, 1808, 5156, 1114, 4716, 2121, 5117, 4747, 4593, 451, 3953, 2782, 2461, 5091, 4920, 4668, 3397, 5247, 1260, 297, 2704, 3504, 3203, 2900, 384, 157, 4868, 3488, 5245, 3173, 1647, 3273, 1192, 3908, 38, 3992, 749, 5294, 3848, 860, 2479, 2459, 867, 3218, 4838, 4482, 20, 1521, 1641, 122, 3118, 2063, 2400, 3519, 1063, 2035, 3442, 2890, 1763, 2119, 5400, 1961, 4854, 2292, 2772, 527, 4917, 4955, 2172, 1186, 4006, 1388, 4382, 4717, 2798, 831, 1206, 189, 5149, 4021, 507, 3599, 3197, 5148, 539, 2171, 2575, 1615, 4032, 2592, 5425, 350, 201, 2074, 3364, 3764, 2122, 3738, 1086, 4460, 400, 63, 1662, 286, 291, 693, 3484, 2629, 4674, 2334, 1913, 4762, 2824, 4767, 4750, 4965, 1785, 2069, 583, 1797, 5051, 4848, 2634, 1507, 4085, 5159, 3279, 3927, 4, 550, 5447, 207, 2799, 551, 5144, 2563, 146, 4989, 4400, 2113, 434, 27, 4129, 3768, 3668, 3459, 3091, 1215, 4091, 1681, 2872, 4014, 4194, 779, 4029, 3756, 4760, 2476, 1749, 4658, 4871, 4348, 2757, 646, 1897, 2195, 316, 716, 4208, 5383, 825, 5370, 3078, 3778, 1702, 3984, 3847, 1150, 4300, 649, 4808, 3775, 4935, 3159, 687, 1223, 946, 4538, 4535, 3077, 5359, 780, 477, 2524, 371, 5142, 3611, 62, 1069, 4193, 883, 4130, 4328, 622, 4974, 1436, 4519, 1762, 4238, 3012, 3554, 4026, 3342, 4182, 5410, 1407, 2736, 913, 4045, 182, 1382, 3625, 1351, 3839, 3583, 2938, 46, 829, 5326, 2230, 612, 5021, 3121, 1127, 3006, 1852, 329, 118, 3794, 4081, 72, 1330, 519, 1195, 2017, 1920, 314, 1129, 3544, 1000, 282, 4041, 2857, 324, 2210, 5283, 2272, 4438, 10, 5341, 4447, 5120, 4167, 1047, 742, 4222, 2916, 3377, 2533, 2707, 2819, 42, 3054, 703, 1519, 1891, 1740, 2997, 347, 5190, 3489, 4284, 833, 4467, 2603, 4198, 4987, 4303, 2483, 435, 4121, 2536, 3048, 2561, 4425, 3177, 2774, 5313, 5078, 1804, 2780, 317, 1372, 1842, 2517, 35, 4283, 3692, 794, 4047, 4496, 4319, 1623, 896, 4416, 3383, 2217, 2330, 2026, 2565, 890, 1423, 3773, 2941, 4926, 2977, 256, 2755, 3724, 1697, 3141, 3189, 2520, 402, 1159, 1593, 508, 1536, 2376, 2842, 691, 3596, 2321, 1576, 5411, 2201, 2532, 4138, 4631, 3815, 4657, 2905, 3472, 4518, 4823, 4810, 2892, 4073, 2806, 3715, 31, 2372, 1782, 2133, 1893, 3932, 4602, 3997, 1607, 1238, 4296, 1350, 4498, 4735, 1489, 4877, 845, 1630, 3469, 4143, 4002, 106, 2773, 2881, 287, 2062, 1757, 4230, 1627, 830, 563, 1196, 2460, 5333, 2472, 1067, 1377, 4844, 3515, 4552, 958, 4347, 1170, 1543, 3120, 2239, 28, 4909, 3026, 515, 3293, 1948, 4948, 76, 970, 840, 4011, 2675, 4050, 37, 108, 4651, 3319, 3660, 5160, 4768, 1911, 5345, 23, 4419, 1815, 447, 581, 4426, 893, 2756, 1864, 4418, 4444, 1411, 3446, 3278, 1618, 4786, 3998, 2055, 2795, 4841, 1599, 1044, 2418, 2206, 1394, 3409, 4428, 5301, 5139, 4504, 3974, 4123, 2414, 3527, 4244, 4985, 3310, 3975, 1318, 952, 4822, 3414, 2223, 1506, 627, 3094, 1236, 4642, 2481, 1629, 4509, 4265, 3829, 4149, 3249, 426, 3817, 2571, 3894, 4662, 744, 4561, 1926, 3576, 2655, 1714, 2072, 1559, 3358, 4741, 2526, 2896, 5132, 613, 4331, 1969, 1727, 1293, 871, 5264, 4669, 1505, 1095]",230,750,1,False,750
243,description,description,2,True,True,True,"{2: 151, 1: 172, 5: 122, 3: 154, 4: 141, 0: 10}","[4097, 1548, 5419, 4731, 3902, 3380, 4432, 3710, 3542, 3991, 4880, 2494, 2930, 1237, 5356, 235, 4127, 3911, 217, 3274, 932, 1468, 2624, 2837, 3687, 1483, 2116, 3691, 4885, 1822, 1115, 1952, 4887, 876, 2002, 4576, 3443, 5286, 2441, 4713, 121, 2388, 292, 5439, 83, 4206, 4866, 1120, 5436, 1558, 1312, 2596, 3921, 1887, 388, 2130, 1360, 1525, 4673, 4770, 3790, 1675, 2897, 556, 4577, 4946, 2628, 1915, 2862, 5186, 4722, 3211, 2127, 2225, 352, 1392, 1877, 2901, 1025, 4799, 1285, 2739, 5107, 4436, 415, 2864, 15, 2351, 4600, 2046, 3401, 650, 3938, 1545, 226, 4522, 992, 5069, 534, 18, 335, 3566, 3064, 2698, 989, 123, 1932, 4178, 3670, 4847, 1514, 2273, 1786, 574, 2856, 3256, 618, 4694, 5405, 4404, 2676, 3762, 5255, 3755, 2485, 5321, 536, 233, 3760, 1837, 4431, 3948, 5252, 3797, 1538, 13, 1387, 1886, 1994, 2954, 4108, 3432, 3881, 4477, 2919, 4613, 5175, 714, 1719, 4590, 3976, 3180, 2250, 2329, 3919, 5171, 3330, 2506, 3126, 3434, 223, 1272, 1304, 2738, 3311, 1290, 3073, 3199, 5388, 1989, 2828, 1431, 2509, 1643, 3373, 2821, 1188, 2859, 1955, 510, 1486, 595, 2764, 2793, 2298, 708, 1768, 5056, 5179, 4869, 2794, 2360, 4895, 1094, 5372, 2311, 2488, 1066, 2618, 429, 571, 2244, 2290, 1380, 2387, 68, 2439, 1878, 3749, 4145, 3746, 4125, 1315, 2150, 4656, 348, 770, 3019, 2275, 587, 315, 4120, 36, 2855, 3651, 2566, 4293, 640, 1490, 4054, 4959, 1835, 2354, 3522, 4901, 1243, 1571, 3332, 652, 2068, 1808, 5156, 1114, 4716, 2121, 5117, 4747, 4593, 451, 3953, 2782, 2461, 5091, 4920, 4668, 3397, 5247, 1260, 297, 2704, 3504, 3203, 2900, 384, 157, 4868, 3488, 5245, 3173, 1647, 3273, 1192, 3908, 38, 3992, 749, 5294, 3848, 860, 2479, 2459, 867, 3218, 4838, 4482, 20, 1521, 1641, 122, 3118, 2063, 2400, 3519, 1063, 2035, 3442, 2890, 1763, 2119, 5400, 1961, 4854, 2292, 2772, 527, 4917, 4955, 2172, 1186, 4006, 1388, 4382, 4717, 2798, 831, 1206, 189, 5149, 4021, 507, 3599, 3197, 5148, 539, 2171, 2575, 1615, 4032, 2592, 5425, 350, 201, 2074, 3364, 3764, 2122, 3738, 1086, 4460, 400, 63, 1662, 286, 291, 693, 3484, 2629, 4674, 2334, 1913, 4762, 2824, 4767, 4750, 4965, 1785, 2069, 583, 1797, 5051, 4848, 2634, 1507, 4085, 5159, 3279, 3927, 4, 550, 5447, 207, 2799, 551, 5144, 2563, 146, 4989, 4400, 2113, 434, 27, 4129, 3768, 3668, 3459, 3091, 1215, 4091, 1681, 2872, 4014, 4194, 779, 4029, 3756, 4760, 2476, 1749, 4658, 4871, 4348, 2757, 646, 1897, 2195, 316, 716, 4208, 5383, 825, 5370, 3078, 3778, 1702, 3984, 3847, 1150, 4300, 649, 4808, 3775, 4935, 3159, 687, 1223, 946, 4538, 4535, 3077, 5359, 780, 477, 2524, 371, 5142, 3611, 62, 1069, 4193, 883, 4130, 4328, 622, 4974, 1436, 4519, 1762, 4238, 3012, 3554, 4026, 3342, 4182, 5410, 1407, 2736, 913, 4045, 182, 1382, 3625, 1351, 3839, 3583, 2938, 46, 829, 5326, 2230, 612, 5021, 3121, 1127, 3006, 1852, 329, 118, 3794, 4081, 72, 1330, 519, 1195, 2017, 1920, 314, 1129, 3544, 1000, 282, 4041, 2857, 324, 2210, 5283, 2272, 4438, 10, 5341, 4447, 5120, 4167, 1047, 742, 4222, 2916, 3377, 2533, 2707, 2819, 42, 3054, 703, 1519, 1891, 1740, 2997, 347, 5190, 3489, 4284, 833, 4467, 2603, 4198, 4987, 4303, 2483, 435, 4121, 2536, 3048, 2561, 4425, 3177, 2774, 5313, 5078, 1804, 2780, 317, 1372, 1842, 2517, 35, 4283, 3692, 794, 4047, 4496, 4319, 1623, 896, 4416, 3383, 2217, 2330, 2026, 2565, 890, 1423, 3773, 2941, 4926, 2977, 256, 2755, 3724, 1697, 3141, 3189, 2520, 402, 1159, 1593, 508, 1536, 2376, 2842, 691, 3596, 2321, 1576, 5411, 2201, 2532, 4138, 4631, 3815, 4657, 2905, 3472, 4518, 4823, 4810, 2892, 4073, 2806, 3715, 31, 2372, 1782, 2133, 1893, 3932, 4602, 3997, 1607, 1238, 4296, 1350, 4498, 4735, 1489, 4877, 845, 1630, 3469, 4143, 4002, 106, 2773, 2881, 287, 2062, 1757, 4230, 1627, 830, 563, 1196, 2460, 5333, 2472, 1067, 1377, 4844, 3515, 4552, 958, 4347, 1170, 1543, 3120, 2239, 28, 4909, 3026, 515, 3293, 1948, 4948, 76, 970, 840, 4011, 2675, 4050, 37, 108, 4651, 3319, 3660, 5160, 4768, 1911, 5345, 23, 4419, 1815, 447, 581, 4426, 893, 2756, 1864, 4418, 4444, 1411, 3446, 3278, 1618, 4786, 3998, 2055, 2795, 4841, 1599, 1044, 2418, 2206, 1394, 3409, 4428, 5301, 5139, 4504, 3974, 4123, 2414, 3527, 4244, 4985, 3310, 3975, 1318, 952, 4822, 3414, 2223, 1506, 627, 3094, 1236, 4642, 2481, 1629, 4509, 4265, 3829, 4149, 3249, 426, 3817, 2571, 3894, 4662, 744, 4561, 1926, 3576, 2655, 1714, 2072, 1559, 3358, 4741, 2526, 2896, 5132, 613, 4331, 1969, 1727, 1293, 871, 5264, 4669, 1505, 1095]",243,750,1,False,750
181,description,description,2,True,True,True,"{2: 151, 1: 172, 5: 122, 3: 154, 4: 141, 0: 10}","[4097, 1548, 5419, 4731, 3902, 3380, 4432, 3710, 3542, 3991, 4880, 2494, 2930, 1237, 5356, 235, 4127, 3911, 217, 3274, 932, 1468, 2624, 2837, 3687, 1483, 2116, 3691, 4885, 1822, 1115, 1952, 4887, 876, 2002, 4576, 3443, 5286, 2441, 4713, 121, 2388, 292, 5439, 83, 4206, 4866, 1120, 5436, 1558, 1312, 2596, 3921, 1887, 388, 2130, 1360, 1525, 4673, 4770, 3790, 1675, 2897, 556, 4577, 4946, 2628, 1915, 2862, 5186, 4722, 3211, 2127, 2225, 352, 1392, 1877, 2901, 1025, 4799, 1285, 2739, 5107, 4436, 415, 2864, 15, 2351, 4600, 2046, 3401, 650, 3938, 1545, 226, 4522, 992, 5069, 534, 18, 335, 3566, 3064, 2698, 989, 123, 1932, 4178, 3670, 4847, 1514, 2273, 1786, 574, 2856, 3256, 618, 4694, 5405, 4404, 2676, 3762, 5255, 3755, 2485, 5321, 536, 233, 3760, 1837, 4431, 3948, 5252, 3797, 1538, 13, 1387, 1886, 1994, 2954, 4108, 3432, 3881, 4477, 2919, 4613, 5175, 714, 1719, 4590, 3976, 3180, 2250, 2329, 3919, 5171, 3330, 2506, 3126, 3434, 223, 1272, 1304, 2738, 3311, 1290, 3073, 3199, 5388, 1989, 2828, 1431, 2509, 1643, 3373, 2821, 1188, 2859, 1955, 510, 1486, 595, 2764, 2793, 2298, 708, 1768, 5056, 5179, 4869, 2794, 2360, 4895, 1094, 5372, 2311, 2488, 1066, 2618, 429, 571, 2244, 2290, 1380, 2387, 68, 2439, 1878, 3749, 4145, 3746, 4125, 1315, 2150, 4656, 348, 770, 3019, 2275, 587, 315, 4120, 36, 2855, 3651, 2566, 4293, 640, 1490, 4054, 4959, 1835, 2354, 3522, 4901, 1243, 1571, 3332, 652, 2068, 1808, 5156, 1114, 4716, 2121, 5117, 4747, 4593, 451, 3953, 2782, 2461, 5091, 4920, 4668, 3397, 5247, 1260, 297, 2704, 3504, 3203, 2900, 384, 157, 4868, 3488, 5245, 3173, 1647, 3273, 1192, 3908, 38, 3992, 749, 5294, 3848, 860, 2479, 2459, 867, 3218, 4838, 4482, 20, 1521, 1641, 122, 3118, 2063, 2400, 3519, 1063, 2035, 3442, 2890, 1763, 2119, 5400, 1961, 4854, 2292, 2772, 527, 4917, 4955, 2172, 1186, 4006, 1388, 4382, 4717, 2798, 831, 1206, 189, 5149, 4021, 507, 3599, 3197, 5148, 539, 2171, 2575, 1615, 4032, 2592, 5425, 350, 201, 2074, 3364, 3764, 2122, 3738, 1086, 4460, 400, 63, 1662, 286, 291, 693, 3484, 2629, 4674, 2334, 1913, 4762, 2824, 4767, 4750, 4965, 1785, 2069, 583, 1797, 5051, 4848, 2634, 1507, 4085, 5159, 3279, 3927, 4, 550, 5447, 207, 2799, 551, 5144, 2563, 146, 4989, 4400, 2113, 434, 27, 4129, 3768, 3668, 3459, 3091, 1215, 4091, 1681, 2872, 4014, 4194, 779, 4029, 3756, 4760, 2476, 1749, 4658, 4871, 4348, 2757, 646, 1897, 2195, 316, 716, 4208, 5383, 825, 5370, 3078, 3778, 1702, 3984, 3847, 1150, 4300, 649, 4808, 3775, 4935, 3159, 687, 1223, 946, 4538, 4535, 3077, 5359, 780, 477, 2524, 371, 5142, 3611, 62, 1069, 4193, 883, 4130, 4328, 622, 4974, 1436, 4519, 1762, 4238, 3012, 3554, 4026, 3342, 4182, 5410, 1407, 2736, 913, 4045, 182, 1382, 3625, 1351, 3839, 3583, 2938, 46, 829, 5326, 2230, 612, 5021, 3121, 1127, 3006, 1852, 329, 118, 3794, 4081, 72, 1330, 519, 1195, 2017, 1920, 314, 1129, 3544, 1000, 282, 4041, 2857, 324, 2210, 5283, 2272, 4438, 10, 5341, 4447, 5120, 4167, 1047, 742, 4222, 2916, 3377, 2533, 2707, 2819, 42, 3054, 703, 1519, 1891, 1740, 2997, 347, 5190, 3489, 4284, 833, 4467, 2603, 4198, 4987, 4303, 2483, 435, 4121, 2536, 3048, 2561, 4425, 3177, 2774, 5313, 5078, 1804, 2780, 317, 1372, 1842, 2517, 35, 4283, 3692, 794, 4047, 4496, 4319, 1623, 896, 4416, 3383, 2217, 2330, 2026, 2565, 890, 1423, 3773, 2941, 4926, 2977, 256, 2755, 3724, 1697, 3141, 3189, 2520, 402, 1159, 1593, 508, 1536, 2376, 2842, 691, 3596, 2321, 1576, 5411, 2201, 2532, 4138, 4631, 3815, 4657, 2905, 3472, 4518, 4823, 4810, 2892, 4073, 2806, 3715, 31, 2372, 1782, 2133, 1893, 3932, 4602, 3997, 1607, 1238, 4296, 1350, 4498, 4735, 1489, 4877, 845, 1630, 3469, 4143, 4002, 106, 2773, 2881, 287, 2062, 1757, 4230, 1627, 830, 563, 1196, 2460, 5333, 2472, 1067, 1377, 4844, 3515, 4552, 958, 4347, 1170, 1543, 3120, 2239, 28, 4909, 3026, 515, 3293, 1948, 4948, 76, 970, 840, 4011, 2675, 4050, 37, 108, 4651, 3319, 3660, 5160, 4768, 1911, 5345, 23, 4419, 1815, 447, 581, 4426, 893, 2756, 1864, 4418, 4444, 1411, 3446, 3278, 1618, 4786, 3998, 2055, 2795, 4841, 1599, 1044, 2418, 2206, 1394, 3409, 4428, 5301, 5139, 4504, 3974, 4123, 2414, 3527, 4244, 4985, 3310, 3975, 1318, 952, 4822, 3414, 2223, 1506, 627, 3094, 1236, 4642, 2481, 1629, 4509, 4265, 3829, 4149, 3249, 426, 3817, 2571, 3894, 4662, 744, 4561, 1926, 3576, 2655, 1714, 2072, 1559, 3358, 4741, 2526, 2896, 5132, 613, 4331, 1969, 1727, 1293, 871, 5264, 4669, 1505, 1095]",181,750,1,False,750
182,location,location,4,True,True,True,"{2: 151, 1: 172, 5: 122, 3: 154, 4: 141, 0: 10}","[4097, 1548, 5419, 4731, 3902, 3380, 4432, 3710, 3542, 3991, 4880, 2494, 2930, 1237, 5356, 235, 4127, 3911, 217, 3274, 932, 1468, 2624, 2837, 3687, 1483, 2116, 3691, 4885, 1822, 1115, 1952, 4887, 876, 2002, 4576, 3443, 5286, 2441, 4713, 121, 2388, 292, 5439, 83, 4206, 4866, 1120, 5436, 1558, 1312, 2596, 3921, 1887, 388, 2130, 1360, 1525, 4673, 4770, 3790, 1675, 2897, 556, 4577, 4946, 2628, 1915, 2862, 5186, 4722, 3211, 2127, 2225, 352, 1392, 1877, 2901, 1025, 4799, 1285, 2739, 5107, 4436, 415, 2864, 15, 2351, 4600, 2046, 3401, 650, 3938, 1545, 226, 4522, 992, 5069, 534, 18, 335, 3566, 3064, 2698, 989, 123, 1932, 4178, 3670, 4847, 1514, 2273, 1786, 574, 2856, 3256, 618, 4694, 5405, 4404, 2676, 3762, 5255, 3755, 2485, 5321, 536, 233, 3760, 1837, 4431, 3948, 5252, 3797, 1538, 13, 1387, 1886, 1994, 2954, 4108, 3432, 3881, 4477, 2919, 4613, 5175, 714, 1719, 4590, 3976, 3180, 2250, 2329, 3919, 5171, 3330, 2506, 3126, 3434, 223, 1272, 1304, 2738, 3311, 1290, 3073, 3199, 5388, 1989, 2828, 1431, 2509, 1643, 3373, 2821, 1188, 2859, 1955, 510, 1486, 595, 2764, 2793, 2298, 708, 1768, 5056, 5179, 4869, 2794, 2360, 4895, 1094, 5372, 2311, 2488, 1066, 2618, 429, 571, 2244, 2290, 1380, 2387, 68, 2439, 1878, 3749, 4145, 3746, 4125, 1315, 2150, 4656, 348, 770, 3019, 2275, 587, 315, 4120, 36, 2855, 3651, 2566, 4293, 640, 1490, 4054, 4959, 1835, 2354, 3522, 4901, 1243, 1571, 3332, 652, 2068, 1808, 5156, 1114, 4716, 2121, 5117, 4747, 4593, 451, 3953, 2782, 2461, 5091, 4920, 4668, 3397, 5247, 1260, 297, 2704, 3504, 3203, 2900, 384, 157, 4868, 3488, 5245, 3173, 1647, 3273, 1192, 3908, 38, 3992, 749, 5294, 3848, 860, 2479, 2459, 867, 3218, 4838, 4482, 20, 1521, 1641, 122, 3118, 2063, 2400, 3519, 1063, 2035, 3442, 2890, 1763, 2119, 5400, 1961, 4854, 2292, 2772, 527, 4917, 4955, 2172, 1186, 4006, 1388, 4382, 4717, 2798, 831, 1206, 189, 5149, 4021, 507, 3599, 3197, 5148, 539, 2171, 2575, 1615, 4032, 2592, 5425, 350, 201, 2074, 3364, 3764, 2122, 3738, 1086, 4460, 400, 63, 1662, 286, 291, 693, 3484, 2629, 4674, 2334, 1913, 4762, 2824, 4767, 4750, 4965, 1785, 2069, 583, 1797, 5051, 4848, 2634, 1507, 4085, 5159, 3279, 3927, 4, 550, 5447, 207, 2799, 551, 5144, 2563, 146, 4989, 4400, 2113, 434, 27, 4129, 3768, 3668, 3459, 3091, 1215, 4091, 1681, 2872, 4014, 4194, 779, 4029, 3756, 4760, 2476, 1749, 4658, 4871, 4348, 2757, 646, 1897, 2195, 316, 716, 4208, 5383, 825, 5370, 3078, 3778, 1702, 3984, 3847, 1150, 4300, 649, 4808, 3775, 4935, 3159, 687, 1223, 946, 4538, 4535, 3077, 5359, 780, 477, 2524, 371, 5142, 3611, 62, 1069, 4193, 883, 4130, 4328, 622, 4974, 1436, 4519, 1762, 4238, 3012, 3554, 4026, 3342, 4182, 5410, 1407, 2736, 913, 4045, 182, 1382, 3625, 1351, 3839, 3583, 2938, 46, 829, 5326, 2230, 612, 5021, 3121, 1127, 3006, 1852, 329, 118, 3794, 4081, 72, 1330, 519, 1195, 2017, 1920, 314, 1129, 3544, 1000, 282, 4041, 2857, 324, 2210, 5283, 2272, 4438, 10, 5341, 4447, 5120, 4167, 1047, 742, 4222, 2916, 3377, 2533, 2707, 2819, 42, 3054, 703, 1519, 1891, 1740, 2997, 347, 5190, 3489, 4284, 833, 4467, 2603, 4198, 4987, 4303, 2483, 435, 4121, 2536, 3048, 2561, 4425, 3177, 2774, 5313, 5078, 1804, 2780, 317, 1372, 1842, 2517, 35, 4283, 3692, 794, 4047, 4496, 4319, 1623, 896, 4416, 3383, 2217, 2330, 2026, 2565, 890, 1423, 3773, 2941, 4926, 2977, 256, 2755, 3724, 1697, 3141, 3189, 2520, 402, 1159, 1593, 508, 1536, 2376, 2842, 691, 3596, 2321, 1576, 5411, 2201, 2532, 4138, 4631, 3815, 4657, 2905, 3472, 4518, 4823, 4810, 2892, 4073, 2806, 3715, 31, 2372, 1782, 2133, 1893, 3932, 4602, 3997, 1607, 1238, 4296, 1350, 4498, 4735, 1489, 4877, 845, 1630, 3469, 4143, 4002, 106, 2773, 2881, 287, 2062, 1757, 4230, 1627, 830, 563, 1196, 2460, 5333, 2472, 1067, 1377, 4844, 3515, 4552, 958, 4347, 1170, 1543, 3120, 2239, 28, 4909, 3026, 515, 3293, 1948, 4948, 76, 970, 840, 4011, 2675, 4050, 37, 108, 4651, 3319, 3660, 5160, 4768, 1911, 5345, 23, 4419, 1815, 447, 581, 4426, 893, 2756, 1864, 4418, 4444, 1411, 3446, 3278, 1618, 4786, 3998, 2055, 2795, 4841, 1599, 1044, 2418, 2206, 1394, 3409, 4428, 5301, 5139, 4504, 3974, 4123, 2414, 3527, 4244, 4985, 3310, 3975, 1318, 952, 4822, 3414, 2223, 1506, 627, 3094, 1236, 4642, 2481, 1629, 4509, 4265, 3829, 4149, 3249, 426, 3817, 2571, 3894, 4662, 744, 4561, 1926, 3576, 2655, 1714, 2072, 1559, 3358, 4741, 2526, 2896, 5132, 613, 4331, 1969, 1727, 1293, 871, 5264, 4669, 1505, 1095]",182,750,1,False,750
18,description,description,2,True,True,True,"{2: 151, 1: 172, 5: 122, 3: 154, 4: 141, 0: 10}","[4097, 1548, 5419, 4731, 3902, 3380, 4432, 3710, 3542, 3991, 4880, 2494, 2930, 1237, 5356, 235, 4127, 3911, 217, 3274, 932, 1468, 2624, 2837, 3687, 1483, 2116, 3691, 4885, 1822, 1115, 1952, 4887, 876, 2002, 4576, 3443, 5286, 2441, 4713, 121, 2388, 292, 5439, 83, 4206, 4866, 1120, 5436, 1558, 1312, 2596, 3921, 1887, 388, 2130, 1360, 1525, 4673, 4770, 3790, 1675, 2897, 556, 4577, 4946, 2628, 1915, 2862, 5186, 4722, 3211, 2127, 2225, 352, 1392, 1877, 2901, 1025, 4799, 1285, 2739, 5107, 4436, 415, 2864, 15, 2351, 4600, 2046, 3401, 650, 3938, 1545, 226, 4522, 992, 5069, 534, 18, 335, 3566, 3064, 2698, 989, 123, 1932, 4178, 3670, 4847, 1514, 2273, 1786, 574, 2856, 3256, 618, 4694, 5405, 4404, 2676, 3762, 5255, 3755, 2485, 5321, 536, 233, 3760, 1837, 4431, 3948, 5252, 3797, 1538, 13, 1387, 1886, 1994, 2954, 4108, 3432, 3881, 4477, 2919, 4613, 5175, 714, 1719, 4590, 3976, 3180, 2250, 2329, 3919, 5171, 3330, 2506, 3126, 3434, 223, 1272, 1304, 2738, 3311, 1290, 3073, 3199, 5388, 1989, 2828, 1431, 2509, 1643, 3373, 2821, 1188, 2859, 1955, 510, 1486, 595, 2764, 2793, 2298, 708, 1768, 5056, 5179, 4869, 2794, 2360, 4895, 1094, 5372, 2311, 2488, 1066, 2618, 429, 571, 2244, 2290, 1380, 2387, 68, 2439, 1878, 3749, 4145, 3746, 4125, 1315, 2150, 4656, 348, 770, 3019, 2275, 587, 315, 4120, 36, 2855, 3651, 2566, 4293, 640, 1490, 4054, 4959, 1835, 2354, 3522, 4901, 1243, 1571, 3332, 652, 2068, 1808, 5156, 1114, 4716, 2121, 5117, 4747, 4593, 451, 3953, 2782, 2461, 5091, 4920, 4668, 3397, 5247, 1260, 297, 2704, 3504, 3203, 2900, 384, 157, 4868, 3488, 5245, 3173, 1647, 3273, 1192, 3908, 38, 3992, 749, 5294, 3848, 860, 2479, 2459, 867, 3218, 4838, 4482, 20, 1521, 1641, 122, 3118, 2063, 2400, 3519, 1063, 2035, 3442, 2890, 1763, 2119, 5400, 1961, 4854, 2292, 2772, 527, 4917, 4955, 2172, 1186, 4006, 1388, 4382, 4717, 2798, 831, 1206, 189, 5149, 4021, 507, 3599, 3197, 5148, 539, 2171, 2575, 1615, 4032, 2592, 5425, 350, 201, 2074, 3364, 3764, 2122, 3738, 1086, 4460, 400, 63, 1662, 286, 291, 693, 3484, 2629, 4674, 2334, 1913, 4762, 2824, 4767, 4750, 4965, 1785, 2069, 583, 1797, 5051, 4848, 2634, 1507, 4085, 5159, 3279, 3927, 4, 550, 5447, 207, 2799, 551, 5144, 2563, 146, 4989, 4400, 2113, 434, 27, 4129, 3768, 3668, 3459, 3091, 1215, 4091, 1681, 2872, 4014, 4194, 779, 4029, 3756, 4760, 2476, 1749, 4658, 4871, 4348, 2757, 646, 1897, 2195, 316, 716, 4208, 5383, 825, 5370, 3078, 3778, 1702, 3984, 3847, 1150, 4300, 649, 4808, 3775, 4935, 3159, 687, 1223, 946, 4538, 4535, 3077, 5359, 780, 477, 2524, 371, 5142, 3611, 62, 1069, 4193, 883, 4130, 4328, 622, 4974, 1436, 4519, 1762, 4238, 3012, 3554, 4026, 3342, 4182, 5410, 1407, 2736, 913, 4045, 182, 1382, 3625, 1351, 3839, 3583, 2938, 46, 829, 5326, 2230, 612, 5021, 3121, 1127, 3006, 1852, 329, 118, 3794, 4081, 72, 1330, 519, 1195, 2017, 1920, 314, 1129, 3544, 1000, 282, 4041, 2857, 324, 2210, 5283, 2272, 4438, 10, 5341, 4447, 5120, 4167, 1047, 742, 4222, 2916, 3377, 2533, 2707, 2819, 42, 3054, 703, 1519, 1891, 1740, 2997, 347, 5190, 3489, 4284, 833, 4467, 2603, 4198, 4987, 4303, 2483, 435, 4121, 2536, 3048, 2561, 4425, 3177, 2774, 5313, 5078, 1804, 2780, 317, 1372, 1842, 2517, 35, 4283, 3692, 794, 4047, 4496, 4319, 1623, 896, 4416, 3383, 2217, 2330, 2026, 2565, 890, 1423, 3773, 2941, 4926, 2977, 256, 2755, 3724, 1697, 3141, 3189, 2520, 402, 1159, 1593, 508, 1536, 2376, 2842, 691, 3596, 2321, 1576, 5411, 2201, 2532, 4138, 4631, 3815, 4657, 2905, 3472, 4518, 4823, 4810, 2892, 4073, 2806, 3715, 31, 2372, 1782, 2133, 1893, 3932, 4602, 3997, 1607, 1238, 4296, 1350, 4498, 4735, 1489, 4877, 845, 1630, 3469, 4143, 4002, 106, 2773, 2881, 287, 2062, 1757, 4230, 1627, 830, 563, 1196, 2460, 5333, 2472, 1067, 1377, 4844, 3515, 4552, 958, 4347, 1170, 1543, 3120, 2239, 28, 4909, 3026, 515, 3293, 1948, 4948, 76, 970, 840, 4011, 2675, 4050, 37, 108, 4651, 3319, 3660, 5160, 4768, 1911, 5345, 23, 4419, 1815, 447, 581, 4426, 893, 2756, 1864, 4418, 4444, 1411, 3446, 3278, 1618, 4786, 3998, 2055, 2795, 4841, 1599, 1044, 2418, 2206, 1394, 3409, 4428, 5301, 5139, 4504, 3974, 4123, 2414, 3527, 4244, 4985, 3310, 3975, 1318, 952, 4822, 3414, 2223, 1506, 627, 3094, 1236, 4642, 2481, 1629, 4509, 4265, 3829, 4149, 3249, 426, 3817, 2571, 3894, 4662, 744, 4561, 1926, 3576, 2655, 1714, 2072, 1559, 3358, 4741, 2526, 2896, 5132, 613, 4331, 1969, 1727, 1293, 871, 5264, 4669, 1505, 1095]",18,750,1,False,750
354,numeric,description,2,True,False,True,"{2: 151, 1: 172, 5: 122, 3: 154, 4: 141, 0: 10}","[4097, 1548, 5419, 4731, 3902, 3380, 4432, 3710, 3542, 3991, 4880, 2494, 2930, 1237, 5356, 235, 4127, 3911, 217, 3274, 932, 1468, 2624, 2837, 3687, 1483, 2116, 3691, 4885, 1822, 1115, 1952, 4887, 876, 2002, 4576, 3443, 5286, 2441, 4713, 121, 2388, 292, 5439, 83, 4206, 4866, 1120, 5436, 1558, 1312, 2596, 3921, 1887, 388, 2130, 1360, 1525, 4673, 4770, 3790, 1675, 2897, 556, 4577, 4946, 2628, 1915, 2862, 5186, 4722, 3211, 2127, 2225, 352, 1392, 1877, 2901, 1025, 4799, 1285, 2739, 5107, 4436, 415, 2864, 15, 2351, 4600, 2046, 3401, 650, 3938, 1545, 226, 4522, 992, 5069, 534, 18, 335, 3566, 3064, 2698, 989, 123, 1932, 4178, 3670, 4847, 1514, 2273, 1786, 574, 2856, 3256, 618, 4694, 5405, 4404, 2676, 3762, 5255, 3755, 2485, 5321, 536, 233, 3760, 1837, 4431, 3948, 5252, 3797, 1538, 13, 1387, 1886, 1994, 2954, 4108, 3432, 3881, 4477, 2919, 4613, 5175, 714, 1719, 4590, 3976, 3180, 2250, 2329, 3919, 5171, 3330, 2506, 3126, 3434, 223, 1272, 1304, 2738, 3311, 1290, 3073, 3199, 5388, 1989, 2828, 1431, 2509, 1643, 3373, 2821, 1188, 2859, 1955, 510, 1486, 595, 2764, 2793, 2298, 708, 1768, 5056, 5179, 4869, 2794, 2360, 4895, 1094, 5372, 2311, 2488, 1066, 2618, 429, 571, 2244, 2290, 1380, 2387, 68, 2439, 1878, 3749, 4145, 3746, 4125, 1315, 2150, 4656, 348, 770, 3019, 2275, 587, 315, 4120, 36, 2855, 3651, 2566, 4293, 640, 1490, 4054, 4959, 1835, 2354, 3522, 4901, 1243, 1571, 3332, 652, 2068, 1808, 5156, 1114, 4716, 2121, 5117, 4747, 4593, 451, 3953, 2782, 2461, 5091, 4920, 4668, 3397, 5247, 1260, 297, 2704, 3504, 3203, 2900, 384, 157, 4868, 3488, 5245, 3173, 1647, 3273, 1192, 3908, 38, 3992, 749, 5294, 3848, 860, 2479, 2459, 867, 3218, 4838, 4482, 20, 1521, 1641, 122, 3118, 2063, 2400, 3519, 1063, 2035, 3442, 2890, 1763, 2119, 5400, 1961, 4854, 2292, 2772, 527, 4917, 4955, 2172, 1186, 4006, 1388, 4382, 4717, 2798, 831, 1206, 189, 5149, 4021, 507, 3599, 3197, 5148, 539, 2171, 2575, 1615, 4032, 2592, 5425, 350, 201, 2074, 3364, 3764, 2122, 3738, 1086, 4460, 400, 63, 1662, 286, 291, 693, 3484, 2629, 4674, 2334, 1913, 4762, 2824, 4767, 4750, 4965, 1785, 2069, 583, 1797, 5051, 4848, 2634, 1507, 4085, 5159, 3279, 3927, 4, 550, 5447, 207, 2799, 551, 5144, 2563, 146, 4989, 4400, 2113, 434, 27, 4129, 3768, 3668, 3459, 3091, 1215, 4091, 1681, 2872, 4014, 4194, 779, 4029, 3756, 4760, 2476, 1749, 4658, 4871, 4348, 2757, 646, 1897, 2195, 316, 716, 4208, 5383, 825, 5370, 3078, 3778, 1702, 3984, 3847, 1150, 4300, 649, 4808, 3775, 4935, 3159, 687, 1223, 946, 4538, 4535, 3077, 5359, 780, 477, 2524, 371, 5142, 3611, 62, 1069, 4193, 883, 4130, 4328, 622, 4974, 1436, 4519, 1762, 4238, 3012, 3554, 4026, 3342, 4182, 5410, 1407, 2736, 913, 4045, 182, 1382, 3625, 1351, 3839, 3583, 2938, 46, 829, 5326, 2230, 612, 5021, 3121, 1127, 3006, 1852, 329, 118, 3794, 4081, 72, 1330, 519, 1195, 2017, 1920, 314, 1129, 3544, 1000, 282, 4041, 2857, 324, 2210, 5283, 2272, 4438, 10, 5341, 4447, 5120, 4167, 1047, 742, 4222, 2916, 3377, 2533, 2707, 2819, 42, 3054, 703, 1519, 1891, 1740, 2997, 347, 5190, 3489, 4284, 833, 4467, 2603, 4198, 4987, 4303, 2483, 435, 4121, 2536, 3048, 2561, 4425, 3177, 2774, 5313, 5078, 1804, 2780, 317, 1372, 1842, 2517, 35, 4283, 3692, 794, 4047, 4496, 4319, 1623, 896, 4416, 3383, 2217, 2330, 2026, 2565, 890, 1423, 3773, 2941, 4926, 2977, 256, 2755, 3724, 1697, 3141, 3189, 2520, 402, 1159, 1593, 508, 1536, 2376, 2842, 691, 3596, 2321, 1576, 5411, 2201, 2532, 4138, 4631, 3815, 4657, 2905, 3472, 4518, 4823, 4810, 2892, 4073, 2806, 3715, 31, 2372, 1782, 2133, 1893, 3932, 4602, 3997, 1607, 1238, 4296, 1350, 4498, 4735, 1489, 4877, 845, 1630, 3469, 4143, 4002, 106, 2773, 2881, 287, 2062, 1757, 4230, 1627, 830, 563, 1196, 2460, 5333, 2472, 1067, 1377, 4844, 3515, 4552, 958, 4347, 1170, 1543, 3120, 2239, 28, 4909, 3026, 515, 3293, 1948, 4948, 76, 970, 840, 4011, 2675, 4050, 37, 108, 4651, 3319, 3660, 5160, 4768, 1911, 5345, 23, 4419, 1815, 447, 581, 4426, 893, 2756, 1864, 4418, 4444, 1411, 3446, 3278, 1618, 4786, 3998, 2055, 2795, 4841, 1599, 1044, 2418, 2206, 1394, 3409, 4428, 5301, 5139, 4504, 3974, 4123, 2414, 3527, 4244, 4985, 3310, 3975, 1318, 952, 4822, 3414, 2223, 1506, 627, 3094, 1236, 4642, 2481, 1629, 4509, 4265, 3829, 4149, 3249, 426, 3817, 2571, 3894, 4662, 744, 4561, 1926, 3576, 2655, 1714, 2072, 1559, 3358, 4741, 2526, 2896, 5132, 613, 4331, 1969, 1727, 1293, 871, 5264, 4669, 1505, 1095]",354,750,1,False,750
466,human,description,2,True,False,True,"{2: 151, 1: 172, 5: 122, 3: 154, 4: 141, 0: 10}","[4097, 1548, 5419, 4731, 3902, 3380, 4432, 3710, 3542, 3991, 4880, 2494, 2930, 1237, 5356, 235, 4127, 3911, 217, 3274, 932, 1468, 2624, 2837, 3687, 1483, 2116, 3691, 4885, 1822, 1115, 1952, 4887, 876, 2002, 4576, 3443, 5286, 2441, 4713, 121, 2388, 292, 5439, 83, 4206, 4866, 1120, 5436, 1558, 1312, 2596, 3921, 1887, 388, 2130, 1360, 1525, 4673, 4770, 3790, 1675, 2897, 556, 4577, 4946, 2628, 1915, 2862, 5186, 4722, 3211, 2127, 2225, 352, 1392, 1877, 2901, 1025, 4799, 1285, 2739, 5107, 4436, 415, 2864, 15, 2351, 4600, 2046, 3401, 650, 3938, 1545, 226, 4522, 992, 5069, 534, 18, 335, 3566, 3064, 2698, 989, 123, 1932, 4178, 3670, 4847, 1514, 2273, 1786, 574, 2856, 3256, 618, 4694, 5405, 4404, 2676, 3762, 5255, 3755, 2485, 5321, 536, 233, 3760, 1837, 4431, 3948, 5252, 3797, 1538, 13, 1387, 1886, 1994, 2954, 4108, 3432, 3881, 4477, 2919, 4613, 5175, 714, 1719, 4590, 3976, 3180, 2250, 2329, 3919, 5171, 3330, 2506, 3126, 3434, 223, 1272, 1304, 2738, 3311, 1290, 3073, 3199, 5388, 1989, 2828, 1431, 2509, 1643, 3373, 2821, 1188, 2859, 1955, 510, 1486, 595, 2764, 2793, 2298, 708, 1768, 5056, 5179, 4869, 2794, 2360, 4895, 1094, 5372, 2311, 2488, 1066, 2618, 429, 571, 2244, 2290, 1380, 2387, 68, 2439, 1878, 3749, 4145, 3746, 4125, 1315, 2150, 4656, 348, 770, 3019, 2275, 587, 315, 4120, 36, 2855, 3651, 2566, 4293, 640, 1490, 4054, 4959, 1835, 2354, 3522, 4901, 1243, 1571, 3332, 652, 2068, 1808, 5156, 1114, 4716, 2121, 5117, 4747, 4593, 451, 3953, 2782, 2461, 5091, 4920, 4668, 3397, 5247, 1260, 297, 2704, 3504, 3203, 2900, 384, 157, 4868, 3488, 5245, 3173, 1647, 3273, 1192, 3908, 38, 3992, 749, 5294, 3848, 860, 2479, 2459, 867, 3218, 4838, 4482, 20, 1521, 1641, 122, 3118, 2063, 2400, 3519, 1063, 2035, 3442, 2890, 1763, 2119, 5400, 1961, 4854, 2292, 2772, 527, 4917, 4955, 2172, 1186, 4006, 1388, 4382, 4717, 2798, 831, 1206, 189, 5149, 4021, 507, 3599, 3197, 5148, 539, 2171, 2575, 1615, 4032, 2592, 5425, 350, 201, 2074, 3364, 3764, 2122, 3738, 1086, 4460, 400, 63, 1662, 286, 291, 693, 3484, 2629, 4674, 2334, 1913, 4762, 2824, 4767, 4750, 4965, 1785, 2069, 583, 1797, 5051, 4848, 2634, 1507, 4085, 5159, 3279, 3927, 4, 550, 5447, 207, 2799, 551, 5144, 2563, 146, 4989, 4400, 2113, 434, 27, 4129, 3768, 3668, 3459, 3091, 1215, 4091, 1681, 2872, 4014, 4194, 779, 4029, 3756, 4760, 2476, 1749, 4658, 4871, 4348, 2757, 646, 1897, 2195, 316, 716, 4208, 5383, 825, 5370, 3078, 3778, 1702, 3984, 3847, 1150, 4300, 649, 4808, 3775, 4935, 3159, 687, 1223, 946, 4538, 4535, 3077, 5359, 780, 477, 2524, 371, 5142, 3611, 62, 1069, 4193, 883, 4130, 4328, 622, 4974, 1436, 4519, 1762, 4238, 3012, 3554, 4026, 3342, 4182, 5410, 1407, 2736, 913, 4045, 182, 1382, 3625, 1351, 3839, 3583, 2938, 46, 829, 5326, 2230, 612, 5021, 3121, 1127, 3006, 1852, 329, 118, 3794, 4081, 72, 1330, 519, 1195, 2017, 1920, 314, 1129, 3544, 1000, 282, 4041, 2857, 324, 2210, 5283, 2272, 4438, 10, 5341, 4447, 5120, 4167, 1047, 742, 4222, 2916, 3377, 2533, 2707, 2819, 42, 3054, 703, 1519, 1891, 1740, 2997, 347, 5190, 3489, 4284, 833, 4467, 2603, 4198, 4987, 4303, 2483, 435, 4121, 2536, 3048, 2561, 4425, 3177, 2774, 5313, 5078, 1804, 2780, 317, 1372, 1842, 2517, 35, 4283, 3692, 794, 4047, 4496, 4319, 1623, 896, 4416, 3383, 2217, 2330, 2026, 2565, 890, 1423, 3773, 2941, 4926, 2977, 256, 2755, 3724, 1697, 3141, 3189, 2520, 402, 1159, 1593, 508, 1536, 2376, 2842, 691, 3596, 2321, 1576, 5411, 2201, 2532, 4138, 4631, 3815, 4657, 2905, 3472, 4518, 4823, 4810, 2892, 4073, 2806, 3715, 31, 2372, 1782, 2133, 1893, 3932, 4602, 3997, 1607, 1238, 4296, 1350, 4498, 4735, 1489, 4877, 845, 1630, 3469, 4143, 4002, 106, 2773, 2881, 287, 2062, 1757, 4230, 1627, 830, 563, 1196, 2460, 5333, 2472, 1067, 1377, 4844, 3515, 4552, 958, 4347, 1170, 1543, 3120, 2239, 28, 4909, 3026, 515, 3293, 1948, 4948, 76, 970, 840, 4011, 2675, 4050, 37, 108, 4651, 3319, 3660, 5160, 4768, 1911, 5345, 23, 4419, 1815, 447, 581, 4426, 893, 2756, 1864, 4418, 4444, 1411, 3446, 3278, 1618, 4786, 3998, 2055, 2795, 4841, 1599, 1044, 2418, 2206, 1394, 3409, 4428, 5301, 5139, 4504, 3974, 4123, 2414, 3527, 4244, 4985, 3310, 3975, 1318, 952, 4822, 3414, 2223, 1506, 627, 3094, 1236, 4642, 2481, 1629, 4509, 4265, 3829, 4149, 3249, 426, 3817, 2571, 3894, 4662, 744, 4561, 1926, 3576, 2655, 1714, 2072, 1559, 3358, 4741, 2526, 2896, 5132, 613, 4331, 1969, 1727, 1293, 871, 5264, 4669, 1505, 1095]",466,750,1,False,750
446,numeric,location,4,True,False,True,"{2: 151, 1: 172, 5: 122, 3: 154, 4: 141, 0: 10}","[4097, 1548, 5419, 4731, 3902, 3380, 4432, 3710, 3542, 3991, 4880, 2494, 2930, 1237, 5356, 235, 4127, 3911, 217, 3274, 932, 1468, 2624, 2837, 3687, 1483, 2116, 3691, 4885, 1822, 1115, 1952, 4887, 876, 2002, 4576, 3443, 5286, 2441, 4713, 121, 2388, 292, 5439, 83, 4206, 4866, 1120, 5436, 1558, 1312, 2596, 3921, 1887, 388, 2130, 1360, 1525, 4673, 4770, 3790, 1675, 2897, 556, 4577, 4946, 2628, 1915, 2862, 5186, 4722, 3211, 2127, 2225, 352, 1392, 1877, 2901, 1025, 4799, 1285, 2739, 5107, 4436, 415, 2864, 15, 2351, 4600, 2046, 3401, 650, 3938, 1545, 226, 4522, 992, 5069, 534, 18, 335, 3566, 3064, 2698, 989, 123, 1932, 4178, 3670, 4847, 1514, 2273, 1786, 574, 2856, 3256, 618, 4694, 5405, 4404, 2676, 3762, 5255, 3755, 2485, 5321, 536, 233, 3760, 1837, 4431, 3948, 5252, 3797, 1538, 13, 1387, 1886, 1994, 2954, 4108, 3432, 3881, 4477, 2919, 4613, 5175, 714, 1719, 4590, 3976, 3180, 2250, 2329, 3919, 5171, 3330, 2506, 3126, 3434, 223, 1272, 1304, 2738, 3311, 1290, 3073, 3199, 5388, 1989, 2828, 1431, 2509, 1643, 3373, 2821, 1188, 2859, 1955, 510, 1486, 595, 2764, 2793, 2298, 708, 1768, 5056, 5179, 4869, 2794, 2360, 4895, 1094, 5372, 2311, 2488, 1066, 2618, 429, 571, 2244, 2290, 1380, 2387, 68, 2439, 1878, 3749, 4145, 3746, 4125, 1315, 2150, 4656, 348, 770, 3019, 2275, 587, 315, 4120, 36, 2855, 3651, 2566, 4293, 640, 1490, 4054, 4959, 1835, 2354, 3522, 4901, 1243, 1571, 3332, 652, 2068, 1808, 5156, 1114, 4716, 2121, 5117, 4747, 4593, 451, 3953, 2782, 2461, 5091, 4920, 4668, 3397, 5247, 1260, 297, 2704, 3504, 3203, 2900, 384, 157, 4868, 3488, 5245, 3173, 1647, 3273, 1192, 3908, 38, 3992, 749, 5294, 3848, 860, 2479, 2459, 867, 3218, 4838, 4482, 20, 1521, 1641, 122, 3118, 2063, 2400, 3519, 1063, 2035, 3442, 2890, 1763, 2119, 5400, 1961, 4854, 2292, 2772, 527, 4917, 4955, 2172, 1186, 4006, 1388, 4382, 4717, 2798, 831, 1206, 189, 5149, 4021, 507, 3599, 3197, 5148, 539, 2171, 2575, 1615, 4032, 2592, 5425, 350, 201, 2074, 3364, 3764, 2122, 3738, 1086, 4460, 400, 63, 1662, 286, 291, 693, 3484, 2629, 4674, 2334, 1913, 4762, 2824, 4767, 4750, 4965, 1785, 2069, 583, 1797, 5051, 4848, 2634, 1507, 4085, 5159, 3279, 3927, 4, 550, 5447, 207, 2799, 551, 5144, 2563, 146, 4989, 4400, 2113, 434, 27, 4129, 3768, 3668, 3459, 3091, 1215, 4091, 1681, 2872, 4014, 4194, 779, 4029, 3756, 4760, 2476, 1749, 4658, 4871, 4348, 2757, 646, 1897, 2195, 316, 716, 4208, 5383, 825, 5370, 3078, 3778, 1702, 3984, 3847, 1150, 4300, 649, 4808, 3775, 4935, 3159, 687, 1223, 946, 4538, 4535, 3077, 5359, 780, 477, 2524, 371, 5142, 3611, 62, 1069, 4193, 883, 4130, 4328, 622, 4974, 1436, 4519, 1762, 4238, 3012, 3554, 4026, 3342, 4182, 5410, 1407, 2736, 913, 4045, 182, 1382, 3625, 1351, 3839, 3583, 2938, 46, 829, 5326, 2230, 612, 5021, 3121, 1127, 3006, 1852, 329, 118, 3794, 4081, 72, 1330, 519, 1195, 2017, 1920, 314, 1129, 3544, 1000, 282, 4041, 2857, 324, 2210, 5283, 2272, 4438, 10, 5341, 4447, 5120, 4167, 1047, 742, 4222, 2916, 3377, 2533, 2707, 2819, 42, 3054, 703, 1519, 1891, 1740, 2997, 347, 5190, 3489, 4284, 833, 4467, 2603, 4198, 4987, 4303, 2483, 435, 4121, 2536, 3048, 2561, 4425, 3177, 2774, 5313, 5078, 1804, 2780, 317, 1372, 1842, 2517, 35, 4283, 3692, 794, 4047, 4496, 4319, 1623, 896, 4416, 3383, 2217, 2330, 2026, 2565, 890, 1423, 3773, 2941, 4926, 2977, 256, 2755, 3724, 1697, 3141, 3189, 2520, 402, 1159, 1593, 508, 1536, 2376, 2842, 691, 3596, 2321, 1576, 5411, 2201, 2532, 4138, 4631, 3815, 4657, 2905, 3472, 4518, 4823, 4810, 2892, 4073, 2806, 3715, 31, 2372, 1782, 2133, 1893, 3932, 4602, 3997, 1607, 1238, 4296, 1350, 4498, 4735, 1489, 4877, 845, 1630, 3469, 4143, 4002, 106, 2773, 2881, 287, 2062, 1757, 4230, 1627, 830, 563, 1196, 2460, 5333, 2472, 1067, 1377, 4844, 3515, 4552, 958, 4347, 1170, 1543, 3120, 2239, 28, 4909, 3026, 515, 3293, 1948, 4948, 76, 970, 840, 4011, 2675, 4050, 37, 108, 4651, 3319, 3660, 5160, 4768, 1911, 5345, 23, 4419, 1815, 447, 581, 4426, 893, 2756, 1864, 4418, 4444, 1411, 3446, 3278, 1618, 4786, 3998, 2055, 2795, 4841, 1599, 1044, 2418, 2206, 1394, 3409, 4428, 5301, 5139, 4504, 3974, 4123, 2414, 3527, 4244, 4985, 3310, 3975, 1318, 952, 4822, 3414, 2223, 1506, 627, 3094, 1236, 4642, 2481, 1629, 4509, 4265, 3829, 4149, 3249, 426, 3817, 2571, 3894, 4662, 744, 4561, 1926, 3576, 2655, 1714, 2072, 1559, 3358, 4741, 2526, 2896, 5132, 613, 4331, 1969, 1727, 1293, 871, 5264, 4669, 1505, 1095]",446,750,1,False,750
338,numeric,description,2,True,False,True,"{2: 151, 1: 172, 5: 122, 3: 154, 4: 141, 0: 10}","[4097, 1548, 5419, 4731, 3902, 3380, 4432, 3710, 3542, 3991, 4880, 2494, 2930, 1237, 5356, 235, 4127, 3911, 217, 3274, 932, 1468, 2624, 2837, 3687, 1483, 2116, 3691, 4885, 1822, 1115, 1952, 4887, 876, 2002, 4576, 3443, 5286, 2441, 4713, 121, 2388, 292, 5439, 83, 4206, 4866, 1120, 5436, 1558, 1312, 2596, 3921, 1887, 388, 2130, 1360, 1525, 4673, 4770, 3790, 1675, 2897, 556, 4577, 4946, 2628, 1915, 2862, 5186, 4722, 3211, 2127, 2225, 352, 1392, 1877, 2901, 1025, 4799, 1285, 2739, 5107, 4436, 415, 2864, 15, 2351, 4600, 2046, 3401, 650, 3938, 1545, 226, 4522, 992, 5069, 534, 18, 335, 3566, 3064, 2698, 989, 123, 1932, 4178, 3670, 4847, 1514, 2273, 1786, 574, 2856, 3256, 618, 4694, 5405, 4404, 2676, 3762, 5255, 3755, 2485, 5321, 536, 233, 3760, 1837, 4431, 3948, 5252, 3797, 1538, 13, 1387, 1886, 1994, 2954, 4108, 3432, 3881, 4477, 2919, 4613, 5175, 714, 1719, 4590, 3976, 3180, 2250, 2329, 3919, 5171, 3330, 2506, 3126, 3434, 223, 1272, 1304, 2738, 3311, 1290, 3073, 3199, 5388, 1989, 2828, 1431, 2509, 1643, 3373, 2821, 1188, 2859, 1955, 510, 1486, 595, 2764, 2793, 2298, 708, 1768, 5056, 5179, 4869, 2794, 2360, 4895, 1094, 5372, 2311, 2488, 1066, 2618, 429, 571, 2244, 2290, 1380, 2387, 68, 2439, 1878, 3749, 4145, 3746, 4125, 1315, 2150, 4656, 348, 770, 3019, 2275, 587, 315, 4120, 36, 2855, 3651, 2566, 4293, 640, 1490, 4054, 4959, 1835, 2354, 3522, 4901, 1243, 1571, 3332, 652, 2068, 1808, 5156, 1114, 4716, 2121, 5117, 4747, 4593, 451, 3953, 2782, 2461, 5091, 4920, 4668, 3397, 5247, 1260, 297, 2704, 3504, 3203, 2900, 384, 157, 4868, 3488, 5245, 3173, 1647, 3273, 1192, 3908, 38, 3992, 749, 5294, 3848, 860, 2479, 2459, 867, 3218, 4838, 4482, 20, 1521, 1641, 122, 3118, 2063, 2400, 3519, 1063, 2035, 3442, 2890, 1763, 2119, 5400, 1961, 4854, 2292, 2772, 527, 4917, 4955, 2172, 1186, 4006, 1388, 4382, 4717, 2798, 831, 1206, 189, 5149, 4021, 507, 3599, 3197, 5148, 539, 2171, 2575, 1615, 4032, 2592, 5425, 350, 201, 2074, 3364, 3764, 2122, 3738, 1086, 4460, 400, 63, 1662, 286, 291, 693, 3484, 2629, 4674, 2334, 1913, 4762, 2824, 4767, 4750, 4965, 1785, 2069, 583, 1797, 5051, 4848, 2634, 1507, 4085, 5159, 3279, 3927, 4, 550, 5447, 207, 2799, 551, 5144, 2563, 146, 4989, 4400, 2113, 434, 27, 4129, 3768, 3668, 3459, 3091, 1215, 4091, 1681, 2872, 4014, 4194, 779, 4029, 3756, 4760, 2476, 1749, 4658, 4871, 4348, 2757, 646, 1897, 2195, 316, 716, 4208, 5383, 825, 5370, 3078, 3778, 1702, 3984, 3847, 1150, 4300, 649, 4808, 3775, 4935, 3159, 687, 1223, 946, 4538, 4535, 3077, 5359, 780, 477, 2524, 371, 5142, 3611, 62, 1069, 4193, 883, 4130, 4328, 622, 4974, 1436, 4519, 1762, 4238, 3012, 3554, 4026, 3342, 4182, 5410, 1407, 2736, 913, 4045, 182, 1382, 3625, 1351, 3839, 3583, 2938, 46, 829, 5326, 2230, 612, 5021, 3121, 1127, 3006, 1852, 329, 118, 3794, 4081, 72, 1330, 519, 1195, 2017, 1920, 314, 1129, 3544, 1000, 282, 4041, 2857, 324, 2210, 5283, 2272, 4438, 10, 5341, 4447, 5120, 4167, 1047, 742, 4222, 2916, 3377, 2533, 2707, 2819, 42, 3054, 703, 1519, 1891, 1740, 2997, 347, 5190, 3489, 4284, 833, 4467, 2603, 4198, 4987, 4303, 2483, 435, 4121, 2536, 3048, 2561, 4425, 3177, 2774, 5313, 5078, 1804, 2780, 317, 1372, 1842, 2517, 35, 4283, 3692, 794, 4047, 4496, 4319, 1623, 896, 4416, 3383, 2217, 2330, 2026, 2565, 890, 1423, 3773, 2941, 4926, 2977, 256, 2755, 3724, 1697, 3141, 3189, 2520, 402, 1159, 1593, 508, 1536, 2376, 2842, 691, 3596, 2321, 1576, 5411, 2201, 2532, 4138, 4631, 3815, 4657, 2905, 3472, 4518, 4823, 4810, 2892, 4073, 2806, 3715, 31, 2372, 1782, 2133, 1893, 3932, 4602, 3997, 1607, 1238, 4296, 1350, 4498, 4735, 1489, 4877, 845, 1630, 3469, 4143, 4002, 106, 2773, 2881, 287, 2062, 1757, 4230, 1627, 830, 563, 1196, 2460, 5333, 2472, 1067, 1377, 4844, 3515, 4552, 958, 4347, 1170, 1543, 3120, 2239, 28, 4909, 3026, 515, 3293, 1948, 4948, 76, 970, 840, 4011, 2675, 4050, 37, 108, 4651, 3319, 3660, 5160, 4768, 1911, 5345, 23, 4419, 1815, 447, 581, 4426, 893, 2756, 1864, 4418, 4444, 1411, 3446, 3278, 1618, 4786, 3998, 2055, 2795, 4841, 1599, 1044, 2418, 2206, 1394, 3409, 4428, 5301, 5139, 4504, 3974, 4123, 2414, 3527, 4244, 4985, 3310, 3975, 1318, 952, 4822, 3414, 2223, 1506, 627, 3094, 1236, 4642, 2481, 1629, 4509, 4265, 3829, 4149, 3249, 426, 3817, 2571, 3894, 4662, 744, 4561, 1926, 3576, 2655, 1714, 2072, 1559, 3358, 4741, 2526, 2896, 5132, 613, 4331, 1969, 1727, 1293, 871, 5264, 4669, 1505, 1095]",338,750,1,False,750
118,numeric,numeric,5,True,True,True,"{2: 151, 1: 172, 5: 122, 3: 154, 4: 141, 0: 10}","[4097, 1548, 5419, 4731, 3902, 3380, 4432, 3710, 3542, 3991, 4880, 2494, 2930, 1237, 5356, 235, 4127, 3911, 217, 3274, 932, 1468, 2624, 2837, 3687, 1483, 2116, 3691, 4885, 1822, 1115, 1952, 4887, 876, 2002, 4576, 3443, 5286, 2441, 4713, 121, 2388, 292, 5439, 83, 4206, 4866, 1120, 5436, 1558, 1312, 2596, 3921, 1887, 388, 2130, 1360, 1525, 4673, 4770, 3790, 1675, 2897, 556, 4577, 4946, 2628, 1915, 2862, 5186, 4722, 3211, 2127, 2225, 352, 1392, 1877, 2901, 1025, 4799, 1285, 2739, 5107, 4436, 415, 2864, 15, 2351, 4600, 2046, 3401, 650, 3938, 1545, 226, 4522, 992, 5069, 534, 18, 335, 3566, 3064, 2698, 989, 123, 1932, 4178, 3670, 4847, 1514, 2273, 1786, 574, 2856, 3256, 618, 4694, 5405, 4404, 2676, 3762, 5255, 3755, 2485, 5321, 536, 233, 3760, 1837, 4431, 3948, 5252, 3797, 1538, 13, 1387, 1886, 1994, 2954, 4108, 3432, 3881, 4477, 2919, 4613, 5175, 714, 1719, 4590, 3976, 3180, 2250, 2329, 3919, 5171, 3330, 2506, 3126, 3434, 223, 1272, 1304, 2738, 3311, 1290, 3073, 3199, 5388, 1989, 2828, 1431, 2509, 1643, 3373, 2821, 1188, 2859, 1955, 510, 1486, 595, 2764, 2793, 2298, 708, 1768, 5056, 5179, 4869, 2794, 2360, 4895, 1094, 5372, 2311, 2488, 1066, 2618, 429, 571, 2244, 2290, 1380, 2387, 68, 2439, 1878, 3749, 4145, 3746, 4125, 1315, 2150, 4656, 348, 770, 3019, 2275, 587, 315, 4120, 36, 2855, 3651, 2566, 4293, 640, 1490, 4054, 4959, 1835, 2354, 3522, 4901, 1243, 1571, 3332, 652, 2068, 1808, 5156, 1114, 4716, 2121, 5117, 4747, 4593, 451, 3953, 2782, 2461, 5091, 4920, 4668, 3397, 5247, 1260, 297, 2704, 3504, 3203, 2900, 384, 157, 4868, 3488, 5245, 3173, 1647, 3273, 1192, 3908, 38, 3992, 749, 5294, 3848, 860, 2479, 2459, 867, 3218, 4838, 4482, 20, 1521, 1641, 122, 3118, 2063, 2400, 3519, 1063, 2035, 3442, 2890, 1763, 2119, 5400, 1961, 4854, 2292, 2772, 527, 4917, 4955, 2172, 1186, 4006, 1388, 4382, 4717, 2798, 831, 1206, 189, 5149, 4021, 507, 3599, 3197, 5148, 539, 2171, 2575, 1615, 4032, 2592, 5425, 350, 201, 2074, 3364, 3764, 2122, 3738, 1086, 4460, 400, 63, 1662, 286, 291, 693, 3484, 2629, 4674, 2334, 1913, 4762, 2824, 4767, 4750, 4965, 1785, 2069, 583, 1797, 5051, 4848, 2634, 1507, 4085, 5159, 3279, 3927, 4, 550, 5447, 207, 2799, 551, 5144, 2563, 146, 4989, 4400, 2113, 434, 27, 4129, 3768, 3668, 3459, 3091, 1215, 4091, 1681, 2872, 4014, 4194, 779, 4029, 3756, 4760, 2476, 1749, 4658, 4871, 4348, 2757, 646, 1897, 2195, 316, 716, 4208, 5383, 825, 5370, 3078, 3778, 1702, 3984, 3847, 1150, 4300, 649, 4808, 3775, 4935, 3159, 687, 1223, 946, 4538, 4535, 3077, 5359, 780, 477, 2524, 371, 5142, 3611, 62, 1069, 4193, 883, 4130, 4328, 622, 4974, 1436, 4519, 1762, 4238, 3012, 3554, 4026, 3342, 4182, 5410, 1407, 2736, 913, 4045, 182, 1382, 3625, 1351, 3839, 3583, 2938, 46, 829, 5326, 2230, 612, 5021, 3121, 1127, 3006, 1852, 329, 118, 3794, 4081, 72, 1330, 519, 1195, 2017, 1920, 314, 1129, 3544, 1000, 282, 4041, 2857, 324, 2210, 5283, 2272, 4438, 10, 5341, 4447, 5120, 4167, 1047, 742, 4222, 2916, 3377, 2533, 2707, 2819, 42, 3054, 703, 1519, 1891, 1740, 2997, 347, 5190, 3489, 4284, 833, 4467, 2603, 4198, 4987, 4303, 2483, 435, 4121, 2536, 3048, 2561, 4425, 3177, 2774, 5313, 5078, 1804, 2780, 317, 1372, 1842, 2517, 35, 4283, 3692, 794, 4047, 4496, 4319, 1623, 896, 4416, 3383, 2217, 2330, 2026, 2565, 890, 1423, 3773, 2941, 4926, 2977, 256, 2755, 3724, 1697, 3141, 3189, 2520, 402, 1159, 1593, 508, 1536, 2376, 2842, 691, 3596, 2321, 1576, 5411, 2201, 2532, 4138, 4631, 3815, 4657, 2905, 3472, 4518, 4823, 4810, 2892, 4073, 2806, 3715, 31, 2372, 1782, 2133, 1893, 3932, 4602, 3997, 1607, 1238, 4296, 1350, 4498, 4735, 1489, 4877, 845, 1630, 3469, 4143, 4002, 106, 2773, 2881, 287, 2062, 1757, 4230, 1627, 830, 563, 1196, 2460, 5333, 2472, 1067, 1377, 4844, 3515, 4552, 958, 4347, 1170, 1543, 3120, 2239, 28, 4909, 3026, 515, 3293, 1948, 4948, 76, 970, 840, 4011, 2675, 4050, 37, 108, 4651, 3319, 3660, 5160, 4768, 1911, 5345, 23, 4419, 1815, 447, 581, 4426, 893, 2756, 1864, 4418, 4444, 1411, 3446, 3278, 1618, 4786, 3998, 2055, 2795, 4841, 1599, 1044, 2418, 2206, 1394, 3409, 4428, 5301, 5139, 4504, 3974, 4123, 2414, 3527, 4244, 4985, 3310, 3975, 1318, 952, 4822, 3414, 2223, 1506, 627, 3094, 1236, 4642, 2481, 1629, 4509, 4265, 3829, 4149, 3249, 426, 3817, 2571, 3894, 4662, 744, 4561, 1926, 3576, 2655, 1714, 2072, 1559, 3358, 4741, 2526, 2896, 5132, 613, 4331, 1969, 1727, 1293, 871, 5264, 4669, 1505, 1095]",118,750,1,False,750
223,numeric,entity,1,True,False,True,"{2: 151, 1: 172, 5: 122, 3: 154, 4: 141, 0: 10}","[4097, 1548, 5419, 4731, 3902, 3380, 4432, 3710, 3542, 3991, 4880, 2494, 2930, 1237, 5356, 235, 4127, 3911, 217, 3274, 932, 1468, 2624, 2837, 3687, 1483, 2116, 3691, 4885, 1822, 1115, 1952, 4887, 876, 2002, 4576, 3443, 5286, 2441, 4713, 121, 2388, 292, 5439, 83, 4206, 4866, 1120, 5436, 1558, 1312, 2596, 3921, 1887, 388, 2130, 1360, 1525, 4673, 4770, 3790, 1675, 2897, 556, 4577, 4946, 2628, 1915, 2862, 5186, 4722, 3211, 2127, 2225, 352, 1392, 1877, 2901, 1025, 4799, 1285, 2739, 5107, 4436, 415, 2864, 15, 2351, 4600, 2046, 3401, 650, 3938, 1545, 226, 4522, 992, 5069, 534, 18, 335, 3566, 3064, 2698, 989, 123, 1932, 4178, 3670, 4847, 1514, 2273, 1786, 574, 2856, 3256, 618, 4694, 5405, 4404, 2676, 3762, 5255, 3755, 2485, 5321, 536, 233, 3760, 1837, 4431, 3948, 5252, 3797, 1538, 13, 1387, 1886, 1994, 2954, 4108, 3432, 3881, 4477, 2919, 4613, 5175, 714, 1719, 4590, 3976, 3180, 2250, 2329, 3919, 5171, 3330, 2506, 3126, 3434, 223, 1272, 1304, 2738, 3311, 1290, 3073, 3199, 5388, 1989, 2828, 1431, 2509, 1643, 3373, 2821, 1188, 2859, 1955, 510, 1486, 595, 2764, 2793, 2298, 708, 1768, 5056, 5179, 4869, 2794, 2360, 4895, 1094, 5372, 2311, 2488, 1066, 2618, 429, 571, 2244, 2290, 1380, 2387, 68, 2439, 1878, 3749, 4145, 3746, 4125, 1315, 2150, 4656, 348, 770, 3019, 2275, 587, 315, 4120, 36, 2855, 3651, 2566, 4293, 640, 1490, 4054, 4959, 1835, 2354, 3522, 4901, 1243, 1571, 3332, 652, 2068, 1808, 5156, 1114, 4716, 2121, 5117, 4747, 4593, 451, 3953, 2782, 2461, 5091, 4920, 4668, 3397, 5247, 1260, 297, 2704, 3504, 3203, 2900, 384, 157, 4868, 3488, 5245, 3173, 1647, 3273, 1192, 3908, 38, 3992, 749, 5294, 3848, 860, 2479, 2459, 867, 3218, 4838, 4482, 20, 1521, 1641, 122, 3118, 2063, 2400, 3519, 1063, 2035, 3442, 2890, 1763, 2119, 5400, 1961, 4854, 2292, 2772, 527, 4917, 4955, 2172, 1186, 4006, 1388, 4382, 4717, 2798, 831, 1206, 189, 5149, 4021, 507, 3599, 3197, 5148, 539, 2171, 2575, 1615, 4032, 2592, 5425, 350, 201, 2074, 3364, 3764, 2122, 3738, 1086, 4460, 400, 63, 1662, 286, 291, 693, 3484, 2629, 4674, 2334, 1913, 4762, 2824, 4767, 4750, 4965, 1785, 2069, 583, 1797, 5051, 4848, 2634, 1507, 4085, 5159, 3279, 3927, 4, 550, 5447, 207, 2799, 551, 5144, 2563, 146, 4989, 4400, 2113, 434, 27, 4129, 3768, 3668, 3459, 3091, 1215, 4091, 1681, 2872, 4014, 4194, 779, 4029, 3756, 4760, 2476, 1749, 4658, 4871, 4348, 2757, 646, 1897, 2195, 316, 716, 4208, 5383, 825, 5370, 3078, 3778, 1702, 3984, 3847, 1150, 4300, 649, 4808, 3775, 4935, 3159, 687, 1223, 946, 4538, 4535, 3077, 5359, 780, 477, 2524, 371, 5142, 3611, 62, 1069, 4193, 883, 4130, 4328, 622, 4974, 1436, 4519, 1762, 4238, 3012, 3554, 4026, 3342, 4182, 5410, 1407, 2736, 913, 4045, 182, 1382, 3625, 1351, 3839, 3583, 2938, 46, 829, 5326, 2230, 612, 5021, 3121, 1127, 3006, 1852, 329, 118, 3794, 4081, 72, 1330, 519, 1195, 2017, 1920, 314, 1129, 3544, 1000, 282, 4041, 2857, 324, 2210, 5283, 2272, 4438, 10, 5341, 4447, 5120, 4167, 1047, 742, 4222, 2916, 3377, 2533, 2707, 2819, 42, 3054, 703, 1519, 1891, 1740, 2997, 347, 5190, 3489, 4284, 833, 4467, 2603, 4198, 4987, 4303, 2483, 435, 4121, 2536, 3048, 2561, 4425, 3177, 2774, 5313, 5078, 1804, 2780, 317, 1372, 1842, 2517, 35, 4283, 3692, 794, 4047, 4496, 4319, 1623, 896, 4416, 3383, 2217, 2330, 2026, 2565, 890, 1423, 3773, 2941, 4926, 2977, 256, 2755, 3724, 1697, 3141, 3189, 2520, 402, 1159, 1593, 508, 1536, 2376, 2842, 691, 3596, 2321, 1576, 5411, 2201, 2532, 4138, 4631, 3815, 4657, 2905, 3472, 4518, 4823, 4810, 2892, 4073, 2806, 3715, 31, 2372, 1782, 2133, 1893, 3932, 4602, 3997, 1607, 1238, 4296, 1350, 4498, 4735, 1489, 4877, 845, 1630, 3469, 4143, 4002, 106, 2773, 2881, 287, 2062, 1757, 4230, 1627, 830, 563, 1196, 2460, 5333, 2472, 1067, 1377, 4844, 3515, 4552, 958, 4347, 1170, 1543, 3120, 2239, 28, 4909, 3026, 515, 3293, 1948, 4948, 76, 970, 840, 4011, 2675, 4050, 37, 108, 4651, 3319, 3660, 5160, 4768, 1911, 5345, 23, 4419, 1815, 447, 581, 4426, 893, 2756, 1864, 4418, 4444, 1411, 3446, 3278, 1618, 4786, 3998, 2055, 2795, 4841, 1599, 1044, 2418, 2206, 1394, 3409, 4428, 5301, 5139, 4504, 3974, 4123, 2414, 3527, 4244, 4985, 3310, 3975, 1318, 952, 4822, 3414, 2223, 1506, 627, 3094, 1236, 4642, 2481, 1629, 4509, 4265, 3829, 4149, 3249, 426, 3817, 2571, 3894, 4662, 744, 4561, 1926, 3576, 2655, 1714, 2072, 1559, 3358, 4741, 2526, 2896, 5132, 613, 4331, 1969, 1727, 1293, 871, 5264, 4669, 1505, 1095]",223,750,1,False,750
152,description,description,2,True,True,True,"{2: 151, 1: 172, 5: 122, 3: 154, 4: 141, 0: 10}","[4097, 1548, 5419, 4731, 3902, 3380, 4432, 3710, 3542, 3991, 4880, 2494, 2930, 1237, 5356, 235, 4127, 3911, 217, 3274, 932, 1468, 2624, 2837, 3687, 1483, 2116, 3691, 4885, 1822, 1115, 1952, 4887, 876, 2002, 4576, 3443, 5286, 2441, 4713, 121, 2388, 292, 5439, 83, 4206, 4866, 1120, 5436, 1558, 1312, 2596, 3921, 1887, 388, 2130, 1360, 1525, 4673, 4770, 3790, 1675, 2897, 556, 4577, 4946, 2628, 1915, 2862, 5186, 4722, 3211, 2127, 2225, 352, 1392, 1877, 2901, 1025, 4799, 1285, 2739, 5107, 4436, 415, 2864, 15, 2351, 4600, 2046, 3401, 650, 3938, 1545, 226, 4522, 992, 5069, 534, 18, 335, 3566, 3064, 2698, 989, 123, 1932, 4178, 3670, 4847, 1514, 2273, 1786, 574, 2856, 3256, 618, 4694, 5405, 4404, 2676, 3762, 5255, 3755, 2485, 5321, 536, 233, 3760, 1837, 4431, 3948, 5252, 3797, 1538, 13, 1387, 1886, 1994, 2954, 4108, 3432, 3881, 4477, 2919, 4613, 5175, 714, 1719, 4590, 3976, 3180, 2250, 2329, 3919, 5171, 3330, 2506, 3126, 3434, 223, 1272, 1304, 2738, 3311, 1290, 3073, 3199, 5388, 1989, 2828, 1431, 2509, 1643, 3373, 2821, 1188, 2859, 1955, 510, 1486, 595, 2764, 2793, 2298, 708, 1768, 5056, 5179, 4869, 2794, 2360, 4895, 1094, 5372, 2311, 2488, 1066, 2618, 429, 571, 2244, 2290, 1380, 2387, 68, 2439, 1878, 3749, 4145, 3746, 4125, 1315, 2150, 4656, 348, 770, 3019, 2275, 587, 315, 4120, 36, 2855, 3651, 2566, 4293, 640, 1490, 4054, 4959, 1835, 2354, 3522, 4901, 1243, 1571, 3332, 652, 2068, 1808, 5156, 1114, 4716, 2121, 5117, 4747, 4593, 451, 3953, 2782, 2461, 5091, 4920, 4668, 3397, 5247, 1260, 297, 2704, 3504, 3203, 2900, 384, 157, 4868, 3488, 5245, 3173, 1647, 3273, 1192, 3908, 38, 3992, 749, 5294, 3848, 860, 2479, 2459, 867, 3218, 4838, 4482, 20, 1521, 1641, 122, 3118, 2063, 2400, 3519, 1063, 2035, 3442, 2890, 1763, 2119, 5400, 1961, 4854, 2292, 2772, 527, 4917, 4955, 2172, 1186, 4006, 1388, 4382, 4717, 2798, 831, 1206, 189, 5149, 4021, 507, 3599, 3197, 5148, 539, 2171, 2575, 1615, 4032, 2592, 5425, 350, 201, 2074, 3364, 3764, 2122, 3738, 1086, 4460, 400, 63, 1662, 286, 291, 693, 3484, 2629, 4674, 2334, 1913, 4762, 2824, 4767, 4750, 4965, 1785, 2069, 583, 1797, 5051, 4848, 2634, 1507, 4085, 5159, 3279, 3927, 4, 550, 5447, 207, 2799, 551, 5144, 2563, 146, 4989, 4400, 2113, 434, 27, 4129, 3768, 3668, 3459, 3091, 1215, 4091, 1681, 2872, 4014, 4194, 779, 4029, 3756, 4760, 2476, 1749, 4658, 4871, 4348, 2757, 646, 1897, 2195, 316, 716, 4208, 5383, 825, 5370, 3078, 3778, 1702, 3984, 3847, 1150, 4300, 649, 4808, 3775, 4935, 3159, 687, 1223, 946, 4538, 4535, 3077, 5359, 780, 477, 2524, 371, 5142, 3611, 62, 1069, 4193, 883, 4130, 4328, 622, 4974, 1436, 4519, 1762, 4238, 3012, 3554, 4026, 3342, 4182, 5410, 1407, 2736, 913, 4045, 182, 1382, 3625, 1351, 3839, 3583, 2938, 46, 829, 5326, 2230, 612, 5021, 3121, 1127, 3006, 1852, 329, 118, 3794, 4081, 72, 1330, 519, 1195, 2017, 1920, 314, 1129, 3544, 1000, 282, 4041, 2857, 324, 2210, 5283, 2272, 4438, 10, 5341, 4447, 5120, 4167, 1047, 742, 4222, 2916, 3377, 2533, 2707, 2819, 42, 3054, 703, 1519, 1891, 1740, 2997, 347, 5190, 3489, 4284, 833, 4467, 2603, 4198, 4987, 4303, 2483, 435, 4121, 2536, 3048, 2561, 4425, 3177, 2774, 5313, 5078, 1804, 2780, 317, 1372, 1842, 2517, 35, 4283, 3692, 794, 4047, 4496, 4319, 1623, 896, 4416, 3383, 2217, 2330, 2026, 2565, 890, 1423, 3773, 2941, 4926, 2977, 256, 2755, 3724, 1697, 3141, 3189, 2520, 402, 1159, 1593, 508, 1536, 2376, 2842, 691, 3596, 2321, 1576, 5411, 2201, 2532, 4138, 4631, 3815, 4657, 2905, 3472, 4518, 4823, 4810, 2892, 4073, 2806, 3715, 31, 2372, 1782, 2133, 1893, 3932, 4602, 3997, 1607, 1238, 4296, 1350, 4498, 4735, 1489, 4877, 845, 1630, 3469, 4143, 4002, 106, 2773, 2881, 287, 2062, 1757, 4230, 1627, 830, 563, 1196, 2460, 5333, 2472, 1067, 1377, 4844, 3515, 4552, 958, 4347, 1170, 1543, 3120, 2239, 28, 4909, 3026, 515, 3293, 1948, 4948, 76, 970, 840, 4011, 2675, 4050, 37, 108, 4651, 3319, 3660, 5160, 4768, 1911, 5345, 23, 4419, 1815, 447, 581, 4426, 893, 2756, 1864, 4418, 4444, 1411, 3446, 3278, 1618, 4786, 3998, 2055, 2795, 4841, 1599, 1044, 2418, 2206, 1394, 3409, 4428, 5301, 5139, 4504, 3974, 4123, 2414, 3527, 4244, 4985, 3310, 3975, 1318, 952, 4822, 3414, 2223, 1506, 627, 3094, 1236, 4642, 2481, 1629, 4509, 4265, 3829, 4149, 3249, 426, 3817, 2571, 3894, 4662, 744, 4561, 1926, 3576, 2655, 1714, 2072, 1559, 3358, 4741, 2526, 2896, 5132, 613, 4331, 1969, 1727, 1293, 871, 5264, 4669, 1505, 1095]",152,750,1,False,750
399,numeric,location,4,True,False,True,"{2: 151, 1: 172, 5: 122, 3: 154, 4: 141, 0: 10}","[4097, 1548, 5419, 4731, 3902, 3380, 4432, 3710, 3542, 3991, 4880, 2494, 2930, 1237, 5356, 235, 4127, 3911, 217, 3274, 932, 1468, 2624, 2837, 3687, 1483, 2116, 3691, 4885, 1822, 1115, 1952, 4887, 876, 2002, 4576, 3443, 5286, 2441, 4713, 121, 2388, 292, 5439, 83, 4206, 4866, 1120, 5436, 1558, 1312, 2596, 3921, 1887, 388, 2130, 1360, 1525, 4673, 4770, 3790, 1675, 2897, 556, 4577, 4946, 2628, 1915, 2862, 5186, 4722, 3211, 2127, 2225, 352, 1392, 1877, 2901, 1025, 4799, 1285, 2739, 5107, 4436, 415, 2864, 15, 2351, 4600, 2046, 3401, 650, 3938, 1545, 226, 4522, 992, 5069, 534, 18, 335, 3566, 3064, 2698, 989, 123, 1932, 4178, 3670, 4847, 1514, 2273, 1786, 574, 2856, 3256, 618, 4694, 5405, 4404, 2676, 3762, 5255, 3755, 2485, 5321, 536, 233, 3760, 1837, 4431, 3948, 5252, 3797, 1538, 13, 1387, 1886, 1994, 2954, 4108, 3432, 3881, 4477, 2919, 4613, 5175, 714, 1719, 4590, 3976, 3180, 2250, 2329, 3919, 5171, 3330, 2506, 3126, 3434, 223, 1272, 1304, 2738, 3311, 1290, 3073, 3199, 5388, 1989, 2828, 1431, 2509, 1643, 3373, 2821, 1188, 2859, 1955, 510, 1486, 595, 2764, 2793, 2298, 708, 1768, 5056, 5179, 4869, 2794, 2360, 4895, 1094, 5372, 2311, 2488, 1066, 2618, 429, 571, 2244, 2290, 1380, 2387, 68, 2439, 1878, 3749, 4145, 3746, 4125, 1315, 2150, 4656, 348, 770, 3019, 2275, 587, 315, 4120, 36, 2855, 3651, 2566, 4293, 640, 1490, 4054, 4959, 1835, 2354, 3522, 4901, 1243, 1571, 3332, 652, 2068, 1808, 5156, 1114, 4716, 2121, 5117, 4747, 4593, 451, 3953, 2782, 2461, 5091, 4920, 4668, 3397, 5247, 1260, 297, 2704, 3504, 3203, 2900, 384, 157, 4868, 3488, 5245, 3173, 1647, 3273, 1192, 3908, 38, 3992, 749, 5294, 3848, 860, 2479, 2459, 867, 3218, 4838, 4482, 20, 1521, 1641, 122, 3118, 2063, 2400, 3519, 1063, 2035, 3442, 2890, 1763, 2119, 5400, 1961, 4854, 2292, 2772, 527, 4917, 4955, 2172, 1186, 4006, 1388, 4382, 4717, 2798, 831, 1206, 189, 5149, 4021, 507, 3599, 3197, 5148, 539, 2171, 2575, 1615, 4032, 2592, 5425, 350, 201, 2074, 3364, 3764, 2122, 3738, 1086, 4460, 400, 63, 1662, 286, 291, 693, 3484, 2629, 4674, 2334, 1913, 4762, 2824, 4767, 4750, 4965, 1785, 2069, 583, 1797, 5051, 4848, 2634, 1507, 4085, 5159, 3279, 3927, 4, 550, 5447, 207, 2799, 551, 5144, 2563, 146, 4989, 4400, 2113, 434, 27, 4129, 3768, 3668, 3459, 3091, 1215, 4091, 1681, 2872, 4014, 4194, 779, 4029, 3756, 4760, 2476, 1749, 4658, 4871, 4348, 2757, 646, 1897, 2195, 316, 716, 4208, 5383, 825, 5370, 3078, 3778, 1702, 3984, 3847, 1150, 4300, 649, 4808, 3775, 4935, 3159, 687, 1223, 946, 4538, 4535, 3077, 5359, 780, 477, 2524, 371, 5142, 3611, 62, 1069, 4193, 883, 4130, 4328, 622, 4974, 1436, 4519, 1762, 4238, 3012, 3554, 4026, 3342, 4182, 5410, 1407, 2736, 913, 4045, 182, 1382, 3625, 1351, 3839, 3583, 2938, 46, 829, 5326, 2230, 612, 5021, 3121, 1127, 3006, 1852, 329, 118, 3794, 4081, 72, 1330, 519, 1195, 2017, 1920, 314, 1129, 3544, 1000, 282, 4041, 2857, 324, 2210, 5283, 2272, 4438, 10, 5341, 4447, 5120, 4167, 1047, 742, 4222, 2916, 3377, 2533, 2707, 2819, 42, 3054, 703, 1519, 1891, 1740, 2997, 347, 5190, 3489, 4284, 833, 4467, 2603, 4198, 4987, 4303, 2483, 435, 4121, 2536, 3048, 2561, 4425, 3177, 2774, 5313, 5078, 1804, 2780, 317, 1372, 1842, 2517, 35, 4283, 3692, 794, 4047, 4496, 4319, 1623, 896, 4416, 3383, 2217, 2330, 2026, 2565, 890, 1423, 3773, 2941, 4926, 2977, 256, 2755, 3724, 1697, 3141, 3189, 2520, 402, 1159, 1593, 508, 1536, 2376, 2842, 691, 3596, 2321, 1576, 5411, 2201, 2532, 4138, 4631, 3815, 4657, 2905, 3472, 4518, 4823, 4810, 2892, 4073, 2806, 3715, 31, 2372, 1782, 2133, 1893, 3932, 4602, 3997, 1607, 1238, 4296, 1350, 4498, 4735, 1489, 4877, 845, 1630, 3469, 4143, 4002, 106, 2773, 2881, 287, 2062, 1757, 4230, 1627, 830, 563, 1196, 2460, 5333, 2472, 1067, 1377, 4844, 3515, 4552, 958, 4347, 1170, 1543, 3120, 2239, 28, 4909, 3026, 515, 3293, 1948, 4948, 76, 970, 840, 4011, 2675, 4050, 37, 108, 4651, 3319, 3660, 5160, 4768, 1911, 5345, 23, 4419, 1815, 447, 581, 4426, 893, 2756, 1864, 4418, 4444, 1411, 3446, 3278, 1618, 4786, 3998, 2055, 2795, 4841, 1599, 1044, 2418, 2206, 1394, 3409, 4428, 5301, 5139, 4504, 3974, 4123, 2414, 3527, 4244, 4985, 3310, 3975, 1318, 952, 4822, 3414, 2223, 1506, 627, 3094, 1236, 4642, 2481, 1629, 4509, 4265, 3829, 4149, 3249, 426, 3817, 2571, 3894, 4662, 744, 4561, 1926, 3576, 2655, 1714, 2072, 1559, 3358, 4741, 2526, 2896, 5132, 613, 4331, 1969, 1727, 1293, 871, 5264, 4669, 1505, 1095]",399,750,1,False,750
215,numeric,entity,1,True,False,True,"{2: 151, 1: 172, 5: 122, 3: 154, 4: 141, 0: 10}","[4097, 1548, 5419, 4731, 3902, 3380, 4432, 3710, 3542, 3991, 4880, 2494, 2930, 1237, 5356, 235, 4127, 3911, 217, 3274, 932, 1468, 2624, 2837, 3687, 1483, 2116, 3691, 4885, 1822, 1115, 1952, 4887, 876, 2002, 4576, 3443, 5286, 2441, 4713, 121, 2388, 292, 5439, 83, 4206, 4866, 1120, 5436, 1558, 1312, 2596, 3921, 1887, 388, 2130, 1360, 1525, 4673, 4770, 3790, 1675, 2897, 556, 4577, 4946, 2628, 1915, 2862, 5186, 4722, 3211, 2127, 2225, 352, 1392, 1877, 2901, 1025, 4799, 1285, 2739, 5107, 4436, 415, 2864, 15, 2351, 4600, 2046, 3401, 650, 3938, 1545, 226, 4522, 992, 5069, 534, 18, 335, 3566, 3064, 2698, 989, 123, 1932, 4178, 3670, 4847, 1514, 2273, 1786, 574, 2856, 3256, 618, 4694, 5405, 4404, 2676, 3762, 5255, 3755, 2485, 5321, 536, 233, 3760, 1837, 4431, 3948, 5252, 3797, 1538, 13, 1387, 1886, 1994, 2954, 4108, 3432, 3881, 4477, 2919, 4613, 5175, 714, 1719, 4590, 3976, 3180, 2250, 2329, 3919, 5171, 3330, 2506, 3126, 3434, 223, 1272, 1304, 2738, 3311, 1290, 3073, 3199, 5388, 1989, 2828, 1431, 2509, 1643, 3373, 2821, 1188, 2859, 1955, 510, 1486, 595, 2764, 2793, 2298, 708, 1768, 5056, 5179, 4869, 2794, 2360, 4895, 1094, 5372, 2311, 2488, 1066, 2618, 429, 571, 2244, 2290, 1380, 2387, 68, 2439, 1878, 3749, 4145, 3746, 4125, 1315, 2150, 4656, 348, 770, 3019, 2275, 587, 315, 4120, 36, 2855, 3651, 2566, 4293, 640, 1490, 4054, 4959, 1835, 2354, 3522, 4901, 1243, 1571, 3332, 652, 2068, 1808, 5156, 1114, 4716, 2121, 5117, 4747, 4593, 451, 3953, 2782, 2461, 5091, 4920, 4668, 3397, 5247, 1260, 297, 2704, 3504, 3203, 2900, 384, 157, 4868, 3488, 5245, 3173, 1647, 3273, 1192, 3908, 38, 3992, 749, 5294, 3848, 860, 2479, 2459, 867, 3218, 4838, 4482, 20, 1521, 1641, 122, 3118, 2063, 2400, 3519, 1063, 2035, 3442, 2890, 1763, 2119, 5400, 1961, 4854, 2292, 2772, 527, 4917, 4955, 2172, 1186, 4006, 1388, 4382, 4717, 2798, 831, 1206, 189, 5149, 4021, 507, 3599, 3197, 5148, 539, 2171, 2575, 1615, 4032, 2592, 5425, 350, 201, 2074, 3364, 3764, 2122, 3738, 1086, 4460, 400, 63, 1662, 286, 291, 693, 3484, 2629, 4674, 2334, 1913, 4762, 2824, 4767, 4750, 4965, 1785, 2069, 583, 1797, 5051, 4848, 2634, 1507, 4085, 5159, 3279, 3927, 4, 550, 5447, 207, 2799, 551, 5144, 2563, 146, 4989, 4400, 2113, 434, 27, 4129, 3768, 3668, 3459, 3091, 1215, 4091, 1681, 2872, 4014, 4194, 779, 4029, 3756, 4760, 2476, 1749, 4658, 4871, 4348, 2757, 646, 1897, 2195, 316, 716, 4208, 5383, 825, 5370, 3078, 3778, 1702, 3984, 3847, 1150, 4300, 649, 4808, 3775, 4935, 3159, 687, 1223, 946, 4538, 4535, 3077, 5359, 780, 477, 2524, 371, 5142, 3611, 62, 1069, 4193, 883, 4130, 4328, 622, 4974, 1436, 4519, 1762, 4238, 3012, 3554, 4026, 3342, 4182, 5410, 1407, 2736, 913, 4045, 182, 1382, 3625, 1351, 3839, 3583, 2938, 46, 829, 5326, 2230, 612, 5021, 3121, 1127, 3006, 1852, 329, 118, 3794, 4081, 72, 1330, 519, 1195, 2017, 1920, 314, 1129, 3544, 1000, 282, 4041, 2857, 324, 2210, 5283, 2272, 4438, 10, 5341, 4447, 5120, 4167, 1047, 742, 4222, 2916, 3377, 2533, 2707, 2819, 42, 3054, 703, 1519, 1891, 1740, 2997, 347, 5190, 3489, 4284, 833, 4467, 2603, 4198, 4987, 4303, 2483, 435, 4121, 2536, 3048, 2561, 4425, 3177, 2774, 5313, 5078, 1804, 2780, 317, 1372, 1842, 2517, 35, 4283, 3692, 794, 4047, 4496, 4319, 1623, 896, 4416, 3383, 2217, 2330, 2026, 2565, 890, 1423, 3773, 2941, 4926, 2977, 256, 2755, 3724, 1697, 3141, 3189, 2520, 402, 1159, 1593, 508, 1536, 2376, 2842, 691, 3596, 2321, 1576, 5411, 2201, 2532, 4138, 4631, 3815, 4657, 2905, 3472, 4518, 4823, 4810, 2892, 4073, 2806, 3715, 31, 2372, 1782, 2133, 1893, 3932, 4602, 3997, 1607, 1238, 4296, 1350, 4498, 4735, 1489, 4877, 845, 1630, 3469, 4143, 4002, 106, 2773, 2881, 287, 2062, 1757, 4230, 1627, 830, 563, 1196, 2460, 5333, 2472, 1067, 1377, 4844, 3515, 4552, 958, 4347, 1170, 1543, 3120, 2239, 28, 4909, 3026, 515, 3293, 1948, 4948, 76, 970, 840, 4011, 2675, 4050, 37, 108, 4651, 3319, 3660, 5160, 4768, 1911, 5345, 23, 4419, 1815, 447, 581, 4426, 893, 2756, 1864, 4418, 4444, 1411, 3446, 3278, 1618, 4786, 3998, 2055, 2795, 4841, 1599, 1044, 2418, 2206, 1394, 3409, 4428, 5301, 5139, 4504, 3974, 4123, 2414, 3527, 4244, 4985, 3310, 3975, 1318, 952, 4822, 3414, 2223, 1506, 627, 3094, 1236, 4642, 2481, 1629, 4509, 4265, 3829, 4149, 3249, 426, 3817, 2571, 3894, 4662, 744, 4561, 1926, 3576, 2655, 1714, 2072, 1559, 3358, 4741, 2526, 2896, 5132, 613, 4331, 1969, 1727, 1293, 871, 5264, 4669, 1505, 1095]",215,750,1,False,750
207,numeric,numeric,5,True,True,True,"{2: 151, 1: 172, 5: 122, 3: 154, 4: 141, 0: 10}","[4097, 1548, 5419, 4731, 3902, 3380, 4432, 3710, 3542, 3991, 4880, 2494, 2930, 1237, 5356, 235, 4127, 3911, 217, 3274, 932, 1468, 2624, 2837, 3687, 1483, 2116, 3691, 4885, 1822, 1115, 1952, 4887, 876, 2002, 4576, 3443, 5286, 2441, 4713, 121, 2388, 292, 5439, 83, 4206, 4866, 1120, 5436, 1558, 1312, 2596, 3921, 1887, 388, 2130, 1360, 1525, 4673, 4770, 3790, 1675, 2897, 556, 4577, 4946, 2628, 1915, 2862, 5186, 4722, 3211, 2127, 2225, 352, 1392, 1877, 2901, 1025, 4799, 1285, 2739, 5107, 4436, 415, 2864, 15, 2351, 4600, 2046, 3401, 650, 3938, 1545, 226, 4522, 992, 5069, 534, 18, 335, 3566, 3064, 2698, 989, 123, 1932, 4178, 3670, 4847, 1514, 2273, 1786, 574, 2856, 3256, 618, 4694, 5405, 4404, 2676, 3762, 5255, 3755, 2485, 5321, 536, 233, 3760, 1837, 4431, 3948, 5252, 3797, 1538, 13, 1387, 1886, 1994, 2954, 4108, 3432, 3881, 4477, 2919, 4613, 5175, 714, 1719, 4590, 3976, 3180, 2250, 2329, 3919, 5171, 3330, 2506, 3126, 3434, 223, 1272, 1304, 2738, 3311, 1290, 3073, 3199, 5388, 1989, 2828, 1431, 2509, 1643, 3373, 2821, 1188, 2859, 1955, 510, 1486, 595, 2764, 2793, 2298, 708, 1768, 5056, 5179, 4869, 2794, 2360, 4895, 1094, 5372, 2311, 2488, 1066, 2618, 429, 571, 2244, 2290, 1380, 2387, 68, 2439, 1878, 3749, 4145, 3746, 4125, 1315, 2150, 4656, 348, 770, 3019, 2275, 587, 315, 4120, 36, 2855, 3651, 2566, 4293, 640, 1490, 4054, 4959, 1835, 2354, 3522, 4901, 1243, 1571, 3332, 652, 2068, 1808, 5156, 1114, 4716, 2121, 5117, 4747, 4593, 451, 3953, 2782, 2461, 5091, 4920, 4668, 3397, 5247, 1260, 297, 2704, 3504, 3203, 2900, 384, 157, 4868, 3488, 5245, 3173, 1647, 3273, 1192, 3908, 38, 3992, 749, 5294, 3848, 860, 2479, 2459, 867, 3218, 4838, 4482, 20, 1521, 1641, 122, 3118, 2063, 2400, 3519, 1063, 2035, 3442, 2890, 1763, 2119, 5400, 1961, 4854, 2292, 2772, 527, 4917, 4955, 2172, 1186, 4006, 1388, 4382, 4717, 2798, 831, 1206, 189, 5149, 4021, 507, 3599, 3197, 5148, 539, 2171, 2575, 1615, 4032, 2592, 5425, 350, 201, 2074, 3364, 3764, 2122, 3738, 1086, 4460, 400, 63, 1662, 286, 291, 693, 3484, 2629, 4674, 2334, 1913, 4762, 2824, 4767, 4750, 4965, 1785, 2069, 583, 1797, 5051, 4848, 2634, 1507, 4085, 5159, 3279, 3927, 4, 550, 5447, 207, 2799, 551, 5144, 2563, 146, 4989, 4400, 2113, 434, 27, 4129, 3768, 3668, 3459, 3091, 1215, 4091, 1681, 2872, 4014, 4194, 779, 4029, 3756, 4760, 2476, 1749, 4658, 4871, 4348, 2757, 646, 1897, 2195, 316, 716, 4208, 5383, 825, 5370, 3078, 3778, 1702, 3984, 3847, 1150, 4300, 649, 4808, 3775, 4935, 3159, 687, 1223, 946, 4538, 4535, 3077, 5359, 780, 477, 2524, 371, 5142, 3611, 62, 1069, 4193, 883, 4130, 4328, 622, 4974, 1436, 4519, 1762, 4238, 3012, 3554, 4026, 3342, 4182, 5410, 1407, 2736, 913, 4045, 182, 1382, 3625, 1351, 3839, 3583, 2938, 46, 829, 5326, 2230, 612, 5021, 3121, 1127, 3006, 1852, 329, 118, 3794, 4081, 72, 1330, 519, 1195, 2017, 1920, 314, 1129, 3544, 1000, 282, 4041, 2857, 324, 2210, 5283, 2272, 4438, 10, 5341, 4447, 5120, 4167, 1047, 742, 4222, 2916, 3377, 2533, 2707, 2819, 42, 3054, 703, 1519, 1891, 1740, 2997, 347, 5190, 3489, 4284, 833, 4467, 2603, 4198, 4987, 4303, 2483, 435, 4121, 2536, 3048, 2561, 4425, 3177, 2774, 5313, 5078, 1804, 2780, 317, 1372, 1842, 2517, 35, 4283, 3692, 794, 4047, 4496, 4319, 1623, 896, 4416, 3383, 2217, 2330, 2026, 2565, 890, 1423, 3773, 2941, 4926, 2977, 256, 2755, 3724, 1697, 3141, 3189, 2520, 402, 1159, 1593, 508, 1536, 2376, 2842, 691, 3596, 2321, 1576, 5411, 2201, 2532, 4138, 4631, 3815, 4657, 2905, 3472, 4518, 4823, 4810, 2892, 4073, 2806, 3715, 31, 2372, 1782, 2133, 1893, 3932, 4602, 3997, 1607, 1238, 4296, 1350, 4498, 4735, 1489, 4877, 845, 1630, 3469, 4143, 4002, 106, 2773, 2881, 287, 2062, 1757, 4230, 1627, 830, 563, 1196, 2460, 5333, 2472, 1067, 1377, 4844, 3515, 4552, 958, 4347, 1170, 1543, 3120, 2239, 28, 4909, 3026, 515, 3293, 1948, 4948, 76, 970, 840, 4011, 2675, 4050, 37, 108, 4651, 3319, 3660, 5160, 4768, 1911, 5345, 23, 4419, 1815, 447, 581, 4426, 893, 2756, 1864, 4418, 4444, 1411, 3446, 3278, 1618, 4786, 3998, 2055, 2795, 4841, 1599, 1044, 2418, 2206, 1394, 3409, 4428, 5301, 5139, 4504, 3974, 4123, 2414, 3527, 4244, 4985, 3310, 3975, 1318, 952, 4822, 3414, 2223, 1506, 627, 3094, 1236, 4642, 2481, 1629, 4509, 4265, 3829, 4149, 3249, 426, 3817, 2571, 3894, 4662, 744, 4561, 1926, 3576, 2655, 1714, 2072, 1559, 3358, 4741, 2526, 2896, 5132, 613, 4331, 1969, 1727, 1293, 871, 5264, 4669, 1505, 1095]",207,750,1,False,750
336,description,description,2,True,True,True,"{2: 151, 1: 172, 5: 122, 3: 154, 4: 141, 0: 10}","[4097, 1548, 5419, 4731, 3902, 3380, 4432, 3710, 3542, 3991, 4880, 2494, 2930, 1237, 5356, 235, 4127, 3911, 217, 3274, 932, 1468, 2624, 2837, 3687, 1483, 2116, 3691, 4885, 1822, 1115, 1952, 4887, 876, 2002, 4576, 3443, 5286, 2441, 4713, 121, 2388, 292, 5439, 83, 4206, 4866, 1120, 5436, 1558, 1312, 2596, 3921, 1887, 388, 2130, 1360, 1525, 4673, 4770, 3790, 1675, 2897, 556, 4577, 4946, 2628, 1915, 2862, 5186, 4722, 3211, 2127, 2225, 352, 1392, 1877, 2901, 1025, 4799, 1285, 2739, 5107, 4436, 415, 2864, 15, 2351, 4600, 2046, 3401, 650, 3938, 1545, 226, 4522, 992, 5069, 534, 18, 335, 3566, 3064, 2698, 989, 123, 1932, 4178, 3670, 4847, 1514, 2273, 1786, 574, 2856, 3256, 618, 4694, 5405, 4404, 2676, 3762, 5255, 3755, 2485, 5321, 536, 233, 3760, 1837, 4431, 3948, 5252, 3797, 1538, 13, 1387, 1886, 1994, 2954, 4108, 3432, 3881, 4477, 2919, 4613, 5175, 714, 1719, 4590, 3976, 3180, 2250, 2329, 3919, 5171, 3330, 2506, 3126, 3434, 223, 1272, 1304, 2738, 3311, 1290, 3073, 3199, 5388, 1989, 2828, 1431, 2509, 1643, 3373, 2821, 1188, 2859, 1955, 510, 1486, 595, 2764, 2793, 2298, 708, 1768, 5056, 5179, 4869, 2794, 2360, 4895, 1094, 5372, 2311, 2488, 1066, 2618, 429, 571, 2244, 2290, 1380, 2387, 68, 2439, 1878, 3749, 4145, 3746, 4125, 1315, 2150, 4656, 348, 770, 3019, 2275, 587, 315, 4120, 36, 2855, 3651, 2566, 4293, 640, 1490, 4054, 4959, 1835, 2354, 3522, 4901, 1243, 1571, 3332, 652, 2068, 1808, 5156, 1114, 4716, 2121, 5117, 4747, 4593, 451, 3953, 2782, 2461, 5091, 4920, 4668, 3397, 5247, 1260, 297, 2704, 3504, 3203, 2900, 384, 157, 4868, 3488, 5245, 3173, 1647, 3273, 1192, 3908, 38, 3992, 749, 5294, 3848, 860, 2479, 2459, 867, 3218, 4838, 4482, 20, 1521, 1641, 122, 3118, 2063, 2400, 3519, 1063, 2035, 3442, 2890, 1763, 2119, 5400, 1961, 4854, 2292, 2772, 527, 4917, 4955, 2172, 1186, 4006, 1388, 4382, 4717, 2798, 831, 1206, 189, 5149, 4021, 507, 3599, 3197, 5148, 539, 2171, 2575, 1615, 4032, 2592, 5425, 350, 201, 2074, 3364, 3764, 2122, 3738, 1086, 4460, 400, 63, 1662, 286, 291, 693, 3484, 2629, 4674, 2334, 1913, 4762, 2824, 4767, 4750, 4965, 1785, 2069, 583, 1797, 5051, 4848, 2634, 1507, 4085, 5159, 3279, 3927, 4, 550, 5447, 207, 2799, 551, 5144, 2563, 146, 4989, 4400, 2113, 434, 27, 4129, 3768, 3668, 3459, 3091, 1215, 4091, 1681, 2872, 4014, 4194, 779, 4029, 3756, 4760, 2476, 1749, 4658, 4871, 4348, 2757, 646, 1897, 2195, 316, 716, 4208, 5383, 825, 5370, 3078, 3778, 1702, 3984, 3847, 1150, 4300, 649, 4808, 3775, 4935, 3159, 687, 1223, 946, 4538, 4535, 3077, 5359, 780, 477, 2524, 371, 5142, 3611, 62, 1069, 4193, 883, 4130, 4328, 622, 4974, 1436, 4519, 1762, 4238, 3012, 3554, 4026, 3342, 4182, 5410, 1407, 2736, 913, 4045, 182, 1382, 3625, 1351, 3839, 3583, 2938, 46, 829, 5326, 2230, 612, 5021, 3121, 1127, 3006, 1852, 329, 118, 3794, 4081, 72, 1330, 519, 1195, 2017, 1920, 314, 1129, 3544, 1000, 282, 4041, 2857, 324, 2210, 5283, 2272, 4438, 10, 5341, 4447, 5120, 4167, 1047, 742, 4222, 2916, 3377, 2533, 2707, 2819, 42, 3054, 703, 1519, 1891, 1740, 2997, 347, 5190, 3489, 4284, 833, 4467, 2603, 4198, 4987, 4303, 2483, 435, 4121, 2536, 3048, 2561, 4425, 3177, 2774, 5313, 5078, 1804, 2780, 317, 1372, 1842, 2517, 35, 4283, 3692, 794, 4047, 4496, 4319, 1623, 896, 4416, 3383, 2217, 2330, 2026, 2565, 890, 1423, 3773, 2941, 4926, 2977, 256, 2755, 3724, 1697, 3141, 3189, 2520, 402, 1159, 1593, 508, 1536, 2376, 2842, 691, 3596, 2321, 1576, 5411, 2201, 2532, 4138, 4631, 3815, 4657, 2905, 3472, 4518, 4823, 4810, 2892, 4073, 2806, 3715, 31, 2372, 1782, 2133, 1893, 3932, 4602, 3997, 1607, 1238, 4296, 1350, 4498, 4735, 1489, 4877, 845, 1630, 3469, 4143, 4002, 106, 2773, 2881, 287, 2062, 1757, 4230, 1627, 830, 563, 1196, 2460, 5333, 2472, 1067, 1377, 4844, 3515, 4552, 958, 4347, 1170, 1543, 3120, 2239, 28, 4909, 3026, 515, 3293, 1948, 4948, 76, 970, 840, 4011, 2675, 4050, 37, 108, 4651, 3319, 3660, 5160, 4768, 1911, 5345, 23, 4419, 1815, 447, 581, 4426, 893, 2756, 1864, 4418, 4444, 1411, 3446, 3278, 1618, 4786, 3998, 2055, 2795, 4841, 1599, 1044, 2418, 2206, 1394, 3409, 4428, 5301, 5139, 4504, 3974, 4123, 2414, 3527, 4244, 4985, 3310, 3975, 1318, 952, 4822, 3414, 2223, 1506, 627, 3094, 1236, 4642, 2481, 1629, 4509, 4265, 3829, 4149, 3249, 426, 3817, 2571, 3894, 4662, 744, 4561, 1926, 3576, 2655, 1714, 2072, 1559, 3358, 4741, 2526, 2896, 5132, 613, 4331, 1969, 1727, 1293, 871, 5264, 4669, 1505, 1095]",336,750,1,False,750
211,numeric,numeric,5,True,True,True,"{2: 151, 1: 172, 5: 122, 3: 154, 4: 141, 0: 10}","[4097, 1548, 5419, 4731, 3902, 3380, 4432, 3710, 3542, 3991, 4880, 2494, 2930, 1237, 5356, 235, 4127, 3911, 217, 3274, 932, 1468, 2624, 2837, 3687, 1483, 2116, 3691, 4885, 1822, 1115, 1952, 4887, 876, 2002, 4576, 3443, 5286, 2441, 4713, 121, 2388, 292, 5439, 83, 4206, 4866, 1120, 5436, 1558, 1312, 2596, 3921, 1887, 388, 2130, 1360, 1525, 4673, 4770, 3790, 1675, 2897, 556, 4577, 4946, 2628, 1915, 2862, 5186, 4722, 3211, 2127, 2225, 352, 1392, 1877, 2901, 1025, 4799, 1285, 2739, 5107, 4436, 415, 2864, 15, 2351, 4600, 2046, 3401, 650, 3938, 1545, 226, 4522, 992, 5069, 534, 18, 335, 3566, 3064, 2698, 989, 123, 1932, 4178, 3670, 4847, 1514, 2273, 1786, 574, 2856, 3256, 618, 4694, 5405, 4404, 2676, 3762, 5255, 3755, 2485, 5321, 536, 233, 3760, 1837, 4431, 3948, 5252, 3797, 1538, 13, 1387, 1886, 1994, 2954, 4108, 3432, 3881, 4477, 2919, 4613, 5175, 714, 1719, 4590, 3976, 3180, 2250, 2329, 3919, 5171, 3330, 2506, 3126, 3434, 223, 1272, 1304, 2738, 3311, 1290, 3073, 3199, 5388, 1989, 2828, 1431, 2509, 1643, 3373, 2821, 1188, 2859, 1955, 510, 1486, 595, 2764, 2793, 2298, 708, 1768, 5056, 5179, 4869, 2794, 2360, 4895, 1094, 5372, 2311, 2488, 1066, 2618, 429, 571, 2244, 2290, 1380, 2387, 68, 2439, 1878, 3749, 4145, 3746, 4125, 1315, 2150, 4656, 348, 770, 3019, 2275, 587, 315, 4120, 36, 2855, 3651, 2566, 4293, 640, 1490, 4054, 4959, 1835, 2354, 3522, 4901, 1243, 1571, 3332, 652, 2068, 1808, 5156, 1114, 4716, 2121, 5117, 4747, 4593, 451, 3953, 2782, 2461, 5091, 4920, 4668, 3397, 5247, 1260, 297, 2704, 3504, 3203, 2900, 384, 157, 4868, 3488, 5245, 3173, 1647, 3273, 1192, 3908, 38, 3992, 749, 5294, 3848, 860, 2479, 2459, 867, 3218, 4838, 4482, 20, 1521, 1641, 122, 3118, 2063, 2400, 3519, 1063, 2035, 3442, 2890, 1763, 2119, 5400, 1961, 4854, 2292, 2772, 527, 4917, 4955, 2172, 1186, 4006, 1388, 4382, 4717, 2798, 831, 1206, 189, 5149, 4021, 507, 3599, 3197, 5148, 539, 2171, 2575, 1615, 4032, 2592, 5425, 350, 201, 2074, 3364, 3764, 2122, 3738, 1086, 4460, 400, 63, 1662, 286, 291, 693, 3484, 2629, 4674, 2334, 1913, 4762, 2824, 4767, 4750, 4965, 1785, 2069, 583, 1797, 5051, 4848, 2634, 1507, 4085, 5159, 3279, 3927, 4, 550, 5447, 207, 2799, 551, 5144, 2563, 146, 4989, 4400, 2113, 434, 27, 4129, 3768, 3668, 3459, 3091, 1215, 4091, 1681, 2872, 4014, 4194, 779, 4029, 3756, 4760, 2476, 1749, 4658, 4871, 4348, 2757, 646, 1897, 2195, 316, 716, 4208, 5383, 825, 5370, 3078, 3778, 1702, 3984, 3847, 1150, 4300, 649, 4808, 3775, 4935, 3159, 687, 1223, 946, 4538, 4535, 3077, 5359, 780, 477, 2524, 371, 5142, 3611, 62, 1069, 4193, 883, 4130, 4328, 622, 4974, 1436, 4519, 1762, 4238, 3012, 3554, 4026, 3342, 4182, 5410, 1407, 2736, 913, 4045, 182, 1382, 3625, 1351, 3839, 3583, 2938, 46, 829, 5326, 2230, 612, 5021, 3121, 1127, 3006, 1852, 329, 118, 3794, 4081, 72, 1330, 519, 1195, 2017, 1920, 314, 1129, 3544, 1000, 282, 4041, 2857, 324, 2210, 5283, 2272, 4438, 10, 5341, 4447, 5120, 4167, 1047, 742, 4222, 2916, 3377, 2533, 2707, 2819, 42, 3054, 703, 1519, 1891, 1740, 2997, 347, 5190, 3489, 4284, 833, 4467, 2603, 4198, 4987, 4303, 2483, 435, 4121, 2536, 3048, 2561, 4425, 3177, 2774, 5313, 5078, 1804, 2780, 317, 1372, 1842, 2517, 35, 4283, 3692, 794, 4047, 4496, 4319, 1623, 896, 4416, 3383, 2217, 2330, 2026, 2565, 890, 1423, 3773, 2941, 4926, 2977, 256, 2755, 3724, 1697, 3141, 3189, 2520, 402, 1159, 1593, 508, 1536, 2376, 2842, 691, 3596, 2321, 1576, 5411, 2201, 2532, 4138, 4631, 3815, 4657, 2905, 3472, 4518, 4823, 4810, 2892, 4073, 2806, 3715, 31, 2372, 1782, 2133, 1893, 3932, 4602, 3997, 1607, 1238, 4296, 1350, 4498, 4735, 1489, 4877, 845, 1630, 3469, 4143, 4002, 106, 2773, 2881, 287, 2062, 1757, 4230, 1627, 830, 563, 1196, 2460, 5333, 2472, 1067, 1377, 4844, 3515, 4552, 958, 4347, 1170, 1543, 3120, 2239, 28, 4909, 3026, 515, 3293, 1948, 4948, 76, 970, 840, 4011, 2675, 4050, 37, 108, 4651, 3319, 3660, 5160, 4768, 1911, 5345, 23, 4419, 1815, 447, 581, 4426, 893, 2756, 1864, 4418, 4444, 1411, 3446, 3278, 1618, 4786, 3998, 2055, 2795, 4841, 1599, 1044, 2418, 2206, 1394, 3409, 4428, 5301, 5139, 4504, 3974, 4123, 2414, 3527, 4244, 4985, 3310, 3975, 1318, 952, 4822, 3414, 2223, 1506, 627, 3094, 1236, 4642, 2481, 1629, 4509, 4265, 3829, 4149, 3249, 426, 3817, 2571, 3894, 4662, 744, 4561, 1926, 3576, 2655, 1714, 2072, 1559, 3358, 4741, 2526, 2896, 5132, 613, 4331, 1969, 1727, 1293, 871, 5264, 4669, 1505, 1095]",211,750,1,False,750
44,numeric,entity,1,True,False,True,"{2: 151, 1: 172, 5: 122, 3: 154, 4: 141, 0: 10}","[4097, 1548, 5419, 4731, 3902, 3380, 4432, 3710, 3542, 3991, 4880, 2494, 2930, 1237, 5356, 235, 4127, 3911, 217, 3274, 932, 1468, 2624, 2837, 3687, 1483, 2116, 3691, 4885, 1822, 1115, 1952, 4887, 876, 2002, 4576, 3443, 5286, 2441, 4713, 121, 2388, 292, 5439, 83, 4206, 4866, 1120, 5436, 1558, 1312, 2596, 3921, 1887, 388, 2130, 1360, 1525, 4673, 4770, 3790, 1675, 2897, 556, 4577, 4946, 2628, 1915, 2862, 5186, 4722, 3211, 2127, 2225, 352, 1392, 1877, 2901, 1025, 4799, 1285, 2739, 5107, 4436, 415, 2864, 15, 2351, 4600, 2046, 3401, 650, 3938, 1545, 226, 4522, 992, 5069, 534, 18, 335, 3566, 3064, 2698, 989, 123, 1932, 4178, 3670, 4847, 1514, 2273, 1786, 574, 2856, 3256, 618, 4694, 5405, 4404, 2676, 3762, 5255, 3755, 2485, 5321, 536, 233, 3760, 1837, 4431, 3948, 5252, 3797, 1538, 13, 1387, 1886, 1994, 2954, 4108, 3432, 3881, 4477, 2919, 4613, 5175, 714, 1719, 4590, 3976, 3180, 2250, 2329, 3919, 5171, 3330, 2506, 3126, 3434, 223, 1272, 1304, 2738, 3311, 1290, 3073, 3199, 5388, 1989, 2828, 1431, 2509, 1643, 3373, 2821, 1188, 2859, 1955, 510, 1486, 595, 2764, 2793, 2298, 708, 1768, 5056, 5179, 4869, 2794, 2360, 4895, 1094, 5372, 2311, 2488, 1066, 2618, 429, 571, 2244, 2290, 1380, 2387, 68, 2439, 1878, 3749, 4145, 3746, 4125, 1315, 2150, 4656, 348, 770, 3019, 2275, 587, 315, 4120, 36, 2855, 3651, 2566, 4293, 640, 1490, 4054, 4959, 1835, 2354, 3522, 4901, 1243, 1571, 3332, 652, 2068, 1808, 5156, 1114, 4716, 2121, 5117, 4747, 4593, 451, 3953, 2782, 2461, 5091, 4920, 4668, 3397, 5247, 1260, 297, 2704, 3504, 3203, 2900, 384, 157, 4868, 3488, 5245, 3173, 1647, 3273, 1192, 3908, 38, 3992, 749, 5294, 3848, 860, 2479, 2459, 867, 3218, 4838, 4482, 20, 1521, 1641, 122, 3118, 2063, 2400, 3519, 1063, 2035, 3442, 2890, 1763, 2119, 5400, 1961, 4854, 2292, 2772, 527, 4917, 4955, 2172, 1186, 4006, 1388, 4382, 4717, 2798, 831, 1206, 189, 5149, 4021, 507, 3599, 3197, 5148, 539, 2171, 2575, 1615, 4032, 2592, 5425, 350, 201, 2074, 3364, 3764, 2122, 3738, 1086, 4460, 400, 63, 1662, 286, 291, 693, 3484, 2629, 4674, 2334, 1913, 4762, 2824, 4767, 4750, 4965, 1785, 2069, 583, 1797, 5051, 4848, 2634, 1507, 4085, 5159, 3279, 3927, 4, 550, 5447, 207, 2799, 551, 5144, 2563, 146, 4989, 4400, 2113, 434, 27, 4129, 3768, 3668, 3459, 3091, 1215, 4091, 1681, 2872, 4014, 4194, 779, 4029, 3756, 4760, 2476, 1749, 4658, 4871, 4348, 2757, 646, 1897, 2195, 316, 716, 4208, 5383, 825, 5370, 3078, 3778, 1702, 3984, 3847, 1150, 4300, 649, 4808, 3775, 4935, 3159, 687, 1223, 946, 4538, 4535, 3077, 5359, 780, 477, 2524, 371, 5142, 3611, 62, 1069, 4193, 883, 4130, 4328, 622, 4974, 1436, 4519, 1762, 4238, 3012, 3554, 4026, 3342, 4182, 5410, 1407, 2736, 913, 4045, 182, 1382, 3625, 1351, 3839, 3583, 2938, 46, 829, 5326, 2230, 612, 5021, 3121, 1127, 3006, 1852, 329, 118, 3794, 4081, 72, 1330, 519, 1195, 2017, 1920, 314, 1129, 3544, 1000, 282, 4041, 2857, 324, 2210, 5283, 2272, 4438, 10, 5341, 4447, 5120, 4167, 1047, 742, 4222, 2916, 3377, 2533, 2707, 2819, 42, 3054, 703, 1519, 1891, 1740, 2997, 347, 5190, 3489, 4284, 833, 4467, 2603, 4198, 4987, 4303, 2483, 435, 4121, 2536, 3048, 2561, 4425, 3177, 2774, 5313, 5078, 1804, 2780, 317, 1372, 1842, 2517, 35, 4283, 3692, 794, 4047, 4496, 4319, 1623, 896, 4416, 3383, 2217, 2330, 2026, 2565, 890, 1423, 3773, 2941, 4926, 2977, 256, 2755, 3724, 1697, 3141, 3189, 2520, 402, 1159, 1593, 508, 1536, 2376, 2842, 691, 3596, 2321, 1576, 5411, 2201, 2532, 4138, 4631, 3815, 4657, 2905, 3472, 4518, 4823, 4810, 2892, 4073, 2806, 3715, 31, 2372, 1782, 2133, 1893, 3932, 4602, 3997, 1607, 1238, 4296, 1350, 4498, 4735, 1489, 4877, 845, 1630, 3469, 4143, 4002, 106, 2773, 2881, 287, 2062, 1757, 4230, 1627, 830, 563, 1196, 2460, 5333, 2472, 1067, 1377, 4844, 3515, 4552, 958, 4347, 1170, 1543, 3120, 2239, 28, 4909, 3026, 515, 3293, 1948, 4948, 76, 970, 840, 4011, 2675, 4050, 37, 108, 4651, 3319, 3660, 5160, 4768, 1911, 5345, 23, 4419, 1815, 447, 581, 4426, 893, 2756, 1864, 4418, 4444, 1411, 3446, 3278, 1618, 4786, 3998, 2055, 2795, 4841, 1599, 1044, 2418, 2206, 1394, 3409, 4428, 5301, 5139, 4504, 3974, 4123, 2414, 3527, 4244, 4985, 3310, 3975, 1318, 952, 4822, 3414, 2223, 1506, 627, 3094, 1236, 4642, 2481, 1629, 4509, 4265, 3829, 4149, 3249, 426, 3817, 2571, 3894, 4662, 744, 4561, 1926, 3576, 2655, 1714, 2072, 1559, 3358, 4741, 2526, 2896, 5132, 613, 4331, 1969, 1727, 1293, 871, 5264, 4669, 1505, 1095]",44,750,1,False,750
29,numeric,location,4,True,False,True,"{2: 151, 1: 172, 5: 122, 3: 154, 4: 141, 0: 10}","[4097, 1548, 5419, 4731, 3902, 3380, 4432, 3710, 3542, 3991, 4880, 2494, 2930, 1237, 5356, 235, 4127, 3911, 217, 3274, 932, 1468, 2624, 2837, 3687, 1483, 2116, 3691, 4885, 1822, 1115, 1952, 4887, 876, 2002, 4576, 3443, 5286, 2441, 4713, 121, 2388, 292, 5439, 83, 4206, 4866, 1120, 5436, 1558, 1312, 2596, 3921, 1887, 388, 2130, 1360, 1525, 4673, 4770, 3790, 1675, 2897, 556, 4577, 4946, 2628, 1915, 2862, 5186, 4722, 3211, 2127, 2225, 352, 1392, 1877, 2901, 1025, 4799, 1285, 2739, 5107, 4436, 415, 2864, 15, 2351, 4600, 2046, 3401, 650, 3938, 1545, 226, 4522, 992, 5069, 534, 18, 335, 3566, 3064, 2698, 989, 123, 1932, 4178, 3670, 4847, 1514, 2273, 1786, 574, 2856, 3256, 618, 4694, 5405, 4404, 2676, 3762, 5255, 3755, 2485, 5321, 536, 233, 3760, 1837, 4431, 3948, 5252, 3797, 1538, 13, 1387, 1886, 1994, 2954, 4108, 3432, 3881, 4477, 2919, 4613, 5175, 714, 1719, 4590, 3976, 3180, 2250, 2329, 3919, 5171, 3330, 2506, 3126, 3434, 223, 1272, 1304, 2738, 3311, 1290, 3073, 3199, 5388, 1989, 2828, 1431, 2509, 1643, 3373, 2821, 1188, 2859, 1955, 510, 1486, 595, 2764, 2793, 2298, 708, 1768, 5056, 5179, 4869, 2794, 2360, 4895, 1094, 5372, 2311, 2488, 1066, 2618, 429, 571, 2244, 2290, 1380, 2387, 68, 2439, 1878, 3749, 4145, 3746, 4125, 1315, 2150, 4656, 348, 770, 3019, 2275, 587, 315, 4120, 36, 2855, 3651, 2566, 4293, 640, 1490, 4054, 4959, 1835, 2354, 3522, 4901, 1243, 1571, 3332, 652, 2068, 1808, 5156, 1114, 4716, 2121, 5117, 4747, 4593, 451, 3953, 2782, 2461, 5091, 4920, 4668, 3397, 5247, 1260, 297, 2704, 3504, 3203, 2900, 384, 157, 4868, 3488, 5245, 3173, 1647, 3273, 1192, 3908, 38, 3992, 749, 5294, 3848, 860, 2479, 2459, 867, 3218, 4838, 4482, 20, 1521, 1641, 122, 3118, 2063, 2400, 3519, 1063, 2035, 3442, 2890, 1763, 2119, 5400, 1961, 4854, 2292, 2772, 527, 4917, 4955, 2172, 1186, 4006, 1388, 4382, 4717, 2798, 831, 1206, 189, 5149, 4021, 507, 3599, 3197, 5148, 539, 2171, 2575, 1615, 4032, 2592, 5425, 350, 201, 2074, 3364, 3764, 2122, 3738, 1086, 4460, 400, 63, 1662, 286, 291, 693, 3484, 2629, 4674, 2334, 1913, 4762, 2824, 4767, 4750, 4965, 1785, 2069, 583, 1797, 5051, 4848, 2634, 1507, 4085, 5159, 3279, 3927, 4, 550, 5447, 207, 2799, 551, 5144, 2563, 146, 4989, 4400, 2113, 434, 27, 4129, 3768, 3668, 3459, 3091, 1215, 4091, 1681, 2872, 4014, 4194, 779, 4029, 3756, 4760, 2476, 1749, 4658, 4871, 4348, 2757, 646, 1897, 2195, 316, 716, 4208, 5383, 825, 5370, 3078, 3778, 1702, 3984, 3847, 1150, 4300, 649, 4808, 3775, 4935, 3159, 687, 1223, 946, 4538, 4535, 3077, 5359, 780, 477, 2524, 371, 5142, 3611, 62, 1069, 4193, 883, 4130, 4328, 622, 4974, 1436, 4519, 1762, 4238, 3012, 3554, 4026, 3342, 4182, 5410, 1407, 2736, 913, 4045, 182, 1382, 3625, 1351, 3839, 3583, 2938, 46, 829, 5326, 2230, 612, 5021, 3121, 1127, 3006, 1852, 329, 118, 3794, 4081, 72, 1330, 519, 1195, 2017, 1920, 314, 1129, 3544, 1000, 282, 4041, 2857, 324, 2210, 5283, 2272, 4438, 10, 5341, 4447, 5120, 4167, 1047, 742, 4222, 2916, 3377, 2533, 2707, 2819, 42, 3054, 703, 1519, 1891, 1740, 2997, 347, 5190, 3489, 4284, 833, 4467, 2603, 4198, 4987, 4303, 2483, 435, 4121, 2536, 3048, 2561, 4425, 3177, 2774, 5313, 5078, 1804, 2780, 317, 1372, 1842, 2517, 35, 4283, 3692, 794, 4047, 4496, 4319, 1623, 896, 4416, 3383, 2217, 2330, 2026, 2565, 890, 1423, 3773, 2941, 4926, 2977, 256, 2755, 3724, 1697, 3141, 3189, 2520, 402, 1159, 1593, 508, 1536, 2376, 2842, 691, 3596, 2321, 1576, 5411, 2201, 2532, 4138, 4631, 3815, 4657, 2905, 3472, 4518, 4823, 4810, 2892, 4073, 2806, 3715, 31, 2372, 1782, 2133, 1893, 3932, 4602, 3997, 1607, 1238, 4296, 1350, 4498, 4735, 1489, 4877, 845, 1630, 3469, 4143, 4002, 106, 2773, 2881, 287, 2062, 1757, 4230, 1627, 830, 563, 1196, 2460, 5333, 2472, 1067, 1377, 4844, 3515, 4552, 958, 4347, 1170, 1543, 3120, 2239, 28, 4909, 3026, 515, 3293, 1948, 4948, 76, 970, 840, 4011, 2675, 4050, 37, 108, 4651, 3319, 3660, 5160, 4768, 1911, 5345, 23, 4419, 1815, 447, 581, 4426, 893, 2756, 1864, 4418, 4444, 1411, 3446, 3278, 1618, 4786, 3998, 2055, 2795, 4841, 1599, 1044, 2418, 2206, 1394, 3409, 4428, 5301, 5139, 4504, 3974, 4123, 2414, 3527, 4244, 4985, 3310, 3975, 1318, 952, 4822, 3414, 2223, 1506, 627, 3094, 1236, 4642, 2481, 1629, 4509, 4265, 3829, 4149, 3249, 426, 3817, 2571, 3894, 4662, 744, 4561, 1926, 3576, 2655, 1714, 2072, 1559, 3358, 4741, 2526, 2896, 5132, 613, 4331, 1969, 1727, 1293, 871, 5264, 4669, 1505, 1095]",29,750,1,False,750
99,numeric,entity,1,True,False,True,"{2: 151, 1: 172, 5: 122, 3: 154, 4: 141, 0: 10}","[4097, 1548, 5419, 4731, 3902, 3380, 4432, 3710, 3542, 3991, 4880, 2494, 2930, 1237, 5356, 235, 4127, 3911, 217, 3274, 932, 1468, 2624, 2837, 3687, 1483, 2116, 3691, 4885, 1822, 1115, 1952, 4887, 876, 2002, 4576, 3443, 5286, 2441, 4713, 121, 2388, 292, 5439, 83, 4206, 4866, 1120, 5436, 1558, 1312, 2596, 3921, 1887, 388, 2130, 1360, 1525, 4673, 4770, 3790, 1675, 2897, 556, 4577, 4946, 2628, 1915, 2862, 5186, 4722, 3211, 2127, 2225, 352, 1392, 1877, 2901, 1025, 4799, 1285, 2739, 5107, 4436, 415, 2864, 15, 2351, 4600, 2046, 3401, 650, 3938, 1545, 226, 4522, 992, 5069, 534, 18, 335, 3566, 3064, 2698, 989, 123, 1932, 4178, 3670, 4847, 1514, 2273, 1786, 574, 2856, 3256, 618, 4694, 5405, 4404, 2676, 3762, 5255, 3755, 2485, 5321, 536, 233, 3760, 1837, 4431, 3948, 5252, 3797, 1538, 13, 1387, 1886, 1994, 2954, 4108, 3432, 3881, 4477, 2919, 4613, 5175, 714, 1719, 4590, 3976, 3180, 2250, 2329, 3919, 5171, 3330, 2506, 3126, 3434, 223, 1272, 1304, 2738, 3311, 1290, 3073, 3199, 5388, 1989, 2828, 1431, 2509, 1643, 3373, 2821, 1188, 2859, 1955, 510, 1486, 595, 2764, 2793, 2298, 708, 1768, 5056, 5179, 4869, 2794, 2360, 4895, 1094, 5372, 2311, 2488, 1066, 2618, 429, 571, 2244, 2290, 1380, 2387, 68, 2439, 1878, 3749, 4145, 3746, 4125, 1315, 2150, 4656, 348, 770, 3019, 2275, 587, 315, 4120, 36, 2855, 3651, 2566, 4293, 640, 1490, 4054, 4959, 1835, 2354, 3522, 4901, 1243, 1571, 3332, 652, 2068, 1808, 5156, 1114, 4716, 2121, 5117, 4747, 4593, 451, 3953, 2782, 2461, 5091, 4920, 4668, 3397, 5247, 1260, 297, 2704, 3504, 3203, 2900, 384, 157, 4868, 3488, 5245, 3173, 1647, 3273, 1192, 3908, 38, 3992, 749, 5294, 3848, 860, 2479, 2459, 867, 3218, 4838, 4482, 20, 1521, 1641, 122, 3118, 2063, 2400, 3519, 1063, 2035, 3442, 2890, 1763, 2119, 5400, 1961, 4854, 2292, 2772, 527, 4917, 4955, 2172, 1186, 4006, 1388, 4382, 4717, 2798, 831, 1206, 189, 5149, 4021, 507, 3599, 3197, 5148, 539, 2171, 2575, 1615, 4032, 2592, 5425, 350, 201, 2074, 3364, 3764, 2122, 3738, 1086, 4460, 400, 63, 1662, 286, 291, 693, 3484, 2629, 4674, 2334, 1913, 4762, 2824, 4767, 4750, 4965, 1785, 2069, 583, 1797, 5051, 4848, 2634, 1507, 4085, 5159, 3279, 3927, 4, 550, 5447, 207, 2799, 551, 5144, 2563, 146, 4989, 4400, 2113, 434, 27, 4129, 3768, 3668, 3459, 3091, 1215, 4091, 1681, 2872, 4014, 4194, 779, 4029, 3756, 4760, 2476, 1749, 4658, 4871, 4348, 2757, 646, 1897, 2195, 316, 716, 4208, 5383, 825, 5370, 3078, 3778, 1702, 3984, 3847, 1150, 4300, 649, 4808, 3775, 4935, 3159, 687, 1223, 946, 4538, 4535, 3077, 5359, 780, 477, 2524, 371, 5142, 3611, 62, 1069, 4193, 883, 4130, 4328, 622, 4974, 1436, 4519, 1762, 4238, 3012, 3554, 4026, 3342, 4182, 5410, 1407, 2736, 913, 4045, 182, 1382, 3625, 1351, 3839, 3583, 2938, 46, 829, 5326, 2230, 612, 5021, 3121, 1127, 3006, 1852, 329, 118, 3794, 4081, 72, 1330, 519, 1195, 2017, 1920, 314, 1129, 3544, 1000, 282, 4041, 2857, 324, 2210, 5283, 2272, 4438, 10, 5341, 4447, 5120, 4167, 1047, 742, 4222, 2916, 3377, 2533, 2707, 2819, 42, 3054, 703, 1519, 1891, 1740, 2997, 347, 5190, 3489, 4284, 833, 4467, 2603, 4198, 4987, 4303, 2483, 435, 4121, 2536, 3048, 2561, 4425, 3177, 2774, 5313, 5078, 1804, 2780, 317, 1372, 1842, 2517, 35, 4283, 3692, 794, 4047, 4496, 4319, 1623, 896, 4416, 3383, 2217, 2330, 2026, 2565, 890, 1423, 3773, 2941, 4926, 2977, 256, 2755, 3724, 1697, 3141, 3189, 2520, 402, 1159, 1593, 508, 1536, 2376, 2842, 691, 3596, 2321, 1576, 5411, 2201, 2532, 4138, 4631, 3815, 4657, 2905, 3472, 4518, 4823, 4810, 2892, 4073, 2806, 3715, 31, 2372, 1782, 2133, 1893, 3932, 4602, 3997, 1607, 1238, 4296, 1350, 4498, 4735, 1489, 4877, 845, 1630, 3469, 4143, 4002, 106, 2773, 2881, 287, 2062, 1757, 4230, 1627, 830, 563, 1196, 2460, 5333, 2472, 1067, 1377, 4844, 3515, 4552, 958, 4347, 1170, 1543, 3120, 2239, 28, 4909, 3026, 515, 3293, 1948, 4948, 76, 970, 840, 4011, 2675, 4050, 37, 108, 4651, 3319, 3660, 5160, 4768, 1911, 5345, 23, 4419, 1815, 447, 581, 4426, 893, 2756, 1864, 4418, 4444, 1411, 3446, 3278, 1618, 4786, 3998, 2055, 2795, 4841, 1599, 1044, 2418, 2206, 1394, 3409, 4428, 5301, 5139, 4504, 3974, 4123, 2414, 3527, 4244, 4985, 3310, 3975, 1318, 952, 4822, 3414, 2223, 1506, 627, 3094, 1236, 4642, 2481, 1629, 4509, 4265, 3829, 4149, 3249, 426, 3817, 2571, 3894, 4662, 744, 4561, 1926, 3576, 2655, 1714, 2072, 1559, 3358, 4741, 2526, 2896, 5132, 613, 4331, 1969, 1727, 1293, 871, 5264, 4669, 1505, 1095]",99,750,1,False,750
122,description,description,2,True,True,True,"{2: 151, 1: 172, 5: 122, 3: 154, 4: 141, 0: 10}","[4097, 1548, 5419, 4731, 3902, 3380, 4432, 3710, 3542, 3991, 4880, 2494, 2930, 1237, 5356, 235, 4127, 3911, 217, 3274, 932, 1468, 2624, 2837, 3687, 1483, 2116, 3691, 4885, 1822, 1115, 1952, 4887, 876, 2002, 4576, 3443, 5286, 2441, 4713, 121, 2388, 292, 5439, 83, 4206, 4866, 1120, 5436, 1558, 1312, 2596, 3921, 1887, 388, 2130, 1360, 1525, 4673, 4770, 3790, 1675, 2897, 556, 4577, 4946, 2628, 1915, 2862, 5186, 4722, 3211, 2127, 2225, 352, 1392, 1877, 2901, 1025, 4799, 1285, 2739, 5107, 4436, 415, 2864, 15, 2351, 4600, 2046, 3401, 650, 3938, 1545, 226, 4522, 992, 5069, 534, 18, 335, 3566, 3064, 2698, 989, 123, 1932, 4178, 3670, 4847, 1514, 2273, 1786, 574, 2856, 3256, 618, 4694, 5405, 4404, 2676, 3762, 5255, 3755, 2485, 5321, 536, 233, 3760, 1837, 4431, 3948, 5252, 3797, 1538, 13, 1387, 1886, 1994, 2954, 4108, 3432, 3881, 4477, 2919, 4613, 5175, 714, 1719, 4590, 3976, 3180, 2250, 2329, 3919, 5171, 3330, 2506, 3126, 3434, 223, 1272, 1304, 2738, 3311, 1290, 3073, 3199, 5388, 1989, 2828, 1431, 2509, 1643, 3373, 2821, 1188, 2859, 1955, 510, 1486, 595, 2764, 2793, 2298, 708, 1768, 5056, 5179, 4869, 2794, 2360, 4895, 1094, 5372, 2311, 2488, 1066, 2618, 429, 571, 2244, 2290, 1380, 2387, 68, 2439, 1878, 3749, 4145, 3746, 4125, 1315, 2150, 4656, 348, 770, 3019, 2275, 587, 315, 4120, 36, 2855, 3651, 2566, 4293, 640, 1490, 4054, 4959, 1835, 2354, 3522, 4901, 1243, 1571, 3332, 652, 2068, 1808, 5156, 1114, 4716, 2121, 5117, 4747, 4593, 451, 3953, 2782, 2461, 5091, 4920, 4668, 3397, 5247, 1260, 297, 2704, 3504, 3203, 2900, 384, 157, 4868, 3488, 5245, 3173, 1647, 3273, 1192, 3908, 38, 3992, 749, 5294, 3848, 860, 2479, 2459, 867, 3218, 4838, 4482, 20, 1521, 1641, 122, 3118, 2063, 2400, 3519, 1063, 2035, 3442, 2890, 1763, 2119, 5400, 1961, 4854, 2292, 2772, 527, 4917, 4955, 2172, 1186, 4006, 1388, 4382, 4717, 2798, 831, 1206, 189, 5149, 4021, 507, 3599, 3197, 5148, 539, 2171, 2575, 1615, 4032, 2592, 5425, 350, 201, 2074, 3364, 3764, 2122, 3738, 1086, 4460, 400, 63, 1662, 286, 291, 693, 3484, 2629, 4674, 2334, 1913, 4762, 2824, 4767, 4750, 4965, 1785, 2069, 583, 1797, 5051, 4848, 2634, 1507, 4085, 5159, 3279, 3927, 4, 550, 5447, 207, 2799, 551, 5144, 2563, 146, 4989, 4400, 2113, 434, 27, 4129, 3768, 3668, 3459, 3091, 1215, 4091, 1681, 2872, 4014, 4194, 779, 4029, 3756, 4760, 2476, 1749, 4658, 4871, 4348, 2757, 646, 1897, 2195, 316, 716, 4208, 5383, 825, 5370, 3078, 3778, 1702, 3984, 3847, 1150, 4300, 649, 4808, 3775, 4935, 3159, 687, 1223, 946, 4538, 4535, 3077, 5359, 780, 477, 2524, 371, 5142, 3611, 62, 1069, 4193, 883, 4130, 4328, 622, 4974, 1436, 4519, 1762, 4238, 3012, 3554, 4026, 3342, 4182, 5410, 1407, 2736, 913, 4045, 182, 1382, 3625, 1351, 3839, 3583, 2938, 46, 829, 5326, 2230, 612, 5021, 3121, 1127, 3006, 1852, 329, 118, 3794, 4081, 72, 1330, 519, 1195, 2017, 1920, 314, 1129, 3544, 1000, 282, 4041, 2857, 324, 2210, 5283, 2272, 4438, 10, 5341, 4447, 5120, 4167, 1047, 742, 4222, 2916, 3377, 2533, 2707, 2819, 42, 3054, 703, 1519, 1891, 1740, 2997, 347, 5190, 3489, 4284, 833, 4467, 2603, 4198, 4987, 4303, 2483, 435, 4121, 2536, 3048, 2561, 4425, 3177, 2774, 5313, 5078, 1804, 2780, 317, 1372, 1842, 2517, 35, 4283, 3692, 794, 4047, 4496, 4319, 1623, 896, 4416, 3383, 2217, 2330, 2026, 2565, 890, 1423, 3773, 2941, 4926, 2977, 256, 2755, 3724, 1697, 3141, 3189, 2520, 402, 1159, 1593, 508, 1536, 2376, 2842, 691, 3596, 2321, 1576, 5411, 2201, 2532, 4138, 4631, 3815, 4657, 2905, 3472, 4518, 4823, 4810, 2892, 4073, 2806, 3715, 31, 2372, 1782, 2133, 1893, 3932, 4602, 3997, 1607, 1238, 4296, 1350, 4498, 4735, 1489, 4877, 845, 1630, 3469, 4143, 4002, 106, 2773, 2881, 287, 2062, 1757, 4230, 1627, 830, 563, 1196, 2460, 5333, 2472, 1067, 1377, 4844, 3515, 4552, 958, 4347, 1170, 1543, 3120, 2239, 28, 4909, 3026, 515, 3293, 1948, 4948, 76, 970, 840, 4011, 2675, 4050, 37, 108, 4651, 3319, 3660, 5160, 4768, 1911, 5345, 23, 4419, 1815, 447, 581, 4426, 893, 2756, 1864, 4418, 4444, 1411, 3446, 3278, 1618, 4786, 3998, 2055, 2795, 4841, 1599, 1044, 2418, 2206, 1394, 3409, 4428, 5301, 5139, 4504, 3974, 4123, 2414, 3527, 4244, 4985, 3310, 3975, 1318, 952, 4822, 3414, 2223, 1506, 627, 3094, 1236, 4642, 2481, 1629, 4509, 4265, 3829, 4149, 3249, 426, 3817, 2571, 3894, 4662, 744, 4561, 1926, 3576, 2655, 1714, 2072, 1559, 3358, 4741, 2526, 2896, 5132, 613, 4331, 1969, 1727, 1293, 871, 5264, 4669, 1505, 1095]",122,750,1,False,750
421,numeric,location,4,True,False,True,"{2: 151, 1: 172, 5: 122, 3: 154, 4: 141, 0: 10}","[4097, 1548, 5419, 4731, 3902, 3380, 4432, 3710, 3542, 3991, 4880, 2494, 2930, 1237, 5356, 235, 4127, 3911, 217, 3274, 932, 1468, 2624, 2837, 3687, 1483, 2116, 3691, 4885, 1822, 1115, 1952, 4887, 876, 2002, 4576, 3443, 5286, 2441, 4713, 121, 2388, 292, 5439, 83, 4206, 4866, 1120, 5436, 1558, 1312, 2596, 3921, 1887, 388, 2130, 1360, 1525, 4673, 4770, 3790, 1675, 2897, 556, 4577, 4946, 2628, 1915, 2862, 5186, 4722, 3211, 2127, 2225, 352, 1392, 1877, 2901, 1025, 4799, 1285, 2739, 5107, 4436, 415, 2864, 15, 2351, 4600, 2046, 3401, 650, 3938, 1545, 226, 4522, 992, 5069, 534, 18, 335, 3566, 3064, 2698, 989, 123, 1932, 4178, 3670, 4847, 1514, 2273, 1786, 574, 2856, 3256, 618, 4694, 5405, 4404, 2676, 3762, 5255, 3755, 2485, 5321, 536, 233, 3760, 1837, 4431, 3948, 5252, 3797, 1538, 13, 1387, 1886, 1994, 2954, 4108, 3432, 3881, 4477, 2919, 4613, 5175, 714, 1719, 4590, 3976, 3180, 2250, 2329, 3919, 5171, 3330, 2506, 3126, 3434, 223, 1272, 1304, 2738, 3311, 1290, 3073, 3199, 5388, 1989, 2828, 1431, 2509, 1643, 3373, 2821, 1188, 2859, 1955, 510, 1486, 595, 2764, 2793, 2298, 708, 1768, 5056, 5179, 4869, 2794, 2360, 4895, 1094, 5372, 2311, 2488, 1066, 2618, 429, 571, 2244, 2290, 1380, 2387, 68, 2439, 1878, 3749, 4145, 3746, 4125, 1315, 2150, 4656, 348, 770, 3019, 2275, 587, 315, 4120, 36, 2855, 3651, 2566, 4293, 640, 1490, 4054, 4959, 1835, 2354, 3522, 4901, 1243, 1571, 3332, 652, 2068, 1808, 5156, 1114, 4716, 2121, 5117, 4747, 4593, 451, 3953, 2782, 2461, 5091, 4920, 4668, 3397, 5247, 1260, 297, 2704, 3504, 3203, 2900, 384, 157, 4868, 3488, 5245, 3173, 1647, 3273, 1192, 3908, 38, 3992, 749, 5294, 3848, 860, 2479, 2459, 867, 3218, 4838, 4482, 20, 1521, 1641, 122, 3118, 2063, 2400, 3519, 1063, 2035, 3442, 2890, 1763, 2119, 5400, 1961, 4854, 2292, 2772, 527, 4917, 4955, 2172, 1186, 4006, 1388, 4382, 4717, 2798, 831, 1206, 189, 5149, 4021, 507, 3599, 3197, 5148, 539, 2171, 2575, 1615, 4032, 2592, 5425, 350, 201, 2074, 3364, 3764, 2122, 3738, 1086, 4460, 400, 63, 1662, 286, 291, 693, 3484, 2629, 4674, 2334, 1913, 4762, 2824, 4767, 4750, 4965, 1785, 2069, 583, 1797, 5051, 4848, 2634, 1507, 4085, 5159, 3279, 3927, 4, 550, 5447, 207, 2799, 551, 5144, 2563, 146, 4989, 4400, 2113, 434, 27, 4129, 3768, 3668, 3459, 3091, 1215, 4091, 1681, 2872, 4014, 4194, 779, 4029, 3756, 4760, 2476, 1749, 4658, 4871, 4348, 2757, 646, 1897, 2195, 316, 716, 4208, 5383, 825, 5370, 3078, 3778, 1702, 3984, 3847, 1150, 4300, 649, 4808, 3775, 4935, 3159, 687, 1223, 946, 4538, 4535, 3077, 5359, 780, 477, 2524, 371, 5142, 3611, 62, 1069, 4193, 883, 4130, 4328, 622, 4974, 1436, 4519, 1762, 4238, 3012, 3554, 4026, 3342, 4182, 5410, 1407, 2736, 913, 4045, 182, 1382, 3625, 1351, 3839, 3583, 2938, 46, 829, 5326, 2230, 612, 5021, 3121, 1127, 3006, 1852, 329, 118, 3794, 4081, 72, 1330, 519, 1195, 2017, 1920, 314, 1129, 3544, 1000, 282, 4041, 2857, 324, 2210, 5283, 2272, 4438, 10, 5341, 4447, 5120, 4167, 1047, 742, 4222, 2916, 3377, 2533, 2707, 2819, 42, 3054, 703, 1519, 1891, 1740, 2997, 347, 5190, 3489, 4284, 833, 4467, 2603, 4198, 4987, 4303, 2483, 435, 4121, 2536, 3048, 2561, 4425, 3177, 2774, 5313, 5078, 1804, 2780, 317, 1372, 1842, 2517, 35, 4283, 3692, 794, 4047, 4496, 4319, 1623, 896, 4416, 3383, 2217, 2330, 2026, 2565, 890, 1423, 3773, 2941, 4926, 2977, 256, 2755, 3724, 1697, 3141, 3189, 2520, 402, 1159, 1593, 508, 1536, 2376, 2842, 691, 3596, 2321, 1576, 5411, 2201, 2532, 4138, 4631, 3815, 4657, 2905, 3472, 4518, 4823, 4810, 2892, 4073, 2806, 3715, 31, 2372, 1782, 2133, 1893, 3932, 4602, 3997, 1607, 1238, 4296, 1350, 4498, 4735, 1489, 4877, 845, 1630, 3469, 4143, 4002, 106, 2773, 2881, 287, 2062, 1757, 4230, 1627, 830, 563, 1196, 2460, 5333, 2472, 1067, 1377, 4844, 3515, 4552, 958, 4347, 1170, 1543, 3120, 2239, 28, 4909, 3026, 515, 3293, 1948, 4948, 76, 970, 840, 4011, 2675, 4050, 37, 108, 4651, 3319, 3660, 5160, 4768, 1911, 5345, 23, 4419, 1815, 447, 581, 4426, 893, 2756, 1864, 4418, 4444, 1411, 3446, 3278, 1618, 4786, 3998, 2055, 2795, 4841, 1599, 1044, 2418, 2206, 1394, 3409, 4428, 5301, 5139, 4504, 3974, 4123, 2414, 3527, 4244, 4985, 3310, 3975, 1318, 952, 4822, 3414, 2223, 1506, 627, 3094, 1236, 4642, 2481, 1629, 4509, 4265, 3829, 4149, 3249, 426, 3817, 2571, 3894, 4662, 744, 4561, 1926, 3576, 2655, 1714, 2072, 1559, 3358, 4741, 2526, 2896, 5132, 613, 4331, 1969, 1727, 1293, 871, 5264, 4669, 1505, 1095]",421,750,1,False,750
477,numeric,location,4,True,False,True,"{2: 151, 1: 172, 5: 122, 3: 154, 4: 141, 0: 10}","[4097, 1548, 5419, 4731, 3902, 3380, 4432, 3710, 3542, 3991, 4880, 2494, 2930, 1237, 5356, 235, 4127, 3911, 217, 3274, 932, 1468, 2624, 2837, 3687, 1483, 2116, 3691, 4885, 1822, 1115, 1952, 4887, 876, 2002, 4576, 3443, 5286, 2441, 4713, 121, 2388, 292, 5439, 83, 4206, 4866, 1120, 5436, 1558, 1312, 2596, 3921, 1887, 388, 2130, 1360, 1525, 4673, 4770, 3790, 1675, 2897, 556, 4577, 4946, 2628, 1915, 2862, 5186, 4722, 3211, 2127, 2225, 352, 1392, 1877, 2901, 1025, 4799, 1285, 2739, 5107, 4436, 415, 2864, 15, 2351, 4600, 2046, 3401, 650, 3938, 1545, 226, 4522, 992, 5069, 534, 18, 335, 3566, 3064, 2698, 989, 123, 1932, 4178, 3670, 4847, 1514, 2273, 1786, 574, 2856, 3256, 618, 4694, 5405, 4404, 2676, 3762, 5255, 3755, 2485, 5321, 536, 233, 3760, 1837, 4431, 3948, 5252, 3797, 1538, 13, 1387, 1886, 1994, 2954, 4108, 3432, 3881, 4477, 2919, 4613, 5175, 714, 1719, 4590, 3976, 3180, 2250, 2329, 3919, 5171, 3330, 2506, 3126, 3434, 223, 1272, 1304, 2738, 3311, 1290, 3073, 3199, 5388, 1989, 2828, 1431, 2509, 1643, 3373, 2821, 1188, 2859, 1955, 510, 1486, 595, 2764, 2793, 2298, 708, 1768, 5056, 5179, 4869, 2794, 2360, 4895, 1094, 5372, 2311, 2488, 1066, 2618, 429, 571, 2244, 2290, 1380, 2387, 68, 2439, 1878, 3749, 4145, 3746, 4125, 1315, 2150, 4656, 348, 770, 3019, 2275, 587, 315, 4120, 36, 2855, 3651, 2566, 4293, 640, 1490, 4054, 4959, 1835, 2354, 3522, 4901, 1243, 1571, 3332, 652, 2068, 1808, 5156, 1114, 4716, 2121, 5117, 4747, 4593, 451, 3953, 2782, 2461, 5091, 4920, 4668, 3397, 5247, 1260, 297, 2704, 3504, 3203, 2900, 384, 157, 4868, 3488, 5245, 3173, 1647, 3273, 1192, 3908, 38, 3992, 749, 5294, 3848, 860, 2479, 2459, 867, 3218, 4838, 4482, 20, 1521, 1641, 122, 3118, 2063, 2400, 3519, 1063, 2035, 3442, 2890, 1763, 2119, 5400, 1961, 4854, 2292, 2772, 527, 4917, 4955, 2172, 1186, 4006, 1388, 4382, 4717, 2798, 831, 1206, 189, 5149, 4021, 507, 3599, 3197, 5148, 539, 2171, 2575, 1615, 4032, 2592, 5425, 350, 201, 2074, 3364, 3764, 2122, 3738, 1086, 4460, 400, 63, 1662, 286, 291, 693, 3484, 2629, 4674, 2334, 1913, 4762, 2824, 4767, 4750, 4965, 1785, 2069, 583, 1797, 5051, 4848, 2634, 1507, 4085, 5159, 3279, 3927, 4, 550, 5447, 207, 2799, 551, 5144, 2563, 146, 4989, 4400, 2113, 434, 27, 4129, 3768, 3668, 3459, 3091, 1215, 4091, 1681, 2872, 4014, 4194, 779, 4029, 3756, 4760, 2476, 1749, 4658, 4871, 4348, 2757, 646, 1897, 2195, 316, 716, 4208, 5383, 825, 5370, 3078, 3778, 1702, 3984, 3847, 1150, 4300, 649, 4808, 3775, 4935, 3159, 687, 1223, 946, 4538, 4535, 3077, 5359, 780, 477, 2524, 371, 5142, 3611, 62, 1069, 4193, 883, 4130, 4328, 622, 4974, 1436, 4519, 1762, 4238, 3012, 3554, 4026, 3342, 4182, 5410, 1407, 2736, 913, 4045, 182, 1382, 3625, 1351, 3839, 3583, 2938, 46, 829, 5326, 2230, 612, 5021, 3121, 1127, 3006, 1852, 329, 118, 3794, 4081, 72, 1330, 519, 1195, 2017, 1920, 314, 1129, 3544, 1000, 282, 4041, 2857, 324, 2210, 5283, 2272, 4438, 10, 5341, 4447, 5120, 4167, 1047, 742, 4222, 2916, 3377, 2533, 2707, 2819, 42, 3054, 703, 1519, 1891, 1740, 2997, 347, 5190, 3489, 4284, 833, 4467, 2603, 4198, 4987, 4303, 2483, 435, 4121, 2536, 3048, 2561, 4425, 3177, 2774, 5313, 5078, 1804, 2780, 317, 1372, 1842, 2517, 35, 4283, 3692, 794, 4047, 4496, 4319, 1623, 896, 4416, 3383, 2217, 2330, 2026, 2565, 890, 1423, 3773, 2941, 4926, 2977, 256, 2755, 3724, 1697, 3141, 3189, 2520, 402, 1159, 1593, 508, 1536, 2376, 2842, 691, 3596, 2321, 1576, 5411, 2201, 2532, 4138, 4631, 3815, 4657, 2905, 3472, 4518, 4823, 4810, 2892, 4073, 2806, 3715, 31, 2372, 1782, 2133, 1893, 3932, 4602, 3997, 1607, 1238, 4296, 1350, 4498, 4735, 1489, 4877, 845, 1630, 3469, 4143, 4002, 106, 2773, 2881, 287, 2062, 1757, 4230, 1627, 830, 563, 1196, 2460, 5333, 2472, 1067, 1377, 4844, 3515, 4552, 958, 4347, 1170, 1543, 3120, 2239, 28, 4909, 3026, 515, 3293, 1948, 4948, 76, 970, 840, 4011, 2675, 4050, 37, 108, 4651, 3319, 3660, 5160, 4768, 1911, 5345, 23, 4419, 1815, 447, 581, 4426, 893, 2756, 1864, 4418, 4444, 1411, 3446, 3278, 1618, 4786, 3998, 2055, 2795, 4841, 1599, 1044, 2418, 2206, 1394, 3409, 4428, 5301, 5139, 4504, 3974, 4123, 2414, 3527, 4244, 4985, 3310, 3975, 1318, 952, 4822, 3414, 2223, 1506, 627, 3094, 1236, 4642, 2481, 1629, 4509, 4265, 3829, 4149, 3249, 426, 3817, 2571, 3894, 4662, 744, 4561, 1926, 3576, 2655, 1714, 2072, 1559, 3358, 4741, 2526, 2896, 5132, 613, 4331, 1969, 1727, 1293, 871, 5264, 4669, 1505, 1095]",477,750,1,False,750
378,abbreviation,abbre,0,True,True,False,"{2: 151, 1: 172, 5: 122, 3: 154, 4: 141, 0: 10}","[4097, 1548, 5419, 4731, 3902, 3380, 4432, 3710, 3542, 3991, 4880, 2494, 2930, 1237, 5356, 235, 4127, 3911, 217, 3274, 932, 1468, 2624, 2837, 3687, 1483, 2116, 3691, 4885, 1822, 1115, 1952, 4887, 876, 2002, 4576, 3443, 5286, 2441, 4713, 121, 2388, 292, 5439, 83, 4206, 4866, 1120, 5436, 1558, 1312, 2596, 3921, 1887, 388, 2130, 1360, 1525, 4673, 4770, 3790, 1675, 2897, 556, 4577, 4946, 2628, 1915, 2862, 5186, 4722, 3211, 2127, 2225, 352, 1392, 1877, 2901, 1025, 4799, 1285, 2739, 5107, 4436, 415, 2864, 15, 2351, 4600, 2046, 3401, 650, 3938, 1545, 226, 4522, 992, 5069, 534, 18, 335, 3566, 3064, 2698, 989, 123, 1932, 4178, 3670, 4847, 1514, 2273, 1786, 574, 2856, 3256, 618, 4694, 5405, 4404, 2676, 3762, 5255, 3755, 2485, 5321, 536, 233, 3760, 1837, 4431, 3948, 5252, 3797, 1538, 13, 1387, 1886, 1994, 2954, 4108, 3432, 3881, 4477, 2919, 4613, 5175, 714, 1719, 4590, 3976, 3180, 2250, 2329, 3919, 5171, 3330, 2506, 3126, 3434, 223, 1272, 1304, 2738, 3311, 1290, 3073, 3199, 5388, 1989, 2828, 1431, 2509, 1643, 3373, 2821, 1188, 2859, 1955, 510, 1486, 595, 2764, 2793, 2298, 708, 1768, 5056, 5179, 4869, 2794, 2360, 4895, 1094, 5372, 2311, 2488, 1066, 2618, 429, 571, 2244, 2290, 1380, 2387, 68, 2439, 1878, 3749, 4145, 3746, 4125, 1315, 2150, 4656, 348, 770, 3019, 2275, 587, 315, 4120, 36, 2855, 3651, 2566, 4293, 640, 1490, 4054, 4959, 1835, 2354, 3522, 4901, 1243, 1571, 3332, 652, 2068, 1808, 5156, 1114, 4716, 2121, 5117, 4747, 4593, 451, 3953, 2782, 2461, 5091, 4920, 4668, 3397, 5247, 1260, 297, 2704, 3504, 3203, 2900, 384, 157, 4868, 3488, 5245, 3173, 1647, 3273, 1192, 3908, 38, 3992, 749, 5294, 3848, 860, 2479, 2459, 867, 3218, 4838, 4482, 20, 1521, 1641, 122, 3118, 2063, 2400, 3519, 1063, 2035, 3442, 2890, 1763, 2119, 5400, 1961, 4854, 2292, 2772, 527, 4917, 4955, 2172, 1186, 4006, 1388, 4382, 4717, 2798, 831, 1206, 189, 5149, 4021, 507, 3599, 3197, 5148, 539, 2171, 2575, 1615, 4032, 2592, 5425, 350, 201, 2074, 3364, 3764, 2122, 3738, 1086, 4460, 400, 63, 1662, 286, 291, 693, 3484, 2629, 4674, 2334, 1913, 4762, 2824, 4767, 4750, 4965, 1785, 2069, 583, 1797, 5051, 4848, 2634, 1507, 4085, 5159, 3279, 3927, 4, 550, 5447, 207, 2799, 551, 5144, 2563, 146, 4989, 4400, 2113, 434, 27, 4129, 3768, 3668, 3459, 3091, 1215, 4091, 1681, 2872, 4014, 4194, 779, 4029, 3756, 4760, 2476, 1749, 4658, 4871, 4348, 2757, 646, 1897, 2195, 316, 716, 4208, 5383, 825, 5370, 3078, 3778, 1702, 3984, 3847, 1150, 4300, 649, 4808, 3775, 4935, 3159, 687, 1223, 946, 4538, 4535, 3077, 5359, 780, 477, 2524, 371, 5142, 3611, 62, 1069, 4193, 883, 4130, 4328, 622, 4974, 1436, 4519, 1762, 4238, 3012, 3554, 4026, 3342, 4182, 5410, 1407, 2736, 913, 4045, 182, 1382, 3625, 1351, 3839, 3583, 2938, 46, 829, 5326, 2230, 612, 5021, 3121, 1127, 3006, 1852, 329, 118, 3794, 4081, 72, 1330, 519, 1195, 2017, 1920, 314, 1129, 3544, 1000, 282, 4041, 2857, 324, 2210, 5283, 2272, 4438, 10, 5341, 4447, 5120, 4167, 1047, 742, 4222, 2916, 3377, 2533, 2707, 2819, 42, 3054, 703, 1519, 1891, 1740, 2997, 347, 5190, 3489, 4284, 833, 4467, 2603, 4198, 4987, 4303, 2483, 435, 4121, 2536, 3048, 2561, 4425, 3177, 2774, 5313, 5078, 1804, 2780, 317, 1372, 1842, 2517, 35, 4283, 3692, 794, 4047, 4496, 4319, 1623, 896, 4416, 3383, 2217, 2330, 2026, 2565, 890, 1423, 3773, 2941, 4926, 2977, 256, 2755, 3724, 1697, 3141, 3189, 2520, 402, 1159, 1593, 508, 1536, 2376, 2842, 691, 3596, 2321, 1576, 5411, 2201, 2532, 4138, 4631, 3815, 4657, 2905, 3472, 4518, 4823, 4810, 2892, 4073, 2806, 3715, 31, 2372, 1782, 2133, 1893, 3932, 4602, 3997, 1607, 1238, 4296, 1350, 4498, 4735, 1489, 4877, 845, 1630, 3469, 4143, 4002, 106, 2773, 2881, 287, 2062, 1757, 4230, 1627, 830, 563, 1196, 2460, 5333, 2472, 1067, 1377, 4844, 3515, 4552, 958, 4347, 1170, 1543, 3120, 2239, 28, 4909, 3026, 515, 3293, 1948, 4948, 76, 970, 840, 4011, 2675, 4050, 37, 108, 4651, 3319, 3660, 5160, 4768, 1911, 5345, 23, 4419, 1815, 447, 581, 4426, 893, 2756, 1864, 4418, 4444, 1411, 3446, 3278, 1618, 4786, 3998, 2055, 2795, 4841, 1599, 1044, 2418, 2206, 1394, 3409, 4428, 5301, 5139, 4504, 3974, 4123, 2414, 3527, 4244, 4985, 3310, 3975, 1318, 952, 4822, 3414, 2223, 1506, 627, 3094, 1236, 4642, 2481, 1629, 4509, 4265, 3829, 4149, 3249, 426, 3817, 2571, 3894, 4662, 744, 4561, 1926, 3576, 2655, 1714, 2072, 1559, 3358, 4741, 2526, 2896, 5132, 613, 4331, 1969, 1727, 1293, 871, 5264, 4669, 1505, 1095]",378,750,1,False,750
357,numeric,numeric,5,True,True,True,"{2: 151, 1: 172, 5: 122, 3: 154, 4: 141, 0: 10}","[4097, 1548, 5419, 4731, 3902, 3380, 4432, 3710, 3542, 3991, 4880, 2494, 2930, 1237, 5356, 235, 4127, 3911, 217, 3274, 932, 1468, 2624, 2837, 3687, 1483, 2116, 3691, 4885, 1822, 1115, 1952, 4887, 876, 2002, 4576, 3443, 5286, 2441, 4713, 121, 2388, 292, 5439, 83, 4206, 4866, 1120, 5436, 1558, 1312, 2596, 3921, 1887, 388, 2130, 1360, 1525, 4673, 4770, 3790, 1675, 2897, 556, 4577, 4946, 2628, 1915, 2862, 5186, 4722, 3211, 2127, 2225, 352, 1392, 1877, 2901, 1025, 4799, 1285, 2739, 5107, 4436, 415, 2864, 15, 2351, 4600, 2046, 3401, 650, 3938, 1545, 226, 4522, 992, 5069, 534, 18, 335, 3566, 3064, 2698, 989, 123, 1932, 4178, 3670, 4847, 1514, 2273, 1786, 574, 2856, 3256, 618, 4694, 5405, 4404, 2676, 3762, 5255, 3755, 2485, 5321, 536, 233, 3760, 1837, 4431, 3948, 5252, 3797, 1538, 13, 1387, 1886, 1994, 2954, 4108, 3432, 3881, 4477, 2919, 4613, 5175, 714, 1719, 4590, 3976, 3180, 2250, 2329, 3919, 5171, 3330, 2506, 3126, 3434, 223, 1272, 1304, 2738, 3311, 1290, 3073, 3199, 5388, 1989, 2828, 1431, 2509, 1643, 3373, 2821, 1188, 2859, 1955, 510, 1486, 595, 2764, 2793, 2298, 708, 1768, 5056, 5179, 4869, 2794, 2360, 4895, 1094, 5372, 2311, 2488, 1066, 2618, 429, 571, 2244, 2290, 1380, 2387, 68, 2439, 1878, 3749, 4145, 3746, 4125, 1315, 2150, 4656, 348, 770, 3019, 2275, 587, 315, 4120, 36, 2855, 3651, 2566, 4293, 640, 1490, 4054, 4959, 1835, 2354, 3522, 4901, 1243, 1571, 3332, 652, 2068, 1808, 5156, 1114, 4716, 2121, 5117, 4747, 4593, 451, 3953, 2782, 2461, 5091, 4920, 4668, 3397, 5247, 1260, 297, 2704, 3504, 3203, 2900, 384, 157, 4868, 3488, 5245, 3173, 1647, 3273, 1192, 3908, 38, 3992, 749, 5294, 3848, 860, 2479, 2459, 867, 3218, 4838, 4482, 20, 1521, 1641, 122, 3118, 2063, 2400, 3519, 1063, 2035, 3442, 2890, 1763, 2119, 5400, 1961, 4854, 2292, 2772, 527, 4917, 4955, 2172, 1186, 4006, 1388, 4382, 4717, 2798, 831, 1206, 189, 5149, 4021, 507, 3599, 3197, 5148, 539, 2171, 2575, 1615, 4032, 2592, 5425, 350, 201, 2074, 3364, 3764, 2122, 3738, 1086, 4460, 400, 63, 1662, 286, 291, 693, 3484, 2629, 4674, 2334, 1913, 4762, 2824, 4767, 4750, 4965, 1785, 2069, 583, 1797, 5051, 4848, 2634, 1507, 4085, 5159, 3279, 3927, 4, 550, 5447, 207, 2799, 551, 5144, 2563, 146, 4989, 4400, 2113, 434, 27, 4129, 3768, 3668, 3459, 3091, 1215, 4091, 1681, 2872, 4014, 4194, 779, 4029, 3756, 4760, 2476, 1749, 4658, 4871, 4348, 2757, 646, 1897, 2195, 316, 716, 4208, 5383, 825, 5370, 3078, 3778, 1702, 3984, 3847, 1150, 4300, 649, 4808, 3775, 4935, 3159, 687, 1223, 946, 4538, 4535, 3077, 5359, 780, 477, 2524, 371, 5142, 3611, 62, 1069, 4193, 883, 4130, 4328, 622, 4974, 1436, 4519, 1762, 4238, 3012, 3554, 4026, 3342, 4182, 5410, 1407, 2736, 913, 4045, 182, 1382, 3625, 1351, 3839, 3583, 2938, 46, 829, 5326, 2230, 612, 5021, 3121, 1127, 3006, 1852, 329, 118, 3794, 4081, 72, 1330, 519, 1195, 2017, 1920, 314, 1129, 3544, 1000, 282, 4041, 2857, 324, 2210, 5283, 2272, 4438, 10, 5341, 4447, 5120, 4167, 1047, 742, 4222, 2916, 3377, 2533, 2707, 2819, 42, 3054, 703, 1519, 1891, 1740, 2997, 347, 5190, 3489, 4284, 833, 4467, 2603, 4198, 4987, 4303, 2483, 435, 4121, 2536, 3048, 2561, 4425, 3177, 2774, 5313, 5078, 1804, 2780, 317, 1372, 1842, 2517, 35, 4283, 3692, 794, 4047, 4496, 4319, 1623, 896, 4416, 3383, 2217, 2330, 2026, 2565, 890, 1423, 3773, 2941, 4926, 2977, 256, 2755, 3724, 1697, 3141, 3189, 2520, 402, 1159, 1593, 508, 1536, 2376, 2842, 691, 3596, 2321, 1576, 5411, 2201, 2532, 4138, 4631, 3815, 4657, 2905, 3472, 4518, 4823, 4810, 2892, 4073, 2806, 3715, 31, 2372, 1782, 2133, 1893, 3932, 4602, 3997, 1607, 1238, 4296, 1350, 4498, 4735, 1489, 4877, 845, 1630, 3469, 4143, 4002, 106, 2773, 2881, 287, 2062, 1757, 4230, 1627, 830, 563, 1196, 2460, 5333, 2472, 1067, 1377, 4844, 3515, 4552, 958, 4347, 1170, 1543, 3120, 2239, 28, 4909, 3026, 515, 3293, 1948, 4948, 76, 970, 840, 4011, 2675, 4050, 37, 108, 4651, 3319, 3660, 5160, 4768, 1911, 5345, 23, 4419, 1815, 447, 581, 4426, 893, 2756, 1864, 4418, 4444, 1411, 3446, 3278, 1618, 4786, 3998, 2055, 2795, 4841, 1599, 1044, 2418, 2206, 1394, 3409, 4428, 5301, 5139, 4504, 3974, 4123, 2414, 3527, 4244, 4985, 3310, 3975, 1318, 952, 4822, 3414, 2223, 1506, 627, 3094, 1236, 4642, 2481, 1629, 4509, 4265, 3829, 4149, 3249, 426, 3817, 2571, 3894, 4662, 744, 4561, 1926, 3576, 2655, 1714, 2072, 1559, 3358, 4741, 2526, 2896, 5132, 613, 4331, 1969, 1727, 1293, 871, 5264, 4669, 1505, 1095]",357,750,1,False,750
3,description,description,2,True,True,True,"{2: 151, 1: 172, 5: 122, 3: 154, 4: 141, 0: 10}","[4097, 1548, 5419, 4731, 3902, 3380, 4432, 3710, 3542, 3991, 4880, 2494, 2930, 1237, 5356, 235, 4127, 3911, 217, 3274, 932, 1468, 2624, 2837, 3687, 1483, 2116, 3691, 4885, 1822, 1115, 1952, 4887, 876, 2002, 4576, 3443, 5286, 2441, 4713, 121, 2388, 292, 5439, 83, 4206, 4866, 1120, 5436, 1558, 1312, 2596, 3921, 1887, 388, 2130, 1360, 1525, 4673, 4770, 3790, 1675, 2897, 556, 4577, 4946, 2628, 1915, 2862, 5186, 4722, 3211, 2127, 2225, 352, 1392, 1877, 2901, 1025, 4799, 1285, 2739, 5107, 4436, 415, 2864, 15, 2351, 4600, 2046, 3401, 650, 3938, 1545, 226, 4522, 992, 5069, 534, 18, 335, 3566, 3064, 2698, 989, 123, 1932, 4178, 3670, 4847, 1514, 2273, 1786, 574, 2856, 3256, 618, 4694, 5405, 4404, 2676, 3762, 5255, 3755, 2485, 5321, 536, 233, 3760, 1837, 4431, 3948, 5252, 3797, 1538, 13, 1387, 1886, 1994, 2954, 4108, 3432, 3881, 4477, 2919, 4613, 5175, 714, 1719, 4590, 3976, 3180, 2250, 2329, 3919, 5171, 3330, 2506, 3126, 3434, 223, 1272, 1304, 2738, 3311, 1290, 3073, 3199, 5388, 1989, 2828, 1431, 2509, 1643, 3373, 2821, 1188, 2859, 1955, 510, 1486, 595, 2764, 2793, 2298, 708, 1768, 5056, 5179, 4869, 2794, 2360, 4895, 1094, 5372, 2311, 2488, 1066, 2618, 429, 571, 2244, 2290, 1380, 2387, 68, 2439, 1878, 3749, 4145, 3746, 4125, 1315, 2150, 4656, 348, 770, 3019, 2275, 587, 315, 4120, 36, 2855, 3651, 2566, 4293, 640, 1490, 4054, 4959, 1835, 2354, 3522, 4901, 1243, 1571, 3332, 652, 2068, 1808, 5156, 1114, 4716, 2121, 5117, 4747, 4593, 451, 3953, 2782, 2461, 5091, 4920, 4668, 3397, 5247, 1260, 297, 2704, 3504, 3203, 2900, 384, 157, 4868, 3488, 5245, 3173, 1647, 3273, 1192, 3908, 38, 3992, 749, 5294, 3848, 860, 2479, 2459, 867, 3218, 4838, 4482, 20, 1521, 1641, 122, 3118, 2063, 2400, 3519, 1063, 2035, 3442, 2890, 1763, 2119, 5400, 1961, 4854, 2292, 2772, 527, 4917, 4955, 2172, 1186, 4006, 1388, 4382, 4717, 2798, 831, 1206, 189, 5149, 4021, 507, 3599, 3197, 5148, 539, 2171, 2575, 1615, 4032, 2592, 5425, 350, 201, 2074, 3364, 3764, 2122, 3738, 1086, 4460, 400, 63, 1662, 286, 291, 693, 3484, 2629, 4674, 2334, 1913, 4762, 2824, 4767, 4750, 4965, 1785, 2069, 583, 1797, 5051, 4848, 2634, 1507, 4085, 5159, 3279, 3927, 4, 550, 5447, 207, 2799, 551, 5144, 2563, 146, 4989, 4400, 2113, 434, 27, 4129, 3768, 3668, 3459, 3091, 1215, 4091, 1681, 2872, 4014, 4194, 779, 4029, 3756, 4760, 2476, 1749, 4658, 4871, 4348, 2757, 646, 1897, 2195, 316, 716, 4208, 5383, 825, 5370, 3078, 3778, 1702, 3984, 3847, 1150, 4300, 649, 4808, 3775, 4935, 3159, 687, 1223, 946, 4538, 4535, 3077, 5359, 780, 477, 2524, 371, 5142, 3611, 62, 1069, 4193, 883, 4130, 4328, 622, 4974, 1436, 4519, 1762, 4238, 3012, 3554, 4026, 3342, 4182, 5410, 1407, 2736, 913, 4045, 182, 1382, 3625, 1351, 3839, 3583, 2938, 46, 829, 5326, 2230, 612, 5021, 3121, 1127, 3006, 1852, 329, 118, 3794, 4081, 72, 1330, 519, 1195, 2017, 1920, 314, 1129, 3544, 1000, 282, 4041, 2857, 324, 2210, 5283, 2272, 4438, 10, 5341, 4447, 5120, 4167, 1047, 742, 4222, 2916, 3377, 2533, 2707, 2819, 42, 3054, 703, 1519, 1891, 1740, 2997, 347, 5190, 3489, 4284, 833, 4467, 2603, 4198, 4987, 4303, 2483, 435, 4121, 2536, 3048, 2561, 4425, 3177, 2774, 5313, 5078, 1804, 2780, 317, 1372, 1842, 2517, 35, 4283, 3692, 794, 4047, 4496, 4319, 1623, 896, 4416, 3383, 2217, 2330, 2026, 2565, 890, 1423, 3773, 2941, 4926, 2977, 256, 2755, 3724, 1697, 3141, 3189, 2520, 402, 1159, 1593, 508, 1536, 2376, 2842, 691, 3596, 2321, 1576, 5411, 2201, 2532, 4138, 4631, 3815, 4657, 2905, 3472, 4518, 4823, 4810, 2892, 4073, 2806, 3715, 31, 2372, 1782, 2133, 1893, 3932, 4602, 3997, 1607, 1238, 4296, 1350, 4498, 4735, 1489, 4877, 845, 1630, 3469, 4143, 4002, 106, 2773, 2881, 287, 2062, 1757, 4230, 1627, 830, 563, 1196, 2460, 5333, 2472, 1067, 1377, 4844, 3515, 4552, 958, 4347, 1170, 1543, 3120, 2239, 28, 4909, 3026, 515, 3293, 1948, 4948, 76, 970, 840, 4011, 2675, 4050, 37, 108, 4651, 3319, 3660, 5160, 4768, 1911, 5345, 23, 4419, 1815, 447, 581, 4426, 893, 2756, 1864, 4418, 4444, 1411, 3446, 3278, 1618, 4786, 3998, 2055, 2795, 4841, 1599, 1044, 2418, 2206, 1394, 3409, 4428, 5301, 5139, 4504, 3974, 4123, 2414, 3527, 4244, 4985, 3310, 3975, 1318, 952, 4822, 3414, 2223, 1506, 627, 3094, 1236, 4642, 2481, 1629, 4509, 4265, 3829, 4149, 3249, 426, 3817, 2571, 3894, 4662, 744, 4561, 1926, 3576, 2655, 1714, 2072, 1559, 3358, 4741, 2526, 2896, 5132, 613, 4331, 1969, 1727, 1293, 871, 5264, 4669, 1505, 1095]",3,750,1,False,750
406,description,description,2,True,True,True,"{2: 151, 1: 172, 5: 122, 3: 154, 4: 141, 0: 10}","[4097, 1548, 5419, 4731, 3902, 3380, 4432, 3710, 3542, 3991, 4880, 2494, 2930, 1237, 5356, 235, 4127, 3911, 217, 3274, 932, 1468, 2624, 2837, 3687, 1483, 2116, 3691, 4885, 1822, 1115, 1952, 4887, 876, 2002, 4576, 3443, 5286, 2441, 4713, 121, 2388, 292, 5439, 83, 4206, 4866, 1120, 5436, 1558, 1312, 2596, 3921, 1887, 388, 2130, 1360, 1525, 4673, 4770, 3790, 1675, 2897, 556, 4577, 4946, 2628, 1915, 2862, 5186, 4722, 3211, 2127, 2225, 352, 1392, 1877, 2901, 1025, 4799, 1285, 2739, 5107, 4436, 415, 2864, 15, 2351, 4600, 2046, 3401, 650, 3938, 1545, 226, 4522, 992, 5069, 534, 18, 335, 3566, 3064, 2698, 989, 123, 1932, 4178, 3670, 4847, 1514, 2273, 1786, 574, 2856, 3256, 618, 4694, 5405, 4404, 2676, 3762, 5255, 3755, 2485, 5321, 536, 233, 3760, 1837, 4431, 3948, 5252, 3797, 1538, 13, 1387, 1886, 1994, 2954, 4108, 3432, 3881, 4477, 2919, 4613, 5175, 714, 1719, 4590, 3976, 3180, 2250, 2329, 3919, 5171, 3330, 2506, 3126, 3434, 223, 1272, 1304, 2738, 3311, 1290, 3073, 3199, 5388, 1989, 2828, 1431, 2509, 1643, 3373, 2821, 1188, 2859, 1955, 510, 1486, 595, 2764, 2793, 2298, 708, 1768, 5056, 5179, 4869, 2794, 2360, 4895, 1094, 5372, 2311, 2488, 1066, 2618, 429, 571, 2244, 2290, 1380, 2387, 68, 2439, 1878, 3749, 4145, 3746, 4125, 1315, 2150, 4656, 348, 770, 3019, 2275, 587, 315, 4120, 36, 2855, 3651, 2566, 4293, 640, 1490, 4054, 4959, 1835, 2354, 3522, 4901, 1243, 1571, 3332, 652, 2068, 1808, 5156, 1114, 4716, 2121, 5117, 4747, 4593, 451, 3953, 2782, 2461, 5091, 4920, 4668, 3397, 5247, 1260, 297, 2704, 3504, 3203, 2900, 384, 157, 4868, 3488, 5245, 3173, 1647, 3273, 1192, 3908, 38, 3992, 749, 5294, 3848, 860, 2479, 2459, 867, 3218, 4838, 4482, 20, 1521, 1641, 122, 3118, 2063, 2400, 3519, 1063, 2035, 3442, 2890, 1763, 2119, 5400, 1961, 4854, 2292, 2772, 527, 4917, 4955, 2172, 1186, 4006, 1388, 4382, 4717, 2798, 831, 1206, 189, 5149, 4021, 507, 3599, 3197, 5148, 539, 2171, 2575, 1615, 4032, 2592, 5425, 350, 201, 2074, 3364, 3764, 2122, 3738, 1086, 4460, 400, 63, 1662, 286, 291, 693, 3484, 2629, 4674, 2334, 1913, 4762, 2824, 4767, 4750, 4965, 1785, 2069, 583, 1797, 5051, 4848, 2634, 1507, 4085, 5159, 3279, 3927, 4, 550, 5447, 207, 2799, 551, 5144, 2563, 146, 4989, 4400, 2113, 434, 27, 4129, 3768, 3668, 3459, 3091, 1215, 4091, 1681, 2872, 4014, 4194, 779, 4029, 3756, 4760, 2476, 1749, 4658, 4871, 4348, 2757, 646, 1897, 2195, 316, 716, 4208, 5383, 825, 5370, 3078, 3778, 1702, 3984, 3847, 1150, 4300, 649, 4808, 3775, 4935, 3159, 687, 1223, 946, 4538, 4535, 3077, 5359, 780, 477, 2524, 371, 5142, 3611, 62, 1069, 4193, 883, 4130, 4328, 622, 4974, 1436, 4519, 1762, 4238, 3012, 3554, 4026, 3342, 4182, 5410, 1407, 2736, 913, 4045, 182, 1382, 3625, 1351, 3839, 3583, 2938, 46, 829, 5326, 2230, 612, 5021, 3121, 1127, 3006, 1852, 329, 118, 3794, 4081, 72, 1330, 519, 1195, 2017, 1920, 314, 1129, 3544, 1000, 282, 4041, 2857, 324, 2210, 5283, 2272, 4438, 10, 5341, 4447, 5120, 4167, 1047, 742, 4222, 2916, 3377, 2533, 2707, 2819, 42, 3054, 703, 1519, 1891, 1740, 2997, 347, 5190, 3489, 4284, 833, 4467, 2603, 4198, 4987, 4303, 2483, 435, 4121, 2536, 3048, 2561, 4425, 3177, 2774, 5313, 5078, 1804, 2780, 317, 1372, 1842, 2517, 35, 4283, 3692, 794, 4047, 4496, 4319, 1623, 896, 4416, 3383, 2217, 2330, 2026, 2565, 890, 1423, 3773, 2941, 4926, 2977, 256, 2755, 3724, 1697, 3141, 3189, 2520, 402, 1159, 1593, 508, 1536, 2376, 2842, 691, 3596, 2321, 1576, 5411, 2201, 2532, 4138, 4631, 3815, 4657, 2905, 3472, 4518, 4823, 4810, 2892, 4073, 2806, 3715, 31, 2372, 1782, 2133, 1893, 3932, 4602, 3997, 1607, 1238, 4296, 1350, 4498, 4735, 1489, 4877, 845, 1630, 3469, 4143, 4002, 106, 2773, 2881, 287, 2062, 1757, 4230, 1627, 830, 563, 1196, 2460, 5333, 2472, 1067, 1377, 4844, 3515, 4552, 958, 4347, 1170, 1543, 3120, 2239, 28, 4909, 3026, 515, 3293, 1948, 4948, 76, 970, 840, 4011, 2675, 4050, 37, 108, 4651, 3319, 3660, 5160, 4768, 1911, 5345, 23, 4419, 1815, 447, 581, 4426, 893, 2756, 1864, 4418, 4444, 1411, 3446, 3278, 1618, 4786, 3998, 2055, 2795, 4841, 1599, 1044, 2418, 2206, 1394, 3409, 4428, 5301, 5139, 4504, 3974, 4123, 2414, 3527, 4244, 4985, 3310, 3975, 1318, 952, 4822, 3414, 2223, 1506, 627, 3094, 1236, 4642, 2481, 1629, 4509, 4265, 3829, 4149, 3249, 426, 3817, 2571, 3894, 4662, 744, 4561, 1926, 3576, 2655, 1714, 2072, 1559, 3358, 4741, 2526, 2896, 5132, 613, 4331, 1969, 1727, 1293, 871, 5264, 4669, 1505, 1095]",406,750,1,False,750
127,numeric,numeric,5,True,True,True,"{2: 151, 1: 172, 5: 122, 3: 154, 4: 141, 0: 10}","[4097, 1548, 5419, 4731, 3902, 3380, 4432, 3710, 3542, 3991, 4880, 2494, 2930, 1237, 5356, 235, 4127, 3911, 217, 3274, 932, 1468, 2624, 2837, 3687, 1483, 2116, 3691, 4885, 1822, 1115, 1952, 4887, 876, 2002, 4576, 3443, 5286, 2441, 4713, 121, 2388, 292, 5439, 83, 4206, 4866, 1120, 5436, 1558, 1312, 2596, 3921, 1887, 388, 2130, 1360, 1525, 4673, 4770, 3790, 1675, 2897, 556, 4577, 4946, 2628, 1915, 2862, 5186, 4722, 3211, 2127, 2225, 352, 1392, 1877, 2901, 1025, 4799, 1285, 2739, 5107, 4436, 415, 2864, 15, 2351, 4600, 2046, 3401, 650, 3938, 1545, 226, 4522, 992, 5069, 534, 18, 335, 3566, 3064, 2698, 989, 123, 1932, 4178, 3670, 4847, 1514, 2273, 1786, 574, 2856, 3256, 618, 4694, 5405, 4404, 2676, 3762, 5255, 3755, 2485, 5321, 536, 233, 3760, 1837, 4431, 3948, 5252, 3797, 1538, 13, 1387, 1886, 1994, 2954, 4108, 3432, 3881, 4477, 2919, 4613, 5175, 714, 1719, 4590, 3976, 3180, 2250, 2329, 3919, 5171, 3330, 2506, 3126, 3434, 223, 1272, 1304, 2738, 3311, 1290, 3073, 3199, 5388, 1989, 2828, 1431, 2509, 1643, 3373, 2821, 1188, 2859, 1955, 510, 1486, 595, 2764, 2793, 2298, 708, 1768, 5056, 5179, 4869, 2794, 2360, 4895, 1094, 5372, 2311, 2488, 1066, 2618, 429, 571, 2244, 2290, 1380, 2387, 68, 2439, 1878, 3749, 4145, 3746, 4125, 1315, 2150, 4656, 348, 770, 3019, 2275, 587, 315, 4120, 36, 2855, 3651, 2566, 4293, 640, 1490, 4054, 4959, 1835, 2354, 3522, 4901, 1243, 1571, 3332, 652, 2068, 1808, 5156, 1114, 4716, 2121, 5117, 4747, 4593, 451, 3953, 2782, 2461, 5091, 4920, 4668, 3397, 5247, 1260, 297, 2704, 3504, 3203, 2900, 384, 157, 4868, 3488, 5245, 3173, 1647, 3273, 1192, 3908, 38, 3992, 749, 5294, 3848, 860, 2479, 2459, 867, 3218, 4838, 4482, 20, 1521, 1641, 122, 3118, 2063, 2400, 3519, 1063, 2035, 3442, 2890, 1763, 2119, 5400, 1961, 4854, 2292, 2772, 527, 4917, 4955, 2172, 1186, 4006, 1388, 4382, 4717, 2798, 831, 1206, 189, 5149, 4021, 507, 3599, 3197, 5148, 539, 2171, 2575, 1615, 4032, 2592, 5425, 350, 201, 2074, 3364, 3764, 2122, 3738, 1086, 4460, 400, 63, 1662, 286, 291, 693, 3484, 2629, 4674, 2334, 1913, 4762, 2824, 4767, 4750, 4965, 1785, 2069, 583, 1797, 5051, 4848, 2634, 1507, 4085, 5159, 3279, 3927, 4, 550, 5447, 207, 2799, 551, 5144, 2563, 146, 4989, 4400, 2113, 434, 27, 4129, 3768, 3668, 3459, 3091, 1215, 4091, 1681, 2872, 4014, 4194, 779, 4029, 3756, 4760, 2476, 1749, 4658, 4871, 4348, 2757, 646, 1897, 2195, 316, 716, 4208, 5383, 825, 5370, 3078, 3778, 1702, 3984, 3847, 1150, 4300, 649, 4808, 3775, 4935, 3159, 687, 1223, 946, 4538, 4535, 3077, 5359, 780, 477, 2524, 371, 5142, 3611, 62, 1069, 4193, 883, 4130, 4328, 622, 4974, 1436, 4519, 1762, 4238, 3012, 3554, 4026, 3342, 4182, 5410, 1407, 2736, 913, 4045, 182, 1382, 3625, 1351, 3839, 3583, 2938, 46, 829, 5326, 2230, 612, 5021, 3121, 1127, 3006, 1852, 329, 118, 3794, 4081, 72, 1330, 519, 1195, 2017, 1920, 314, 1129, 3544, 1000, 282, 4041, 2857, 324, 2210, 5283, 2272, 4438, 10, 5341, 4447, 5120, 4167, 1047, 742, 4222, 2916, 3377, 2533, 2707, 2819, 42, 3054, 703, 1519, 1891, 1740, 2997, 347, 5190, 3489, 4284, 833, 4467, 2603, 4198, 4987, 4303, 2483, 435, 4121, 2536, 3048, 2561, 4425, 3177, 2774, 5313, 5078, 1804, 2780, 317, 1372, 1842, 2517, 35, 4283, 3692, 794, 4047, 4496, 4319, 1623, 896, 4416, 3383, 2217, 2330, 2026, 2565, 890, 1423, 3773, 2941, 4926, 2977, 256, 2755, 3724, 1697, 3141, 3189, 2520, 402, 1159, 1593, 508, 1536, 2376, 2842, 691, 3596, 2321, 1576, 5411, 2201, 2532, 4138, 4631, 3815, 4657, 2905, 3472, 4518, 4823, 4810, 2892, 4073, 2806, 3715, 31, 2372, 1782, 2133, 1893, 3932, 4602, 3997, 1607, 1238, 4296, 1350, 4498, 4735, 1489, 4877, 845, 1630, 3469, 4143, 4002, 106, 2773, 2881, 287, 2062, 1757, 4230, 1627, 830, 563, 1196, 2460, 5333, 2472, 1067, 1377, 4844, 3515, 4552, 958, 4347, 1170, 1543, 3120, 2239, 28, 4909, 3026, 515, 3293, 1948, 4948, 76, 970, 840, 4011, 2675, 4050, 37, 108, 4651, 3319, 3660, 5160, 4768, 1911, 5345, 23, 4419, 1815, 447, 581, 4426, 893, 2756, 1864, 4418, 4444, 1411, 3446, 3278, 1618, 4786, 3998, 2055, 2795, 4841, 1599, 1044, 2418, 2206, 1394, 3409, 4428, 5301, 5139, 4504, 3974, 4123, 2414, 3527, 4244, 4985, 3310, 3975, 1318, 952, 4822, 3414, 2223, 1506, 627, 3094, 1236, 4642, 2481, 1629, 4509, 4265, 3829, 4149, 3249, 426, 3817, 2571, 3894, 4662, 744, 4561, 1926, 3576, 2655, 1714, 2072, 1559, 3358, 4741, 2526, 2896, 5132, 613, 4331, 1969, 1727, 1293, 871, 5264, 4669, 1505, 1095]",127,750,1,False,750
50,description,description,2,True,True,True,"{2: 151, 1: 172, 5: 122, 3: 154, 4: 141, 0: 10}","[4097, 1548, 5419, 4731, 3902, 3380, 4432, 3710, 3542, 3991, 4880, 2494, 2930, 1237, 5356, 235, 4127, 3911, 217, 3274, 932, 1468, 2624, 2837, 3687, 1483, 2116, 3691, 4885, 1822, 1115, 1952, 4887, 876, 2002, 4576, 3443, 5286, 2441, 4713, 121, 2388, 292, 5439, 83, 4206, 4866, 1120, 5436, 1558, 1312, 2596, 3921, 1887, 388, 2130, 1360, 1525, 4673, 4770, 3790, 1675, 2897, 556, 4577, 4946, 2628, 1915, 2862, 5186, 4722, 3211, 2127, 2225, 352, 1392, 1877, 2901, 1025, 4799, 1285, 2739, 5107, 4436, 415, 2864, 15, 2351, 4600, 2046, 3401, 650, 3938, 1545, 226, 4522, 992, 5069, 534, 18, 335, 3566, 3064, 2698, 989, 123, 1932, 4178, 3670, 4847, 1514, 2273, 1786, 574, 2856, 3256, 618, 4694, 5405, 4404, 2676, 3762, 5255, 3755, 2485, 5321, 536, 233, 3760, 1837, 4431, 3948, 5252, 3797, 1538, 13, 1387, 1886, 1994, 2954, 4108, 3432, 3881, 4477, 2919, 4613, 5175, 714, 1719, 4590, 3976, 3180, 2250, 2329, 3919, 5171, 3330, 2506, 3126, 3434, 223, 1272, 1304, 2738, 3311, 1290, 3073, 3199, 5388, 1989, 2828, 1431, 2509, 1643, 3373, 2821, 1188, 2859, 1955, 510, 1486, 595, 2764, 2793, 2298, 708, 1768, 5056, 5179, 4869, 2794, 2360, 4895, 1094, 5372, 2311, 2488, 1066, 2618, 429, 571, 2244, 2290, 1380, 2387, 68, 2439, 1878, 3749, 4145, 3746, 4125, 1315, 2150, 4656, 348, 770, 3019, 2275, 587, 315, 4120, 36, 2855, 3651, 2566, 4293, 640, 1490, 4054, 4959, 1835, 2354, 3522, 4901, 1243, 1571, 3332, 652, 2068, 1808, 5156, 1114, 4716, 2121, 5117, 4747, 4593, 451, 3953, 2782, 2461, 5091, 4920, 4668, 3397, 5247, 1260, 297, 2704, 3504, 3203, 2900, 384, 157, 4868, 3488, 5245, 3173, 1647, 3273, 1192, 3908, 38, 3992, 749, 5294, 3848, 860, 2479, 2459, 867, 3218, 4838, 4482, 20, 1521, 1641, 122, 3118, 2063, 2400, 3519, 1063, 2035, 3442, 2890, 1763, 2119, 5400, 1961, 4854, 2292, 2772, 527, 4917, 4955, 2172, 1186, 4006, 1388, 4382, 4717, 2798, 831, 1206, 189, 5149, 4021, 507, 3599, 3197, 5148, 539, 2171, 2575, 1615, 4032, 2592, 5425, 350, 201, 2074, 3364, 3764, 2122, 3738, 1086, 4460, 400, 63, 1662, 286, 291, 693, 3484, 2629, 4674, 2334, 1913, 4762, 2824, 4767, 4750, 4965, 1785, 2069, 583, 1797, 5051, 4848, 2634, 1507, 4085, 5159, 3279, 3927, 4, 550, 5447, 207, 2799, 551, 5144, 2563, 146, 4989, 4400, 2113, 434, 27, 4129, 3768, 3668, 3459, 3091, 1215, 4091, 1681, 2872, 4014, 4194, 779, 4029, 3756, 4760, 2476, 1749, 4658, 4871, 4348, 2757, 646, 1897, 2195, 316, 716, 4208, 5383, 825, 5370, 3078, 3778, 1702, 3984, 3847, 1150, 4300, 649, 4808, 3775, 4935, 3159, 687, 1223, 946, 4538, 4535, 3077, 5359, 780, 477, 2524, 371, 5142, 3611, 62, 1069, 4193, 883, 4130, 4328, 622, 4974, 1436, 4519, 1762, 4238, 3012, 3554, 4026, 3342, 4182, 5410, 1407, 2736, 913, 4045, 182, 1382, 3625, 1351, 3839, 3583, 2938, 46, 829, 5326, 2230, 612, 5021, 3121, 1127, 3006, 1852, 329, 118, 3794, 4081, 72, 1330, 519, 1195, 2017, 1920, 314, 1129, 3544, 1000, 282, 4041, 2857, 324, 2210, 5283, 2272, 4438, 10, 5341, 4447, 5120, 4167, 1047, 742, 4222, 2916, 3377, 2533, 2707, 2819, 42, 3054, 703, 1519, 1891, 1740, 2997, 347, 5190, 3489, 4284, 833, 4467, 2603, 4198, 4987, 4303, 2483, 435, 4121, 2536, 3048, 2561, 4425, 3177, 2774, 5313, 5078, 1804, 2780, 317, 1372, 1842, 2517, 35, 4283, 3692, 794, 4047, 4496, 4319, 1623, 896, 4416, 3383, 2217, 2330, 2026, 2565, 890, 1423, 3773, 2941, 4926, 2977, 256, 2755, 3724, 1697, 3141, 3189, 2520, 402, 1159, 1593, 508, 1536, 2376, 2842, 691, 3596, 2321, 1576, 5411, 2201, 2532, 4138, 4631, 3815, 4657, 2905, 3472, 4518, 4823, 4810, 2892, 4073, 2806, 3715, 31, 2372, 1782, 2133, 1893, 3932, 4602, 3997, 1607, 1238, 4296, 1350, 4498, 4735, 1489, 4877, 845, 1630, 3469, 4143, 4002, 106, 2773, 2881, 287, 2062, 1757, 4230, 1627, 830, 563, 1196, 2460, 5333, 2472, 1067, 1377, 4844, 3515, 4552, 958, 4347, 1170, 1543, 3120, 2239, 28, 4909, 3026, 515, 3293, 1948, 4948, 76, 970, 840, 4011, 2675, 4050, 37, 108, 4651, 3319, 3660, 5160, 4768, 1911, 5345, 23, 4419, 1815, 447, 581, 4426, 893, 2756, 1864, 4418, 4444, 1411, 3446, 3278, 1618, 4786, 3998, 2055, 2795, 4841, 1599, 1044, 2418, 2206, 1394, 3409, 4428, 5301, 5139, 4504, 3974, 4123, 2414, 3527, 4244, 4985, 3310, 3975, 1318, 952, 4822, 3414, 2223, 1506, 627, 3094, 1236, 4642, 2481, 1629, 4509, 4265, 3829, 4149, 3249, 426, 3817, 2571, 3894, 4662, 744, 4561, 1926, 3576, 2655, 1714, 2072, 1559, 3358, 4741, 2526, 2896, 5132, 613, 4331, 1969, 1727, 1293, 871, 5264, 4669, 1505, 1095]",50,750,1,False,750
253,numeric,entity,1,True,False,True,"{2: 151, 1: 172, 5: 122, 3: 154, 4: 141, 0: 10}","[4097, 1548, 5419, 4731, 3902, 3380, 4432, 3710, 3542, 3991, 4880, 2494, 2930, 1237, 5356, 235, 4127, 3911, 217, 3274, 932, 1468, 2624, 2837, 3687, 1483, 2116, 3691, 4885, 1822, 1115, 1952, 4887, 876, 2002, 4576, 3443, 5286, 2441, 4713, 121, 2388, 292, 5439, 83, 4206, 4866, 1120, 5436, 1558, 1312, 2596, 3921, 1887, 388, 2130, 1360, 1525, 4673, 4770, 3790, 1675, 2897, 556, 4577, 4946, 2628, 1915, 2862, 5186, 4722, 3211, 2127, 2225, 352, 1392, 1877, 2901, 1025, 4799, 1285, 2739, 5107, 4436, 415, 2864, 15, 2351, 4600, 2046, 3401, 650, 3938, 1545, 226, 4522, 992, 5069, 534, 18, 335, 3566, 3064, 2698, 989, 123, 1932, 4178, 3670, 4847, 1514, 2273, 1786, 574, 2856, 3256, 618, 4694, 5405, 4404, 2676, 3762, 5255, 3755, 2485, 5321, 536, 233, 3760, 1837, 4431, 3948, 5252, 3797, 1538, 13, 1387, 1886, 1994, 2954, 4108, 3432, 3881, 4477, 2919, 4613, 5175, 714, 1719, 4590, 3976, 3180, 2250, 2329, 3919, 5171, 3330, 2506, 3126, 3434, 223, 1272, 1304, 2738, 3311, 1290, 3073, 3199, 5388, 1989, 2828, 1431, 2509, 1643, 3373, 2821, 1188, 2859, 1955, 510, 1486, 595, 2764, 2793, 2298, 708, 1768, 5056, 5179, 4869, 2794, 2360, 4895, 1094, 5372, 2311, 2488, 1066, 2618, 429, 571, 2244, 2290, 1380, 2387, 68, 2439, 1878, 3749, 4145, 3746, 4125, 1315, 2150, 4656, 348, 770, 3019, 2275, 587, 315, 4120, 36, 2855, 3651, 2566, 4293, 640, 1490, 4054, 4959, 1835, 2354, 3522, 4901, 1243, 1571, 3332, 652, 2068, 1808, 5156, 1114, 4716, 2121, 5117, 4747, 4593, 451, 3953, 2782, 2461, 5091, 4920, 4668, 3397, 5247, 1260, 297, 2704, 3504, 3203, 2900, 384, 157, 4868, 3488, 5245, 3173, 1647, 3273, 1192, 3908, 38, 3992, 749, 5294, 3848, 860, 2479, 2459, 867, 3218, 4838, 4482, 20, 1521, 1641, 122, 3118, 2063, 2400, 3519, 1063, 2035, 3442, 2890, 1763, 2119, 5400, 1961, 4854, 2292, 2772, 527, 4917, 4955, 2172, 1186, 4006, 1388, 4382, 4717, 2798, 831, 1206, 189, 5149, 4021, 507, 3599, 3197, 5148, 539, 2171, 2575, 1615, 4032, 2592, 5425, 350, 201, 2074, 3364, 3764, 2122, 3738, 1086, 4460, 400, 63, 1662, 286, 291, 693, 3484, 2629, 4674, 2334, 1913, 4762, 2824, 4767, 4750, 4965, 1785, 2069, 583, 1797, 5051, 4848, 2634, 1507, 4085, 5159, 3279, 3927, 4, 550, 5447, 207, 2799, 551, 5144, 2563, 146, 4989, 4400, 2113, 434, 27, 4129, 3768, 3668, 3459, 3091, 1215, 4091, 1681, 2872, 4014, 4194, 779, 4029, 3756, 4760, 2476, 1749, 4658, 4871, 4348, 2757, 646, 1897, 2195, 316, 716, 4208, 5383, 825, 5370, 3078, 3778, 1702, 3984, 3847, 1150, 4300, 649, 4808, 3775, 4935, 3159, 687, 1223, 946, 4538, 4535, 3077, 5359, 780, 477, 2524, 371, 5142, 3611, 62, 1069, 4193, 883, 4130, 4328, 622, 4974, 1436, 4519, 1762, 4238, 3012, 3554, 4026, 3342, 4182, 5410, 1407, 2736, 913, 4045, 182, 1382, 3625, 1351, 3839, 3583, 2938, 46, 829, 5326, 2230, 612, 5021, 3121, 1127, 3006, 1852, 329, 118, 3794, 4081, 72, 1330, 519, 1195, 2017, 1920, 314, 1129, 3544, 1000, 282, 4041, 2857, 324, 2210, 5283, 2272, 4438, 10, 5341, 4447, 5120, 4167, 1047, 742, 4222, 2916, 3377, 2533, 2707, 2819, 42, 3054, 703, 1519, 1891, 1740, 2997, 347, 5190, 3489, 4284, 833, 4467, 2603, 4198, 4987, 4303, 2483, 435, 4121, 2536, 3048, 2561, 4425, 3177, 2774, 5313, 5078, 1804, 2780, 317, 1372, 1842, 2517, 35, 4283, 3692, 794, 4047, 4496, 4319, 1623, 896, 4416, 3383, 2217, 2330, 2026, 2565, 890, 1423, 3773, 2941, 4926, 2977, 256, 2755, 3724, 1697, 3141, 3189, 2520, 402, 1159, 1593, 508, 1536, 2376, 2842, 691, 3596, 2321, 1576, 5411, 2201, 2532, 4138, 4631, 3815, 4657, 2905, 3472, 4518, 4823, 4810, 2892, 4073, 2806, 3715, 31, 2372, 1782, 2133, 1893, 3932, 4602, 3997, 1607, 1238, 4296, 1350, 4498, 4735, 1489, 4877, 845, 1630, 3469, 4143, 4002, 106, 2773, 2881, 287, 2062, 1757, 4230, 1627, 830, 563, 1196, 2460, 5333, 2472, 1067, 1377, 4844, 3515, 4552, 958, 4347, 1170, 1543, 3120, 2239, 28, 4909, 3026, 515, 3293, 1948, 4948, 76, 970, 840, 4011, 2675, 4050, 37, 108, 4651, 3319, 3660, 5160, 4768, 1911, 5345, 23, 4419, 1815, 447, 581, 4426, 893, 2756, 1864, 4418, 4444, 1411, 3446, 3278, 1618, 4786, 3998, 2055, 2795, 4841, 1599, 1044, 2418, 2206, 1394, 3409, 4428, 5301, 5139, 4504, 3974, 4123, 2414, 3527, 4244, 4985, 3310, 3975, 1318, 952, 4822, 3414, 2223, 1506, 627, 3094, 1236, 4642, 2481, 1629, 4509, 4265, 3829, 4149, 3249, 426, 3817, 2571, 3894, 4662, 744, 4561, 1926, 3576, 2655, 1714, 2072, 1559, 3358, 4741, 2526, 2896, 5132, 613, 4331, 1969, 1727, 1293, 871, 5264, 4669, 1505, 1095]",253,750,1,False,750
262,numeric,numeric,5,True,True,True,"{2: 151, 1: 172, 5: 122, 3: 154, 4: 141, 0: 10}","[4097, 1548, 5419, 4731, 3902, 3380, 4432, 3710, 3542, 3991, 4880, 2494, 2930, 1237, 5356, 235, 4127, 3911, 217, 3274, 932, 1468, 2624, 2837, 3687, 1483, 2116, 3691, 4885, 1822, 1115, 1952, 4887, 876, 2002, 4576, 3443, 5286, 2441, 4713, 121, 2388, 292, 5439, 83, 4206, 4866, 1120, 5436, 1558, 1312, 2596, 3921, 1887, 388, 2130, 1360, 1525, 4673, 4770, 3790, 1675, 2897, 556, 4577, 4946, 2628, 1915, 2862, 5186, 4722, 3211, 2127, 2225, 352, 1392, 1877, 2901, 1025, 4799, 1285, 2739, 5107, 4436, 415, 2864, 15, 2351, 4600, 2046, 3401, 650, 3938, 1545, 226, 4522, 992, 5069, 534, 18, 335, 3566, 3064, 2698, 989, 123, 1932, 4178, 3670, 4847, 1514, 2273, 1786, 574, 2856, 3256, 618, 4694, 5405, 4404, 2676, 3762, 5255, 3755, 2485, 5321, 536, 233, 3760, 1837, 4431, 3948, 5252, 3797, 1538, 13, 1387, 1886, 1994, 2954, 4108, 3432, 3881, 4477, 2919, 4613, 5175, 714, 1719, 4590, 3976, 3180, 2250, 2329, 3919, 5171, 3330, 2506, 3126, 3434, 223, 1272, 1304, 2738, 3311, 1290, 3073, 3199, 5388, 1989, 2828, 1431, 2509, 1643, 3373, 2821, 1188, 2859, 1955, 510, 1486, 595, 2764, 2793, 2298, 708, 1768, 5056, 5179, 4869, 2794, 2360, 4895, 1094, 5372, 2311, 2488, 1066, 2618, 429, 571, 2244, 2290, 1380, 2387, 68, 2439, 1878, 3749, 4145, 3746, 4125, 1315, 2150, 4656, 348, 770, 3019, 2275, 587, 315, 4120, 36, 2855, 3651, 2566, 4293, 640, 1490, 4054, 4959, 1835, 2354, 3522, 4901, 1243, 1571, 3332, 652, 2068, 1808, 5156, 1114, 4716, 2121, 5117, 4747, 4593, 451, 3953, 2782, 2461, 5091, 4920, 4668, 3397, 5247, 1260, 297, 2704, 3504, 3203, 2900, 384, 157, 4868, 3488, 5245, 3173, 1647, 3273, 1192, 3908, 38, 3992, 749, 5294, 3848, 860, 2479, 2459, 867, 3218, 4838, 4482, 20, 1521, 1641, 122, 3118, 2063, 2400, 3519, 1063, 2035, 3442, 2890, 1763, 2119, 5400, 1961, 4854, 2292, 2772, 527, 4917, 4955, 2172, 1186, 4006, 1388, 4382, 4717, 2798, 831, 1206, 189, 5149, 4021, 507, 3599, 3197, 5148, 539, 2171, 2575, 1615, 4032, 2592, 5425, 350, 201, 2074, 3364, 3764, 2122, 3738, 1086, 4460, 400, 63, 1662, 286, 291, 693, 3484, 2629, 4674, 2334, 1913, 4762, 2824, 4767, 4750, 4965, 1785, 2069, 583, 1797, 5051, 4848, 2634, 1507, 4085, 5159, 3279, 3927, 4, 550, 5447, 207, 2799, 551, 5144, 2563, 146, 4989, 4400, 2113, 434, 27, 4129, 3768, 3668, 3459, 3091, 1215, 4091, 1681, 2872, 4014, 4194, 779, 4029, 3756, 4760, 2476, 1749, 4658, 4871, 4348, 2757, 646, 1897, 2195, 316, 716, 4208, 5383, 825, 5370, 3078, 3778, 1702, 3984, 3847, 1150, 4300, 649, 4808, 3775, 4935, 3159, 687, 1223, 946, 4538, 4535, 3077, 5359, 780, 477, 2524, 371, 5142, 3611, 62, 1069, 4193, 883, 4130, 4328, 622, 4974, 1436, 4519, 1762, 4238, 3012, 3554, 4026, 3342, 4182, 5410, 1407, 2736, 913, 4045, 182, 1382, 3625, 1351, 3839, 3583, 2938, 46, 829, 5326, 2230, 612, 5021, 3121, 1127, 3006, 1852, 329, 118, 3794, 4081, 72, 1330, 519, 1195, 2017, 1920, 314, 1129, 3544, 1000, 282, 4041, 2857, 324, 2210, 5283, 2272, 4438, 10, 5341, 4447, 5120, 4167, 1047, 742, 4222, 2916, 3377, 2533, 2707, 2819, 42, 3054, 703, 1519, 1891, 1740, 2997, 347, 5190, 3489, 4284, 833, 4467, 2603, 4198, 4987, 4303, 2483, 435, 4121, 2536, 3048, 2561, 4425, 3177, 2774, 5313, 5078, 1804, 2780, 317, 1372, 1842, 2517, 35, 4283, 3692, 794, 4047, 4496, 4319, 1623, 896, 4416, 3383, 2217, 2330, 2026, 2565, 890, 1423, 3773, 2941, 4926, 2977, 256, 2755, 3724, 1697, 3141, 3189, 2520, 402, 1159, 1593, 508, 1536, 2376, 2842, 691, 3596, 2321, 1576, 5411, 2201, 2532, 4138, 4631, 3815, 4657, 2905, 3472, 4518, 4823, 4810, 2892, 4073, 2806, 3715, 31, 2372, 1782, 2133, 1893, 3932, 4602, 3997, 1607, 1238, 4296, 1350, 4498, 4735, 1489, 4877, 845, 1630, 3469, 4143, 4002, 106, 2773, 2881, 287, 2062, 1757, 4230, 1627, 830, 563, 1196, 2460, 5333, 2472, 1067, 1377, 4844, 3515, 4552, 958, 4347, 1170, 1543, 3120, 2239, 28, 4909, 3026, 515, 3293, 1948, 4948, 76, 970, 840, 4011, 2675, 4050, 37, 108, 4651, 3319, 3660, 5160, 4768, 1911, 5345, 23, 4419, 1815, 447, 581, 4426, 893, 2756, 1864, 4418, 4444, 1411, 3446, 3278, 1618, 4786, 3998, 2055, 2795, 4841, 1599, 1044, 2418, 2206, 1394, 3409, 4428, 5301, 5139, 4504, 3974, 4123, 2414, 3527, 4244, 4985, 3310, 3975, 1318, 952, 4822, 3414, 2223, 1506, 627, 3094, 1236, 4642, 2481, 1629, 4509, 4265, 3829, 4149, 3249, 426, 3817, 2571, 3894, 4662, 744, 4561, 1926, 3576, 2655, 1714, 2072, 1559, 3358, 4741, 2526, 2896, 5132, 613, 4331, 1969, 1727, 1293, 871, 5264, 4669, 1505, 1095]",262,750,1,False,750
41,numeric,description,2,True,False,True,"{2: 151, 1: 172, 5: 122, 3: 154, 4: 141, 0: 10}","[4097, 1548, 5419, 4731, 3902, 3380, 4432, 3710, 3542, 3991, 4880, 2494, 2930, 1237, 5356, 235, 4127, 3911, 217, 3274, 932, 1468, 2624, 2837, 3687, 1483, 2116, 3691, 4885, 1822, 1115, 1952, 4887, 876, 2002, 4576, 3443, 5286, 2441, 4713, 121, 2388, 292, 5439, 83, 4206, 4866, 1120, 5436, 1558, 1312, 2596, 3921, 1887, 388, 2130, 1360, 1525, 4673, 4770, 3790, 1675, 2897, 556, 4577, 4946, 2628, 1915, 2862, 5186, 4722, 3211, 2127, 2225, 352, 1392, 1877, 2901, 1025, 4799, 1285, 2739, 5107, 4436, 415, 2864, 15, 2351, 4600, 2046, 3401, 650, 3938, 1545, 226, 4522, 992, 5069, 534, 18, 335, 3566, 3064, 2698, 989, 123, 1932, 4178, 3670, 4847, 1514, 2273, 1786, 574, 2856, 3256, 618, 4694, 5405, 4404, 2676, 3762, 5255, 3755, 2485, 5321, 536, 233, 3760, 1837, 4431, 3948, 5252, 3797, 1538, 13, 1387, 1886, 1994, 2954, 4108, 3432, 3881, 4477, 2919, 4613, 5175, 714, 1719, 4590, 3976, 3180, 2250, 2329, 3919, 5171, 3330, 2506, 3126, 3434, 223, 1272, 1304, 2738, 3311, 1290, 3073, 3199, 5388, 1989, 2828, 1431, 2509, 1643, 3373, 2821, 1188, 2859, 1955, 510, 1486, 595, 2764, 2793, 2298, 708, 1768, 5056, 5179, 4869, 2794, 2360, 4895, 1094, 5372, 2311, 2488, 1066, 2618, 429, 571, 2244, 2290, 1380, 2387, 68, 2439, 1878, 3749, 4145, 3746, 4125, 1315, 2150, 4656, 348, 770, 3019, 2275, 587, 315, 4120, 36, 2855, 3651, 2566, 4293, 640, 1490, 4054, 4959, 1835, 2354, 3522, 4901, 1243, 1571, 3332, 652, 2068, 1808, 5156, 1114, 4716, 2121, 5117, 4747, 4593, 451, 3953, 2782, 2461, 5091, 4920, 4668, 3397, 5247, 1260, 297, 2704, 3504, 3203, 2900, 384, 157, 4868, 3488, 5245, 3173, 1647, 3273, 1192, 3908, 38, 3992, 749, 5294, 3848, 860, 2479, 2459, 867, 3218, 4838, 4482, 20, 1521, 1641, 122, 3118, 2063, 2400, 3519, 1063, 2035, 3442, 2890, 1763, 2119, 5400, 1961, 4854, 2292, 2772, 527, 4917, 4955, 2172, 1186, 4006, 1388, 4382, 4717, 2798, 831, 1206, 189, 5149, 4021, 507, 3599, 3197, 5148, 539, 2171, 2575, 1615, 4032, 2592, 5425, 350, 201, 2074, 3364, 3764, 2122, 3738, 1086, 4460, 400, 63, 1662, 286, 291, 693, 3484, 2629, 4674, 2334, 1913, 4762, 2824, 4767, 4750, 4965, 1785, 2069, 583, 1797, 5051, 4848, 2634, 1507, 4085, 5159, 3279, 3927, 4, 550, 5447, 207, 2799, 551, 5144, 2563, 146, 4989, 4400, 2113, 434, 27, 4129, 3768, 3668, 3459, 3091, 1215, 4091, 1681, 2872, 4014, 4194, 779, 4029, 3756, 4760, 2476, 1749, 4658, 4871, 4348, 2757, 646, 1897, 2195, 316, 716, 4208, 5383, 825, 5370, 3078, 3778, 1702, 3984, 3847, 1150, 4300, 649, 4808, 3775, 4935, 3159, 687, 1223, 946, 4538, 4535, 3077, 5359, 780, 477, 2524, 371, 5142, 3611, 62, 1069, 4193, 883, 4130, 4328, 622, 4974, 1436, 4519, 1762, 4238, 3012, 3554, 4026, 3342, 4182, 5410, 1407, 2736, 913, 4045, 182, 1382, 3625, 1351, 3839, 3583, 2938, 46, 829, 5326, 2230, 612, 5021, 3121, 1127, 3006, 1852, 329, 118, 3794, 4081, 72, 1330, 519, 1195, 2017, 1920, 314, 1129, 3544, 1000, 282, 4041, 2857, 324, 2210, 5283, 2272, 4438, 10, 5341, 4447, 5120, 4167, 1047, 742, 4222, 2916, 3377, 2533, 2707, 2819, 42, 3054, 703, 1519, 1891, 1740, 2997, 347, 5190, 3489, 4284, 833, 4467, 2603, 4198, 4987, 4303, 2483, 435, 4121, 2536, 3048, 2561, 4425, 3177, 2774, 5313, 5078, 1804, 2780, 317, 1372, 1842, 2517, 35, 4283, 3692, 794, 4047, 4496, 4319, 1623, 896, 4416, 3383, 2217, 2330, 2026, 2565, 890, 1423, 3773, 2941, 4926, 2977, 256, 2755, 3724, 1697, 3141, 3189, 2520, 402, 1159, 1593, 508, 1536, 2376, 2842, 691, 3596, 2321, 1576, 5411, 2201, 2532, 4138, 4631, 3815, 4657, 2905, 3472, 4518, 4823, 4810, 2892, 4073, 2806, 3715, 31, 2372, 1782, 2133, 1893, 3932, 4602, 3997, 1607, 1238, 4296, 1350, 4498, 4735, 1489, 4877, 845, 1630, 3469, 4143, 4002, 106, 2773, 2881, 287, 2062, 1757, 4230, 1627, 830, 563, 1196, 2460, 5333, 2472, 1067, 1377, 4844, 3515, 4552, 958, 4347, 1170, 1543, 3120, 2239, 28, 4909, 3026, 515, 3293, 1948, 4948, 76, 970, 840, 4011, 2675, 4050, 37, 108, 4651, 3319, 3660, 5160, 4768, 1911, 5345, 23, 4419, 1815, 447, 581, 4426, 893, 2756, 1864, 4418, 4444, 1411, 3446, 3278, 1618, 4786, 3998, 2055, 2795, 4841, 1599, 1044, 2418, 2206, 1394, 3409, 4428, 5301, 5139, 4504, 3974, 4123, 2414, 3527, 4244, 4985, 3310, 3975, 1318, 952, 4822, 3414, 2223, 1506, 627, 3094, 1236, 4642, 2481, 1629, 4509, 4265, 3829, 4149, 3249, 426, 3817, 2571, 3894, 4662, 744, 4561, 1926, 3576, 2655, 1714, 2072, 1559, 3358, 4741, 2526, 2896, 5132, 613, 4331, 1969, 1727, 1293, 871, 5264, 4669, 1505, 1095]",41,750,1,False,750
106,numeric,numeric,5,True,True,True,"{2: 151, 1: 172, 5: 122, 3: 154, 4: 141, 0: 10}","[4097, 1548, 5419, 4731, 3902, 3380, 4432, 3710, 3542, 3991, 4880, 2494, 2930, 1237, 5356, 235, 4127, 3911, 217, 3274, 932, 1468, 2624, 2837, 3687, 1483, 2116, 3691, 4885, 1822, 1115, 1952, 4887, 876, 2002, 4576, 3443, 5286, 2441, 4713, 121, 2388, 292, 5439, 83, 4206, 4866, 1120, 5436, 1558, 1312, 2596, 3921, 1887, 388, 2130, 1360, 1525, 4673, 4770, 3790, 1675, 2897, 556, 4577, 4946, 2628, 1915, 2862, 5186, 4722, 3211, 2127, 2225, 352, 1392, 1877, 2901, 1025, 4799, 1285, 2739, 5107, 4436, 415, 2864, 15, 2351, 4600, 2046, 3401, 650, 3938, 1545, 226, 4522, 992, 5069, 534, 18, 335, 3566, 3064, 2698, 989, 123, 1932, 4178, 3670, 4847, 1514, 2273, 1786, 574, 2856, 3256, 618, 4694, 5405, 4404, 2676, 3762, 5255, 3755, 2485, 5321, 536, 233, 3760, 1837, 4431, 3948, 5252, 3797, 1538, 13, 1387, 1886, 1994, 2954, 4108, 3432, 3881, 4477, 2919, 4613, 5175, 714, 1719, 4590, 3976, 3180, 2250, 2329, 3919, 5171, 3330, 2506, 3126, 3434, 223, 1272, 1304, 2738, 3311, 1290, 3073, 3199, 5388, 1989, 2828, 1431, 2509, 1643, 3373, 2821, 1188, 2859, 1955, 510, 1486, 595, 2764, 2793, 2298, 708, 1768, 5056, 5179, 4869, 2794, 2360, 4895, 1094, 5372, 2311, 2488, 1066, 2618, 429, 571, 2244, 2290, 1380, 2387, 68, 2439, 1878, 3749, 4145, 3746, 4125, 1315, 2150, 4656, 348, 770, 3019, 2275, 587, 315, 4120, 36, 2855, 3651, 2566, 4293, 640, 1490, 4054, 4959, 1835, 2354, 3522, 4901, 1243, 1571, 3332, 652, 2068, 1808, 5156, 1114, 4716, 2121, 5117, 4747, 4593, 451, 3953, 2782, 2461, 5091, 4920, 4668, 3397, 5247, 1260, 297, 2704, 3504, 3203, 2900, 384, 157, 4868, 3488, 5245, 3173, 1647, 3273, 1192, 3908, 38, 3992, 749, 5294, 3848, 860, 2479, 2459, 867, 3218, 4838, 4482, 20, 1521, 1641, 122, 3118, 2063, 2400, 3519, 1063, 2035, 3442, 2890, 1763, 2119, 5400, 1961, 4854, 2292, 2772, 527, 4917, 4955, 2172, 1186, 4006, 1388, 4382, 4717, 2798, 831, 1206, 189, 5149, 4021, 507, 3599, 3197, 5148, 539, 2171, 2575, 1615, 4032, 2592, 5425, 350, 201, 2074, 3364, 3764, 2122, 3738, 1086, 4460, 400, 63, 1662, 286, 291, 693, 3484, 2629, 4674, 2334, 1913, 4762, 2824, 4767, 4750, 4965, 1785, 2069, 583, 1797, 5051, 4848, 2634, 1507, 4085, 5159, 3279, 3927, 4, 550, 5447, 207, 2799, 551, 5144, 2563, 146, 4989, 4400, 2113, 434, 27, 4129, 3768, 3668, 3459, 3091, 1215, 4091, 1681, 2872, 4014, 4194, 779, 4029, 3756, 4760, 2476, 1749, 4658, 4871, 4348, 2757, 646, 1897, 2195, 316, 716, 4208, 5383, 825, 5370, 3078, 3778, 1702, 3984, 3847, 1150, 4300, 649, 4808, 3775, 4935, 3159, 687, 1223, 946, 4538, 4535, 3077, 5359, 780, 477, 2524, 371, 5142, 3611, 62, 1069, 4193, 883, 4130, 4328, 622, 4974, 1436, 4519, 1762, 4238, 3012, 3554, 4026, 3342, 4182, 5410, 1407, 2736, 913, 4045, 182, 1382, 3625, 1351, 3839, 3583, 2938, 46, 829, 5326, 2230, 612, 5021, 3121, 1127, 3006, 1852, 329, 118, 3794, 4081, 72, 1330, 519, 1195, 2017, 1920, 314, 1129, 3544, 1000, 282, 4041, 2857, 324, 2210, 5283, 2272, 4438, 10, 5341, 4447, 5120, 4167, 1047, 742, 4222, 2916, 3377, 2533, 2707, 2819, 42, 3054, 703, 1519, 1891, 1740, 2997, 347, 5190, 3489, 4284, 833, 4467, 2603, 4198, 4987, 4303, 2483, 435, 4121, 2536, 3048, 2561, 4425, 3177, 2774, 5313, 5078, 1804, 2780, 317, 1372, 1842, 2517, 35, 4283, 3692, 794, 4047, 4496, 4319, 1623, 896, 4416, 3383, 2217, 2330, 2026, 2565, 890, 1423, 3773, 2941, 4926, 2977, 256, 2755, 3724, 1697, 3141, 3189, 2520, 402, 1159, 1593, 508, 1536, 2376, 2842, 691, 3596, 2321, 1576, 5411, 2201, 2532, 4138, 4631, 3815, 4657, 2905, 3472, 4518, 4823, 4810, 2892, 4073, 2806, 3715, 31, 2372, 1782, 2133, 1893, 3932, 4602, 3997, 1607, 1238, 4296, 1350, 4498, 4735, 1489, 4877, 845, 1630, 3469, 4143, 4002, 106, 2773, 2881, 287, 2062, 1757, 4230, 1627, 830, 563, 1196, 2460, 5333, 2472, 1067, 1377, 4844, 3515, 4552, 958, 4347, 1170, 1543, 3120, 2239, 28, 4909, 3026, 515, 3293, 1948, 4948, 76, 970, 840, 4011, 2675, 4050, 37, 108, 4651, 3319, 3660, 5160, 4768, 1911, 5345, 23, 4419, 1815, 447, 581, 4426, 893, 2756, 1864, 4418, 4444, 1411, 3446, 3278, 1618, 4786, 3998, 2055, 2795, 4841, 1599, 1044, 2418, 2206, 1394, 3409, 4428, 5301, 5139, 4504, 3974, 4123, 2414, 3527, 4244, 4985, 3310, 3975, 1318, 952, 4822, 3414, 2223, 1506, 627, 3094, 1236, 4642, 2481, 1629, 4509, 4265, 3829, 4149, 3249, 426, 3817, 2571, 3894, 4662, 744, 4561, 1926, 3576, 2655, 1714, 2072, 1559, 3358, 4741, 2526, 2896, 5132, 613, 4331, 1969, 1727, 1293, 871, 5264, 4669, 1505, 1095]",106,750,1,False,750
72,numeric,location,4,True,False,True,"{2: 151, 1: 172, 5: 122, 3: 154, 4: 141, 0: 10}","[4097, 1548, 5419, 4731, 3902, 3380, 4432, 3710, 3542, 3991, 4880, 2494, 2930, 1237, 5356, 235, 4127, 3911, 217, 3274, 932, 1468, 2624, 2837, 3687, 1483, 2116, 3691, 4885, 1822, 1115, 1952, 4887, 876, 2002, 4576, 3443, 5286, 2441, 4713, 121, 2388, 292, 5439, 83, 4206, 4866, 1120, 5436, 1558, 1312, 2596, 3921, 1887, 388, 2130, 1360, 1525, 4673, 4770, 3790, 1675, 2897, 556, 4577, 4946, 2628, 1915, 2862, 5186, 4722, 3211, 2127, 2225, 352, 1392, 1877, 2901, 1025, 4799, 1285, 2739, 5107, 4436, 415, 2864, 15, 2351, 4600, 2046, 3401, 650, 3938, 1545, 226, 4522, 992, 5069, 534, 18, 335, 3566, 3064, 2698, 989, 123, 1932, 4178, 3670, 4847, 1514, 2273, 1786, 574, 2856, 3256, 618, 4694, 5405, 4404, 2676, 3762, 5255, 3755, 2485, 5321, 536, 233, 3760, 1837, 4431, 3948, 5252, 3797, 1538, 13, 1387, 1886, 1994, 2954, 4108, 3432, 3881, 4477, 2919, 4613, 5175, 714, 1719, 4590, 3976, 3180, 2250, 2329, 3919, 5171, 3330, 2506, 3126, 3434, 223, 1272, 1304, 2738, 3311, 1290, 3073, 3199, 5388, 1989, 2828, 1431, 2509, 1643, 3373, 2821, 1188, 2859, 1955, 510, 1486, 595, 2764, 2793, 2298, 708, 1768, 5056, 5179, 4869, 2794, 2360, 4895, 1094, 5372, 2311, 2488, 1066, 2618, 429, 571, 2244, 2290, 1380, 2387, 68, 2439, 1878, 3749, 4145, 3746, 4125, 1315, 2150, 4656, 348, 770, 3019, 2275, 587, 315, 4120, 36, 2855, 3651, 2566, 4293, 640, 1490, 4054, 4959, 1835, 2354, 3522, 4901, 1243, 1571, 3332, 652, 2068, 1808, 5156, 1114, 4716, 2121, 5117, 4747, 4593, 451, 3953, 2782, 2461, 5091, 4920, 4668, 3397, 5247, 1260, 297, 2704, 3504, 3203, 2900, 384, 157, 4868, 3488, 5245, 3173, 1647, 3273, 1192, 3908, 38, 3992, 749, 5294, 3848, 860, 2479, 2459, 867, 3218, 4838, 4482, 20, 1521, 1641, 122, 3118, 2063, 2400, 3519, 1063, 2035, 3442, 2890, 1763, 2119, 5400, 1961, 4854, 2292, 2772, 527, 4917, 4955, 2172, 1186, 4006, 1388, 4382, 4717, 2798, 831, 1206, 189, 5149, 4021, 507, 3599, 3197, 5148, 539, 2171, 2575, 1615, 4032, 2592, 5425, 350, 201, 2074, 3364, 3764, 2122, 3738, 1086, 4460, 400, 63, 1662, 286, 291, 693, 3484, 2629, 4674, 2334, 1913, 4762, 2824, 4767, 4750, 4965, 1785, 2069, 583, 1797, 5051, 4848, 2634, 1507, 4085, 5159, 3279, 3927, 4, 550, 5447, 207, 2799, 551, 5144, 2563, 146, 4989, 4400, 2113, 434, 27, 4129, 3768, 3668, 3459, 3091, 1215, 4091, 1681, 2872, 4014, 4194, 779, 4029, 3756, 4760, 2476, 1749, 4658, 4871, 4348, 2757, 646, 1897, 2195, 316, 716, 4208, 5383, 825, 5370, 3078, 3778, 1702, 3984, 3847, 1150, 4300, 649, 4808, 3775, 4935, 3159, 687, 1223, 946, 4538, 4535, 3077, 5359, 780, 477, 2524, 371, 5142, 3611, 62, 1069, 4193, 883, 4130, 4328, 622, 4974, 1436, 4519, 1762, 4238, 3012, 3554, 4026, 3342, 4182, 5410, 1407, 2736, 913, 4045, 182, 1382, 3625, 1351, 3839, 3583, 2938, 46, 829, 5326, 2230, 612, 5021, 3121, 1127, 3006, 1852, 329, 118, 3794, 4081, 72, 1330, 519, 1195, 2017, 1920, 314, 1129, 3544, 1000, 282, 4041, 2857, 324, 2210, 5283, 2272, 4438, 10, 5341, 4447, 5120, 4167, 1047, 742, 4222, 2916, 3377, 2533, 2707, 2819, 42, 3054, 703, 1519, 1891, 1740, 2997, 347, 5190, 3489, 4284, 833, 4467, 2603, 4198, 4987, 4303, 2483, 435, 4121, 2536, 3048, 2561, 4425, 3177, 2774, 5313, 5078, 1804, 2780, 317, 1372, 1842, 2517, 35, 4283, 3692, 794, 4047, 4496, 4319, 1623, 896, 4416, 3383, 2217, 2330, 2026, 2565, 890, 1423, 3773, 2941, 4926, 2977, 256, 2755, 3724, 1697, 3141, 3189, 2520, 402, 1159, 1593, 508, 1536, 2376, 2842, 691, 3596, 2321, 1576, 5411, 2201, 2532, 4138, 4631, 3815, 4657, 2905, 3472, 4518, 4823, 4810, 2892, 4073, 2806, 3715, 31, 2372, 1782, 2133, 1893, 3932, 4602, 3997, 1607, 1238, 4296, 1350, 4498, 4735, 1489, 4877, 845, 1630, 3469, 4143, 4002, 106, 2773, 2881, 287, 2062, 1757, 4230, 1627, 830, 563, 1196, 2460, 5333, 2472, 1067, 1377, 4844, 3515, 4552, 958, 4347, 1170, 1543, 3120, 2239, 28, 4909, 3026, 515, 3293, 1948, 4948, 76, 970, 840, 4011, 2675, 4050, 37, 108, 4651, 3319, 3660, 5160, 4768, 1911, 5345, 23, 4419, 1815, 447, 581, 4426, 893, 2756, 1864, 4418, 4444, 1411, 3446, 3278, 1618, 4786, 3998, 2055, 2795, 4841, 1599, 1044, 2418, 2206, 1394, 3409, 4428, 5301, 5139, 4504, 3974, 4123, 2414, 3527, 4244, 4985, 3310, 3975, 1318, 952, 4822, 3414, 2223, 1506, 627, 3094, 1236, 4642, 2481, 1629, 4509, 4265, 3829, 4149, 3249, 426, 3817, 2571, 3894, 4662, 744, 4561, 1926, 3576, 2655, 1714, 2072, 1559, 3358, 4741, 2526, 2896, 5132, 613, 4331, 1969, 1727, 1293, 871, 5264, 4669, 1505, 1095]",72,750,1,False,750
274,description,description,2,True,True,True,"{2: 151, 1: 172, 5: 122, 3: 154, 4: 141, 0: 10}","[4097, 1548, 5419, 4731, 3902, 3380, 4432, 3710, 3542, 3991, 4880, 2494, 2930, 1237, 5356, 235, 4127, 3911, 217, 3274, 932, 1468, 2624, 2837, 3687, 1483, 2116, 3691, 4885, 1822, 1115, 1952, 4887, 876, 2002, 4576, 3443, 5286, 2441, 4713, 121, 2388, 292, 5439, 83, 4206, 4866, 1120, 5436, 1558, 1312, 2596, 3921, 1887, 388, 2130, 1360, 1525, 4673, 4770, 3790, 1675, 2897, 556, 4577, 4946, 2628, 1915, 2862, 5186, 4722, 3211, 2127, 2225, 352, 1392, 1877, 2901, 1025, 4799, 1285, 2739, 5107, 4436, 415, 2864, 15, 2351, 4600, 2046, 3401, 650, 3938, 1545, 226, 4522, 992, 5069, 534, 18, 335, 3566, 3064, 2698, 989, 123, 1932, 4178, 3670, 4847, 1514, 2273, 1786, 574, 2856, 3256, 618, 4694, 5405, 4404, 2676, 3762, 5255, 3755, 2485, 5321, 536, 233, 3760, 1837, 4431, 3948, 5252, 3797, 1538, 13, 1387, 1886, 1994, 2954, 4108, 3432, 3881, 4477, 2919, 4613, 5175, 714, 1719, 4590, 3976, 3180, 2250, 2329, 3919, 5171, 3330, 2506, 3126, 3434, 223, 1272, 1304, 2738, 3311, 1290, 3073, 3199, 5388, 1989, 2828, 1431, 2509, 1643, 3373, 2821, 1188, 2859, 1955, 510, 1486, 595, 2764, 2793, 2298, 708, 1768, 5056, 5179, 4869, 2794, 2360, 4895, 1094, 5372, 2311, 2488, 1066, 2618, 429, 571, 2244, 2290, 1380, 2387, 68, 2439, 1878, 3749, 4145, 3746, 4125, 1315, 2150, 4656, 348, 770, 3019, 2275, 587, 315, 4120, 36, 2855, 3651, 2566, 4293, 640, 1490, 4054, 4959, 1835, 2354, 3522, 4901, 1243, 1571, 3332, 652, 2068, 1808, 5156, 1114, 4716, 2121, 5117, 4747, 4593, 451, 3953, 2782, 2461, 5091, 4920, 4668, 3397, 5247, 1260, 297, 2704, 3504, 3203, 2900, 384, 157, 4868, 3488, 5245, 3173, 1647, 3273, 1192, 3908, 38, 3992, 749, 5294, 3848, 860, 2479, 2459, 867, 3218, 4838, 4482, 20, 1521, 1641, 122, 3118, 2063, 2400, 3519, 1063, 2035, 3442, 2890, 1763, 2119, 5400, 1961, 4854, 2292, 2772, 527, 4917, 4955, 2172, 1186, 4006, 1388, 4382, 4717, 2798, 831, 1206, 189, 5149, 4021, 507, 3599, 3197, 5148, 539, 2171, 2575, 1615, 4032, 2592, 5425, 350, 201, 2074, 3364, 3764, 2122, 3738, 1086, 4460, 400, 63, 1662, 286, 291, 693, 3484, 2629, 4674, 2334, 1913, 4762, 2824, 4767, 4750, 4965, 1785, 2069, 583, 1797, 5051, 4848, 2634, 1507, 4085, 5159, 3279, 3927, 4, 550, 5447, 207, 2799, 551, 5144, 2563, 146, 4989, 4400, 2113, 434, 27, 4129, 3768, 3668, 3459, 3091, 1215, 4091, 1681, 2872, 4014, 4194, 779, 4029, 3756, 4760, 2476, 1749, 4658, 4871, 4348, 2757, 646, 1897, 2195, 316, 716, 4208, 5383, 825, 5370, 3078, 3778, 1702, 3984, 3847, 1150, 4300, 649, 4808, 3775, 4935, 3159, 687, 1223, 946, 4538, 4535, 3077, 5359, 780, 477, 2524, 371, 5142, 3611, 62, 1069, 4193, 883, 4130, 4328, 622, 4974, 1436, 4519, 1762, 4238, 3012, 3554, 4026, 3342, 4182, 5410, 1407, 2736, 913, 4045, 182, 1382, 3625, 1351, 3839, 3583, 2938, 46, 829, 5326, 2230, 612, 5021, 3121, 1127, 3006, 1852, 329, 118, 3794, 4081, 72, 1330, 519, 1195, 2017, 1920, 314, 1129, 3544, 1000, 282, 4041, 2857, 324, 2210, 5283, 2272, 4438, 10, 5341, 4447, 5120, 4167, 1047, 742, 4222, 2916, 3377, 2533, 2707, 2819, 42, 3054, 703, 1519, 1891, 1740, 2997, 347, 5190, 3489, 4284, 833, 4467, 2603, 4198, 4987, 4303, 2483, 435, 4121, 2536, 3048, 2561, 4425, 3177, 2774, 5313, 5078, 1804, 2780, 317, 1372, 1842, 2517, 35, 4283, 3692, 794, 4047, 4496, 4319, 1623, 896, 4416, 3383, 2217, 2330, 2026, 2565, 890, 1423, 3773, 2941, 4926, 2977, 256, 2755, 3724, 1697, 3141, 3189, 2520, 402, 1159, 1593, 508, 1536, 2376, 2842, 691, 3596, 2321, 1576, 5411, 2201, 2532, 4138, 4631, 3815, 4657, 2905, 3472, 4518, 4823, 4810, 2892, 4073, 2806, 3715, 31, 2372, 1782, 2133, 1893, 3932, 4602, 3997, 1607, 1238, 4296, 1350, 4498, 4735, 1489, 4877, 845, 1630, 3469, 4143, 4002, 106, 2773, 2881, 287, 2062, 1757, 4230, 1627, 830, 563, 1196, 2460, 5333, 2472, 1067, 1377, 4844, 3515, 4552, 958, 4347, 1170, 1543, 3120, 2239, 28, 4909, 3026, 515, 3293, 1948, 4948, 76, 970, 840, 4011, 2675, 4050, 37, 108, 4651, 3319, 3660, 5160, 4768, 1911, 5345, 23, 4419, 1815, 447, 581, 4426, 893, 2756, 1864, 4418, 4444, 1411, 3446, 3278, 1618, 4786, 3998, 2055, 2795, 4841, 1599, 1044, 2418, 2206, 1394, 3409, 4428, 5301, 5139, 4504, 3974, 4123, 2414, 3527, 4244, 4985, 3310, 3975, 1318, 952, 4822, 3414, 2223, 1506, 627, 3094, 1236, 4642, 2481, 1629, 4509, 4265, 3829, 4149, 3249, 426, 3817, 2571, 3894, 4662, 744, 4561, 1926, 3576, 2655, 1714, 2072, 1559, 3358, 4741, 2526, 2896, 5132, 613, 4331, 1969, 1727, 1293, 871, 5264, 4669, 1505, 1095]",274,750,1,False,750
367,numeric,entity,1,True,False,True,"{2: 151, 1: 172, 5: 122, 3: 154, 4: 141, 0: 10}","[4097, 1548, 5419, 4731, 3902, 3380, 4432, 3710, 3542, 3991, 4880, 2494, 2930, 1237, 5356, 235, 4127, 3911, 217, 3274, 932, 1468, 2624, 2837, 3687, 1483, 2116, 3691, 4885, 1822, 1115, 1952, 4887, 876, 2002, 4576, 3443, 5286, 2441, 4713, 121, 2388, 292, 5439, 83, 4206, 4866, 1120, 5436, 1558, 1312, 2596, 3921, 1887, 388, 2130, 1360, 1525, 4673, 4770, 3790, 1675, 2897, 556, 4577, 4946, 2628, 1915, 2862, 5186, 4722, 3211, 2127, 2225, 352, 1392, 1877, 2901, 1025, 4799, 1285, 2739, 5107, 4436, 415, 2864, 15, 2351, 4600, 2046, 3401, 650, 3938, 1545, 226, 4522, 992, 5069, 534, 18, 335, 3566, 3064, 2698, 989, 123, 1932, 4178, 3670, 4847, 1514, 2273, 1786, 574, 2856, 3256, 618, 4694, 5405, 4404, 2676, 3762, 5255, 3755, 2485, 5321, 536, 233, 3760, 1837, 4431, 3948, 5252, 3797, 1538, 13, 1387, 1886, 1994, 2954, 4108, 3432, 3881, 4477, 2919, 4613, 5175, 714, 1719, 4590, 3976, 3180, 2250, 2329, 3919, 5171, 3330, 2506, 3126, 3434, 223, 1272, 1304, 2738, 3311, 1290, 3073, 3199, 5388, 1989, 2828, 1431, 2509, 1643, 3373, 2821, 1188, 2859, 1955, 510, 1486, 595, 2764, 2793, 2298, 708, 1768, 5056, 5179, 4869, 2794, 2360, 4895, 1094, 5372, 2311, 2488, 1066, 2618, 429, 571, 2244, 2290, 1380, 2387, 68, 2439, 1878, 3749, 4145, 3746, 4125, 1315, 2150, 4656, 348, 770, 3019, 2275, 587, 315, 4120, 36, 2855, 3651, 2566, 4293, 640, 1490, 4054, 4959, 1835, 2354, 3522, 4901, 1243, 1571, 3332, 652, 2068, 1808, 5156, 1114, 4716, 2121, 5117, 4747, 4593, 451, 3953, 2782, 2461, 5091, 4920, 4668, 3397, 5247, 1260, 297, 2704, 3504, 3203, 2900, 384, 157, 4868, 3488, 5245, 3173, 1647, 3273, 1192, 3908, 38, 3992, 749, 5294, 3848, 860, 2479, 2459, 867, 3218, 4838, 4482, 20, 1521, 1641, 122, 3118, 2063, 2400, 3519, 1063, 2035, 3442, 2890, 1763, 2119, 5400, 1961, 4854, 2292, 2772, 527, 4917, 4955, 2172, 1186, 4006, 1388, 4382, 4717, 2798, 831, 1206, 189, 5149, 4021, 507, 3599, 3197, 5148, 539, 2171, 2575, 1615, 4032, 2592, 5425, 350, 201, 2074, 3364, 3764, 2122, 3738, 1086, 4460, 400, 63, 1662, 286, 291, 693, 3484, 2629, 4674, 2334, 1913, 4762, 2824, 4767, 4750, 4965, 1785, 2069, 583, 1797, 5051, 4848, 2634, 1507, 4085, 5159, 3279, 3927, 4, 550, 5447, 207, 2799, 551, 5144, 2563, 146, 4989, 4400, 2113, 434, 27, 4129, 3768, 3668, 3459, 3091, 1215, 4091, 1681, 2872, 4014, 4194, 779, 4029, 3756, 4760, 2476, 1749, 4658, 4871, 4348, 2757, 646, 1897, 2195, 316, 716, 4208, 5383, 825, 5370, 3078, 3778, 1702, 3984, 3847, 1150, 4300, 649, 4808, 3775, 4935, 3159, 687, 1223, 946, 4538, 4535, 3077, 5359, 780, 477, 2524, 371, 5142, 3611, 62, 1069, 4193, 883, 4130, 4328, 622, 4974, 1436, 4519, 1762, 4238, 3012, 3554, 4026, 3342, 4182, 5410, 1407, 2736, 913, 4045, 182, 1382, 3625, 1351, 3839, 3583, 2938, 46, 829, 5326, 2230, 612, 5021, 3121, 1127, 3006, 1852, 329, 118, 3794, 4081, 72, 1330, 519, 1195, 2017, 1920, 314, 1129, 3544, 1000, 282, 4041, 2857, 324, 2210, 5283, 2272, 4438, 10, 5341, 4447, 5120, 4167, 1047, 742, 4222, 2916, 3377, 2533, 2707, 2819, 42, 3054, 703, 1519, 1891, 1740, 2997, 347, 5190, 3489, 4284, 833, 4467, 2603, 4198, 4987, 4303, 2483, 435, 4121, 2536, 3048, 2561, 4425, 3177, 2774, 5313, 5078, 1804, 2780, 317, 1372, 1842, 2517, 35, 4283, 3692, 794, 4047, 4496, 4319, 1623, 896, 4416, 3383, 2217, 2330, 2026, 2565, 890, 1423, 3773, 2941, 4926, 2977, 256, 2755, 3724, 1697, 3141, 3189, 2520, 402, 1159, 1593, 508, 1536, 2376, 2842, 691, 3596, 2321, 1576, 5411, 2201, 2532, 4138, 4631, 3815, 4657, 2905, 3472, 4518, 4823, 4810, 2892, 4073, 2806, 3715, 31, 2372, 1782, 2133, 1893, 3932, 4602, 3997, 1607, 1238, 4296, 1350, 4498, 4735, 1489, 4877, 845, 1630, 3469, 4143, 4002, 106, 2773, 2881, 287, 2062, 1757, 4230, 1627, 830, 563, 1196, 2460, 5333, 2472, 1067, 1377, 4844, 3515, 4552, 958, 4347, 1170, 1543, 3120, 2239, 28, 4909, 3026, 515, 3293, 1948, 4948, 76, 970, 840, 4011, 2675, 4050, 37, 108, 4651, 3319, 3660, 5160, 4768, 1911, 5345, 23, 4419, 1815, 447, 581, 4426, 893, 2756, 1864, 4418, 4444, 1411, 3446, 3278, 1618, 4786, 3998, 2055, 2795, 4841, 1599, 1044, 2418, 2206, 1394, 3409, 4428, 5301, 5139, 4504, 3974, 4123, 2414, 3527, 4244, 4985, 3310, 3975, 1318, 952, 4822, 3414, 2223, 1506, 627, 3094, 1236, 4642, 2481, 1629, 4509, 4265, 3829, 4149, 3249, 426, 3817, 2571, 3894, 4662, 744, 4561, 1926, 3576, 2655, 1714, 2072, 1559, 3358, 4741, 2526, 2896, 5132, 613, 4331, 1969, 1727, 1293, 871, 5264, 4669, 1505, 1095]",367,750,1,False,750
180,numeric,location,4,True,False,True,"{2: 151, 1: 172, 5: 122, 3: 154, 4: 141, 0: 10}","[4097, 1548, 5419, 4731, 3902, 3380, 4432, 3710, 3542, 3991, 4880, 2494, 2930, 1237, 5356, 235, 4127, 3911, 217, 3274, 932, 1468, 2624, 2837, 3687, 1483, 2116, 3691, 4885, 1822, 1115, 1952, 4887, 876, 2002, 4576, 3443, 5286, 2441, 4713, 121, 2388, 292, 5439, 83, 4206, 4866, 1120, 5436, 1558, 1312, 2596, 3921, 1887, 388, 2130, 1360, 1525, 4673, 4770, 3790, 1675, 2897, 556, 4577, 4946, 2628, 1915, 2862, 5186, 4722, 3211, 2127, 2225, 352, 1392, 1877, 2901, 1025, 4799, 1285, 2739, 5107, 4436, 415, 2864, 15, 2351, 4600, 2046, 3401, 650, 3938, 1545, 226, 4522, 992, 5069, 534, 18, 335, 3566, 3064, 2698, 989, 123, 1932, 4178, 3670, 4847, 1514, 2273, 1786, 574, 2856, 3256, 618, 4694, 5405, 4404, 2676, 3762, 5255, 3755, 2485, 5321, 536, 233, 3760, 1837, 4431, 3948, 5252, 3797, 1538, 13, 1387, 1886, 1994, 2954, 4108, 3432, 3881, 4477, 2919, 4613, 5175, 714, 1719, 4590, 3976, 3180, 2250, 2329, 3919, 5171, 3330, 2506, 3126, 3434, 223, 1272, 1304, 2738, 3311, 1290, 3073, 3199, 5388, 1989, 2828, 1431, 2509, 1643, 3373, 2821, 1188, 2859, 1955, 510, 1486, 595, 2764, 2793, 2298, 708, 1768, 5056, 5179, 4869, 2794, 2360, 4895, 1094, 5372, 2311, 2488, 1066, 2618, 429, 571, 2244, 2290, 1380, 2387, 68, 2439, 1878, 3749, 4145, 3746, 4125, 1315, 2150, 4656, 348, 770, 3019, 2275, 587, 315, 4120, 36, 2855, 3651, 2566, 4293, 640, 1490, 4054, 4959, 1835, 2354, 3522, 4901, 1243, 1571, 3332, 652, 2068, 1808, 5156, 1114, 4716, 2121, 5117, 4747, 4593, 451, 3953, 2782, 2461, 5091, 4920, 4668, 3397, 5247, 1260, 297, 2704, 3504, 3203, 2900, 384, 157, 4868, 3488, 5245, 3173, 1647, 3273, 1192, 3908, 38, 3992, 749, 5294, 3848, 860, 2479, 2459, 867, 3218, 4838, 4482, 20, 1521, 1641, 122, 3118, 2063, 2400, 3519, 1063, 2035, 3442, 2890, 1763, 2119, 5400, 1961, 4854, 2292, 2772, 527, 4917, 4955, 2172, 1186, 4006, 1388, 4382, 4717, 2798, 831, 1206, 189, 5149, 4021, 507, 3599, 3197, 5148, 539, 2171, 2575, 1615, 4032, 2592, 5425, 350, 201, 2074, 3364, 3764, 2122, 3738, 1086, 4460, 400, 63, 1662, 286, 291, 693, 3484, 2629, 4674, 2334, 1913, 4762, 2824, 4767, 4750, 4965, 1785, 2069, 583, 1797, 5051, 4848, 2634, 1507, 4085, 5159, 3279, 3927, 4, 550, 5447, 207, 2799, 551, 5144, 2563, 146, 4989, 4400, 2113, 434, 27, 4129, 3768, 3668, 3459, 3091, 1215, 4091, 1681, 2872, 4014, 4194, 779, 4029, 3756, 4760, 2476, 1749, 4658, 4871, 4348, 2757, 646, 1897, 2195, 316, 716, 4208, 5383, 825, 5370, 3078, 3778, 1702, 3984, 3847, 1150, 4300, 649, 4808, 3775, 4935, 3159, 687, 1223, 946, 4538, 4535, 3077, 5359, 780, 477, 2524, 371, 5142, 3611, 62, 1069, 4193, 883, 4130, 4328, 622, 4974, 1436, 4519, 1762, 4238, 3012, 3554, 4026, 3342, 4182, 5410, 1407, 2736, 913, 4045, 182, 1382, 3625, 1351, 3839, 3583, 2938, 46, 829, 5326, 2230, 612, 5021, 3121, 1127, 3006, 1852, 329, 118, 3794, 4081, 72, 1330, 519, 1195, 2017, 1920, 314, 1129, 3544, 1000, 282, 4041, 2857, 324, 2210, 5283, 2272, 4438, 10, 5341, 4447, 5120, 4167, 1047, 742, 4222, 2916, 3377, 2533, 2707, 2819, 42, 3054, 703, 1519, 1891, 1740, 2997, 347, 5190, 3489, 4284, 833, 4467, 2603, 4198, 4987, 4303, 2483, 435, 4121, 2536, 3048, 2561, 4425, 3177, 2774, 5313, 5078, 1804, 2780, 317, 1372, 1842, 2517, 35, 4283, 3692, 794, 4047, 4496, 4319, 1623, 896, 4416, 3383, 2217, 2330, 2026, 2565, 890, 1423, 3773, 2941, 4926, 2977, 256, 2755, 3724, 1697, 3141, 3189, 2520, 402, 1159, 1593, 508, 1536, 2376, 2842, 691, 3596, 2321, 1576, 5411, 2201, 2532, 4138, 4631, 3815, 4657, 2905, 3472, 4518, 4823, 4810, 2892, 4073, 2806, 3715, 31, 2372, 1782, 2133, 1893, 3932, 4602, 3997, 1607, 1238, 4296, 1350, 4498, 4735, 1489, 4877, 845, 1630, 3469, 4143, 4002, 106, 2773, 2881, 287, 2062, 1757, 4230, 1627, 830, 563, 1196, 2460, 5333, 2472, 1067, 1377, 4844, 3515, 4552, 958, 4347, 1170, 1543, 3120, 2239, 28, 4909, 3026, 515, 3293, 1948, 4948, 76, 970, 840, 4011, 2675, 4050, 37, 108, 4651, 3319, 3660, 5160, 4768, 1911, 5345, 23, 4419, 1815, 447, 581, 4426, 893, 2756, 1864, 4418, 4444, 1411, 3446, 3278, 1618, 4786, 3998, 2055, 2795, 4841, 1599, 1044, 2418, 2206, 1394, 3409, 4428, 5301, 5139, 4504, 3974, 4123, 2414, 3527, 4244, 4985, 3310, 3975, 1318, 952, 4822, 3414, 2223, 1506, 627, 3094, 1236, 4642, 2481, 1629, 4509, 4265, 3829, 4149, 3249, 426, 3817, 2571, 3894, 4662, 744, 4561, 1926, 3576, 2655, 1714, 2072, 1559, 3358, 4741, 2526, 2896, 5132, 613, 4331, 1969, 1727, 1293, 871, 5264, 4669, 1505, 1095]",180,750,1,False,750
95,location,location,4,True,True,True,"{2: 151, 1: 172, 5: 122, 3: 154, 4: 141, 0: 10}","[4097, 1548, 5419, 4731, 3902, 3380, 4432, 3710, 3542, 3991, 4880, 2494, 2930, 1237, 5356, 235, 4127, 3911, 217, 3274, 932, 1468, 2624, 2837, 3687, 1483, 2116, 3691, 4885, 1822, 1115, 1952, 4887, 876, 2002, 4576, 3443, 5286, 2441, 4713, 121, 2388, 292, 5439, 83, 4206, 4866, 1120, 5436, 1558, 1312, 2596, 3921, 1887, 388, 2130, 1360, 1525, 4673, 4770, 3790, 1675, 2897, 556, 4577, 4946, 2628, 1915, 2862, 5186, 4722, 3211, 2127, 2225, 352, 1392, 1877, 2901, 1025, 4799, 1285, 2739, 5107, 4436, 415, 2864, 15, 2351, 4600, 2046, 3401, 650, 3938, 1545, 226, 4522, 992, 5069, 534, 18, 335, 3566, 3064, 2698, 989, 123, 1932, 4178, 3670, 4847, 1514, 2273, 1786, 574, 2856, 3256, 618, 4694, 5405, 4404, 2676, 3762, 5255, 3755, 2485, 5321, 536, 233, 3760, 1837, 4431, 3948, 5252, 3797, 1538, 13, 1387, 1886, 1994, 2954, 4108, 3432, 3881, 4477, 2919, 4613, 5175, 714, 1719, 4590, 3976, 3180, 2250, 2329, 3919, 5171, 3330, 2506, 3126, 3434, 223, 1272, 1304, 2738, 3311, 1290, 3073, 3199, 5388, 1989, 2828, 1431, 2509, 1643, 3373, 2821, 1188, 2859, 1955, 510, 1486, 595, 2764, 2793, 2298, 708, 1768, 5056, 5179, 4869, 2794, 2360, 4895, 1094, 5372, 2311, 2488, 1066, 2618, 429, 571, 2244, 2290, 1380, 2387, 68, 2439, 1878, 3749, 4145, 3746, 4125, 1315, 2150, 4656, 348, 770, 3019, 2275, 587, 315, 4120, 36, 2855, 3651, 2566, 4293, 640, 1490, 4054, 4959, 1835, 2354, 3522, 4901, 1243, 1571, 3332, 652, 2068, 1808, 5156, 1114, 4716, 2121, 5117, 4747, 4593, 451, 3953, 2782, 2461, 5091, 4920, 4668, 3397, 5247, 1260, 297, 2704, 3504, 3203, 2900, 384, 157, 4868, 3488, 5245, 3173, 1647, 3273, 1192, 3908, 38, 3992, 749, 5294, 3848, 860, 2479, 2459, 867, 3218, 4838, 4482, 20, 1521, 1641, 122, 3118, 2063, 2400, 3519, 1063, 2035, 3442, 2890, 1763, 2119, 5400, 1961, 4854, 2292, 2772, 527, 4917, 4955, 2172, 1186, 4006, 1388, 4382, 4717, 2798, 831, 1206, 189, 5149, 4021, 507, 3599, 3197, 5148, 539, 2171, 2575, 1615, 4032, 2592, 5425, 350, 201, 2074, 3364, 3764, 2122, 3738, 1086, 4460, 400, 63, 1662, 286, 291, 693, 3484, 2629, 4674, 2334, 1913, 4762, 2824, 4767, 4750, 4965, 1785, 2069, 583, 1797, 5051, 4848, 2634, 1507, 4085, 5159, 3279, 3927, 4, 550, 5447, 207, 2799, 551, 5144, 2563, 146, 4989, 4400, 2113, 434, 27, 4129, 3768, 3668, 3459, 3091, 1215, 4091, 1681, 2872, 4014, 4194, 779, 4029, 3756, 4760, 2476, 1749, 4658, 4871, 4348, 2757, 646, 1897, 2195, 316, 716, 4208, 5383, 825, 5370, 3078, 3778, 1702, 3984, 3847, 1150, 4300, 649, 4808, 3775, 4935, 3159, 687, 1223, 946, 4538, 4535, 3077, 5359, 780, 477, 2524, 371, 5142, 3611, 62, 1069, 4193, 883, 4130, 4328, 622, 4974, 1436, 4519, 1762, 4238, 3012, 3554, 4026, 3342, 4182, 5410, 1407, 2736, 913, 4045, 182, 1382, 3625, 1351, 3839, 3583, 2938, 46, 829, 5326, 2230, 612, 5021, 3121, 1127, 3006, 1852, 329, 118, 3794, 4081, 72, 1330, 519, 1195, 2017, 1920, 314, 1129, 3544, 1000, 282, 4041, 2857, 324, 2210, 5283, 2272, 4438, 10, 5341, 4447, 5120, 4167, 1047, 742, 4222, 2916, 3377, 2533, 2707, 2819, 42, 3054, 703, 1519, 1891, 1740, 2997, 347, 5190, 3489, 4284, 833, 4467, 2603, 4198, 4987, 4303, 2483, 435, 4121, 2536, 3048, 2561, 4425, 3177, 2774, 5313, 5078, 1804, 2780, 317, 1372, 1842, 2517, 35, 4283, 3692, 794, 4047, 4496, 4319, 1623, 896, 4416, 3383, 2217, 2330, 2026, 2565, 890, 1423, 3773, 2941, 4926, 2977, 256, 2755, 3724, 1697, 3141, 3189, 2520, 402, 1159, 1593, 508, 1536, 2376, 2842, 691, 3596, 2321, 1576, 5411, 2201, 2532, 4138, 4631, 3815, 4657, 2905, 3472, 4518, 4823, 4810, 2892, 4073, 2806, 3715, 31, 2372, 1782, 2133, 1893, 3932, 4602, 3997, 1607, 1238, 4296, 1350, 4498, 4735, 1489, 4877, 845, 1630, 3469, 4143, 4002, 106, 2773, 2881, 287, 2062, 1757, 4230, 1627, 830, 563, 1196, 2460, 5333, 2472, 1067, 1377, 4844, 3515, 4552, 958, 4347, 1170, 1543, 3120, 2239, 28, 4909, 3026, 515, 3293, 1948, 4948, 76, 970, 840, 4011, 2675, 4050, 37, 108, 4651, 3319, 3660, 5160, 4768, 1911, 5345, 23, 4419, 1815, 447, 581, 4426, 893, 2756, 1864, 4418, 4444, 1411, 3446, 3278, 1618, 4786, 3998, 2055, 2795, 4841, 1599, 1044, 2418, 2206, 1394, 3409, 4428, 5301, 5139, 4504, 3974, 4123, 2414, 3527, 4244, 4985, 3310, 3975, 1318, 952, 4822, 3414, 2223, 1506, 627, 3094, 1236, 4642, 2481, 1629, 4509, 4265, 3829, 4149, 3249, 426, 3817, 2571, 3894, 4662, 744, 4561, 1926, 3576, 2655, 1714, 2072, 1559, 3358, 4741, 2526, 2896, 5132, 613, 4331, 1969, 1727, 1293, 871, 5264, 4669, 1505, 1095]",95,750,1,False,750
30,numeric,numeric,5,True,True,True,"{2: 151, 1: 172, 5: 122, 3: 154, 4: 141, 0: 10}","[4097, 1548, 5419, 4731, 3902, 3380, 4432, 3710, 3542, 3991, 4880, 2494, 2930, 1237, 5356, 235, 4127, 3911, 217, 3274, 932, 1468, 2624, 2837, 3687, 1483, 2116, 3691, 4885, 1822, 1115, 1952, 4887, 876, 2002, 4576, 3443, 5286, 2441, 4713, 121, 2388, 292, 5439, 83, 4206, 4866, 1120, 5436, 1558, 1312, 2596, 3921, 1887, 388, 2130, 1360, 1525, 4673, 4770, 3790, 1675, 2897, 556, 4577, 4946, 2628, 1915, 2862, 5186, 4722, 3211, 2127, 2225, 352, 1392, 1877, 2901, 1025, 4799, 1285, 2739, 5107, 4436, 415, 2864, 15, 2351, 4600, 2046, 3401, 650, 3938, 1545, 226, 4522, 992, 5069, 534, 18, 335, 3566, 3064, 2698, 989, 123, 1932, 4178, 3670, 4847, 1514, 2273, 1786, 574, 2856, 3256, 618, 4694, 5405, 4404, 2676, 3762, 5255, 3755, 2485, 5321, 536, 233, 3760, 1837, 4431, 3948, 5252, 3797, 1538, 13, 1387, 1886, 1994, 2954, 4108, 3432, 3881, 4477, 2919, 4613, 5175, 714, 1719, 4590, 3976, 3180, 2250, 2329, 3919, 5171, 3330, 2506, 3126, 3434, 223, 1272, 1304, 2738, 3311, 1290, 3073, 3199, 5388, 1989, 2828, 1431, 2509, 1643, 3373, 2821, 1188, 2859, 1955, 510, 1486, 595, 2764, 2793, 2298, 708, 1768, 5056, 5179, 4869, 2794, 2360, 4895, 1094, 5372, 2311, 2488, 1066, 2618, 429, 571, 2244, 2290, 1380, 2387, 68, 2439, 1878, 3749, 4145, 3746, 4125, 1315, 2150, 4656, 348, 770, 3019, 2275, 587, 315, 4120, 36, 2855, 3651, 2566, 4293, 640, 1490, 4054, 4959, 1835, 2354, 3522, 4901, 1243, 1571, 3332, 652, 2068, 1808, 5156, 1114, 4716, 2121, 5117, 4747, 4593, 451, 3953, 2782, 2461, 5091, 4920, 4668, 3397, 5247, 1260, 297, 2704, 3504, 3203, 2900, 384, 157, 4868, 3488, 5245, 3173, 1647, 3273, 1192, 3908, 38, 3992, 749, 5294, 3848, 860, 2479, 2459, 867, 3218, 4838, 4482, 20, 1521, 1641, 122, 3118, 2063, 2400, 3519, 1063, 2035, 3442, 2890, 1763, 2119, 5400, 1961, 4854, 2292, 2772, 527, 4917, 4955, 2172, 1186, 4006, 1388, 4382, 4717, 2798, 831, 1206, 189, 5149, 4021, 507, 3599, 3197, 5148, 539, 2171, 2575, 1615, 4032, 2592, 5425, 350, 201, 2074, 3364, 3764, 2122, 3738, 1086, 4460, 400, 63, 1662, 286, 291, 693, 3484, 2629, 4674, 2334, 1913, 4762, 2824, 4767, 4750, 4965, 1785, 2069, 583, 1797, 5051, 4848, 2634, 1507, 4085, 5159, 3279, 3927, 4, 550, 5447, 207, 2799, 551, 5144, 2563, 146, 4989, 4400, 2113, 434, 27, 4129, 3768, 3668, 3459, 3091, 1215, 4091, 1681, 2872, 4014, 4194, 779, 4029, 3756, 4760, 2476, 1749, 4658, 4871, 4348, 2757, 646, 1897, 2195, 316, 716, 4208, 5383, 825, 5370, 3078, 3778, 1702, 3984, 3847, 1150, 4300, 649, 4808, 3775, 4935, 3159, 687, 1223, 946, 4538, 4535, 3077, 5359, 780, 477, 2524, 371, 5142, 3611, 62, 1069, 4193, 883, 4130, 4328, 622, 4974, 1436, 4519, 1762, 4238, 3012, 3554, 4026, 3342, 4182, 5410, 1407, 2736, 913, 4045, 182, 1382, 3625, 1351, 3839, 3583, 2938, 46, 829, 5326, 2230, 612, 5021, 3121, 1127, 3006, 1852, 329, 118, 3794, 4081, 72, 1330, 519, 1195, 2017, 1920, 314, 1129, 3544, 1000, 282, 4041, 2857, 324, 2210, 5283, 2272, 4438, 10, 5341, 4447, 5120, 4167, 1047, 742, 4222, 2916, 3377, 2533, 2707, 2819, 42, 3054, 703, 1519, 1891, 1740, 2997, 347, 5190, 3489, 4284, 833, 4467, 2603, 4198, 4987, 4303, 2483, 435, 4121, 2536, 3048, 2561, 4425, 3177, 2774, 5313, 5078, 1804, 2780, 317, 1372, 1842, 2517, 35, 4283, 3692, 794, 4047, 4496, 4319, 1623, 896, 4416, 3383, 2217, 2330, 2026, 2565, 890, 1423, 3773, 2941, 4926, 2977, 256, 2755, 3724, 1697, 3141, 3189, 2520, 402, 1159, 1593, 508, 1536, 2376, 2842, 691, 3596, 2321, 1576, 5411, 2201, 2532, 4138, 4631, 3815, 4657, 2905, 3472, 4518, 4823, 4810, 2892, 4073, 2806, 3715, 31, 2372, 1782, 2133, 1893, 3932, 4602, 3997, 1607, 1238, 4296, 1350, 4498, 4735, 1489, 4877, 845, 1630, 3469, 4143, 4002, 106, 2773, 2881, 287, 2062, 1757, 4230, 1627, 830, 563, 1196, 2460, 5333, 2472, 1067, 1377, 4844, 3515, 4552, 958, 4347, 1170, 1543, 3120, 2239, 28, 4909, 3026, 515, 3293, 1948, 4948, 76, 970, 840, 4011, 2675, 4050, 37, 108, 4651, 3319, 3660, 5160, 4768, 1911, 5345, 23, 4419, 1815, 447, 581, 4426, 893, 2756, 1864, 4418, 4444, 1411, 3446, 3278, 1618, 4786, 3998, 2055, 2795, 4841, 1599, 1044, 2418, 2206, 1394, 3409, 4428, 5301, 5139, 4504, 3974, 4123, 2414, 3527, 4244, 4985, 3310, 3975, 1318, 952, 4822, 3414, 2223, 1506, 627, 3094, 1236, 4642, 2481, 1629, 4509, 4265, 3829, 4149, 3249, 426, 3817, 2571, 3894, 4662, 744, 4561, 1926, 3576, 2655, 1714, 2072, 1559, 3358, 4741, 2526, 2896, 5132, 613, 4331, 1969, 1727, 1293, 871, 5264, 4669, 1505, 1095]",30,750,1,False,750
0,numeric,numeric,5,True,True,True,"{2: 151, 1: 172, 5: 122, 3: 154, 4: 141, 0: 10}","[4097, 1548, 5419, 4731, 3902, 3380, 4432, 3710, 3542, 3991, 4880, 2494, 2930, 1237, 5356, 235, 4127, 3911, 217, 3274, 932, 1468, 2624, 2837, 3687, 1483, 2116, 3691, 4885, 1822, 1115, 1952, 4887, 876, 2002, 4576, 3443, 5286, 2441, 4713, 121, 2388, 292, 5439, 83, 4206, 4866, 1120, 5436, 1558, 1312, 2596, 3921, 1887, 388, 2130, 1360, 1525, 4673, 4770, 3790, 1675, 2897, 556, 4577, 4946, 2628, 1915, 2862, 5186, 4722, 3211, 2127, 2225, 352, 1392, 1877, 2901, 1025, 4799, 1285, 2739, 5107, 4436, 415, 2864, 15, 2351, 4600, 2046, 3401, 650, 3938, 1545, 226, 4522, 992, 5069, 534, 18, 335, 3566, 3064, 2698, 989, 123, 1932, 4178, 3670, 4847, 1514, 2273, 1786, 574, 2856, 3256, 618, 4694, 5405, 4404, 2676, 3762, 5255, 3755, 2485, 5321, 536, 233, 3760, 1837, 4431, 3948, 5252, 3797, 1538, 13, 1387, 1886, 1994, 2954, 4108, 3432, 3881, 4477, 2919, 4613, 5175, 714, 1719, 4590, 3976, 3180, 2250, 2329, 3919, 5171, 3330, 2506, 3126, 3434, 223, 1272, 1304, 2738, 3311, 1290, 3073, 3199, 5388, 1989, 2828, 1431, 2509, 1643, 3373, 2821, 1188, 2859, 1955, 510, 1486, 595, 2764, 2793, 2298, 708, 1768, 5056, 5179, 4869, 2794, 2360, 4895, 1094, 5372, 2311, 2488, 1066, 2618, 429, 571, 2244, 2290, 1380, 2387, 68, 2439, 1878, 3749, 4145, 3746, 4125, 1315, 2150, 4656, 348, 770, 3019, 2275, 587, 315, 4120, 36, 2855, 3651, 2566, 4293, 640, 1490, 4054, 4959, 1835, 2354, 3522, 4901, 1243, 1571, 3332, 652, 2068, 1808, 5156, 1114, 4716, 2121, 5117, 4747, 4593, 451, 3953, 2782, 2461, 5091, 4920, 4668, 3397, 5247, 1260, 297, 2704, 3504, 3203, 2900, 384, 157, 4868, 3488, 5245, 3173, 1647, 3273, 1192, 3908, 38, 3992, 749, 5294, 3848, 860, 2479, 2459, 867, 3218, 4838, 4482, 20, 1521, 1641, 122, 3118, 2063, 2400, 3519, 1063, 2035, 3442, 2890, 1763, 2119, 5400, 1961, 4854, 2292, 2772, 527, 4917, 4955, 2172, 1186, 4006, 1388, 4382, 4717, 2798, 831, 1206, 189, 5149, 4021, 507, 3599, 3197, 5148, 539, 2171, 2575, 1615, 4032, 2592, 5425, 350, 201, 2074, 3364, 3764, 2122, 3738, 1086, 4460, 400, 63, 1662, 286, 291, 693, 3484, 2629, 4674, 2334, 1913, 4762, 2824, 4767, 4750, 4965, 1785, 2069, 583, 1797, 5051, 4848, 2634, 1507, 4085, 5159, 3279, 3927, 4, 550, 5447, 207, 2799, 551, 5144, 2563, 146, 4989, 4400, 2113, 434, 27, 4129, 3768, 3668, 3459, 3091, 1215, 4091, 1681, 2872, 4014, 4194, 779, 4029, 3756, 4760, 2476, 1749, 4658, 4871, 4348, 2757, 646, 1897, 2195, 316, 716, 4208, 5383, 825, 5370, 3078, 3778, 1702, 3984, 3847, 1150, 4300, 649, 4808, 3775, 4935, 3159, 687, 1223, 946, 4538, 4535, 3077, 5359, 780, 477, 2524, 371, 5142, 3611, 62, 1069, 4193, 883, 4130, 4328, 622, 4974, 1436, 4519, 1762, 4238, 3012, 3554, 4026, 3342, 4182, 5410, 1407, 2736, 913, 4045, 182, 1382, 3625, 1351, 3839, 3583, 2938, 46, 829, 5326, 2230, 612, 5021, 3121, 1127, 3006, 1852, 329, 118, 3794, 4081, 72, 1330, 519, 1195, 2017, 1920, 314, 1129, 3544, 1000, 282, 4041, 2857, 324, 2210, 5283, 2272, 4438, 10, 5341, 4447, 5120, 4167, 1047, 742, 4222, 2916, 3377, 2533, 2707, 2819, 42, 3054, 703, 1519, 1891, 1740, 2997, 347, 5190, 3489, 4284, 833, 4467, 2603, 4198, 4987, 4303, 2483, 435, 4121, 2536, 3048, 2561, 4425, 3177, 2774, 5313, 5078, 1804, 2780, 317, 1372, 1842, 2517, 35, 4283, 3692, 794, 4047, 4496, 4319, 1623, 896, 4416, 3383, 2217, 2330, 2026, 2565, 890, 1423, 3773, 2941, 4926, 2977, 256, 2755, 3724, 1697, 3141, 3189, 2520, 402, 1159, 1593, 508, 1536, 2376, 2842, 691, 3596, 2321, 1576, 5411, 2201, 2532, 4138, 4631, 3815, 4657, 2905, 3472, 4518, 4823, 4810, 2892, 4073, 2806, 3715, 31, 2372, 1782, 2133, 1893, 3932, 4602, 3997, 1607, 1238, 4296, 1350, 4498, 4735, 1489, 4877, 845, 1630, 3469, 4143, 4002, 106, 2773, 2881, 287, 2062, 1757, 4230, 1627, 830, 563, 1196, 2460, 5333, 2472, 1067, 1377, 4844, 3515, 4552, 958, 4347, 1170, 1543, 3120, 2239, 28, 4909, 3026, 515, 3293, 1948, 4948, 76, 970, 840, 4011, 2675, 4050, 37, 108, 4651, 3319, 3660, 5160, 4768, 1911, 5345, 23, 4419, 1815, 447, 581, 4426, 893, 2756, 1864, 4418, 4444, 1411, 3446, 3278, 1618, 4786, 3998, 2055, 2795, 4841, 1599, 1044, 2418, 2206, 1394, 3409, 4428, 5301, 5139, 4504, 3974, 4123, 2414, 3527, 4244, 4985, 3310, 3975, 1318, 952, 4822, 3414, 2223, 1506, 627, 3094, 1236, 4642, 2481, 1629, 4509, 4265, 3829, 4149, 3249, 426, 3817, 2571, 3894, 4662, 744, 4561, 1926, 3576, 2655, 1714, 2072, 1559, 3358, 4741, 2526, 2896, 5132, 613, 4331, 1969, 1727, 1293, 871, 5264, 4669, 1505, 1095]",0,750,1,False,750
227,numeric,description,2,True,False,True,"{2: 151, 1: 172, 5: 122, 3: 154, 4: 141, 0: 10}","[4097, 1548, 5419, 4731, 3902, 3380, 4432, 3710, 3542, 3991, 4880, 2494, 2930, 1237, 5356, 235, 4127, 3911, 217, 3274, 932, 1468, 2624, 2837, 3687, 1483, 2116, 3691, 4885, 1822, 1115, 1952, 4887, 876, 2002, 4576, 3443, 5286, 2441, 4713, 121, 2388, 292, 5439, 83, 4206, 4866, 1120, 5436, 1558, 1312, 2596, 3921, 1887, 388, 2130, 1360, 1525, 4673, 4770, 3790, 1675, 2897, 556, 4577, 4946, 2628, 1915, 2862, 5186, 4722, 3211, 2127, 2225, 352, 1392, 1877, 2901, 1025, 4799, 1285, 2739, 5107, 4436, 415, 2864, 15, 2351, 4600, 2046, 3401, 650, 3938, 1545, 226, 4522, 992, 5069, 534, 18, 335, 3566, 3064, 2698, 989, 123, 1932, 4178, 3670, 4847, 1514, 2273, 1786, 574, 2856, 3256, 618, 4694, 5405, 4404, 2676, 3762, 5255, 3755, 2485, 5321, 536, 233, 3760, 1837, 4431, 3948, 5252, 3797, 1538, 13, 1387, 1886, 1994, 2954, 4108, 3432, 3881, 4477, 2919, 4613, 5175, 714, 1719, 4590, 3976, 3180, 2250, 2329, 3919, 5171, 3330, 2506, 3126, 3434, 223, 1272, 1304, 2738, 3311, 1290, 3073, 3199, 5388, 1989, 2828, 1431, 2509, 1643, 3373, 2821, 1188, 2859, 1955, 510, 1486, 595, 2764, 2793, 2298, 708, 1768, 5056, 5179, 4869, 2794, 2360, 4895, 1094, 5372, 2311, 2488, 1066, 2618, 429, 571, 2244, 2290, 1380, 2387, 68, 2439, 1878, 3749, 4145, 3746, 4125, 1315, 2150, 4656, 348, 770, 3019, 2275, 587, 315, 4120, 36, 2855, 3651, 2566, 4293, 640, 1490, 4054, 4959, 1835, 2354, 3522, 4901, 1243, 1571, 3332, 652, 2068, 1808, 5156, 1114, 4716, 2121, 5117, 4747, 4593, 451, 3953, 2782, 2461, 5091, 4920, 4668, 3397, 5247, 1260, 297, 2704, 3504, 3203, 2900, 384, 157, 4868, 3488, 5245, 3173, 1647, 3273, 1192, 3908, 38, 3992, 749, 5294, 3848, 860, 2479, 2459, 867, 3218, 4838, 4482, 20, 1521, 1641, 122, 3118, 2063, 2400, 3519, 1063, 2035, 3442, 2890, 1763, 2119, 5400, 1961, 4854, 2292, 2772, 527, 4917, 4955, 2172, 1186, 4006, 1388, 4382, 4717, 2798, 831, 1206, 189, 5149, 4021, 507, 3599, 3197, 5148, 539, 2171, 2575, 1615, 4032, 2592, 5425, 350, 201, 2074, 3364, 3764, 2122, 3738, 1086, 4460, 400, 63, 1662, 286, 291, 693, 3484, 2629, 4674, 2334, 1913, 4762, 2824, 4767, 4750, 4965, 1785, 2069, 583, 1797, 5051, 4848, 2634, 1507, 4085, 5159, 3279, 3927, 4, 550, 5447, 207, 2799, 551, 5144, 2563, 146, 4989, 4400, 2113, 434, 27, 4129, 3768, 3668, 3459, 3091, 1215, 4091, 1681, 2872, 4014, 4194, 779, 4029, 3756, 4760, 2476, 1749, 4658, 4871, 4348, 2757, 646, 1897, 2195, 316, 716, 4208, 5383, 825, 5370, 3078, 3778, 1702, 3984, 3847, 1150, 4300, 649, 4808, 3775, 4935, 3159, 687, 1223, 946, 4538, 4535, 3077, 5359, 780, 477, 2524, 371, 5142, 3611, 62, 1069, 4193, 883, 4130, 4328, 622, 4974, 1436, 4519, 1762, 4238, 3012, 3554, 4026, 3342, 4182, 5410, 1407, 2736, 913, 4045, 182, 1382, 3625, 1351, 3839, 3583, 2938, 46, 829, 5326, 2230, 612, 5021, 3121, 1127, 3006, 1852, 329, 118, 3794, 4081, 72, 1330, 519, 1195, 2017, 1920, 314, 1129, 3544, 1000, 282, 4041, 2857, 324, 2210, 5283, 2272, 4438, 10, 5341, 4447, 5120, 4167, 1047, 742, 4222, 2916, 3377, 2533, 2707, 2819, 42, 3054, 703, 1519, 1891, 1740, 2997, 347, 5190, 3489, 4284, 833, 4467, 2603, 4198, 4987, 4303, 2483, 435, 4121, 2536, 3048, 2561, 4425, 3177, 2774, 5313, 5078, 1804, 2780, 317, 1372, 1842, 2517, 35, 4283, 3692, 794, 4047, 4496, 4319, 1623, 896, 4416, 3383, 2217, 2330, 2026, 2565, 890, 1423, 3773, 2941, 4926, 2977, 256, 2755, 3724, 1697, 3141, 3189, 2520, 402, 1159, 1593, 508, 1536, 2376, 2842, 691, 3596, 2321, 1576, 5411, 2201, 2532, 4138, 4631, 3815, 4657, 2905, 3472, 4518, 4823, 4810, 2892, 4073, 2806, 3715, 31, 2372, 1782, 2133, 1893, 3932, 4602, 3997, 1607, 1238, 4296, 1350, 4498, 4735, 1489, 4877, 845, 1630, 3469, 4143, 4002, 106, 2773, 2881, 287, 2062, 1757, 4230, 1627, 830, 563, 1196, 2460, 5333, 2472, 1067, 1377, 4844, 3515, 4552, 958, 4347, 1170, 1543, 3120, 2239, 28, 4909, 3026, 515, 3293, 1948, 4948, 76, 970, 840, 4011, 2675, 4050, 37, 108, 4651, 3319, 3660, 5160, 4768, 1911, 5345, 23, 4419, 1815, 447, 581, 4426, 893, 2756, 1864, 4418, 4444, 1411, 3446, 3278, 1618, 4786, 3998, 2055, 2795, 4841, 1599, 1044, 2418, 2206, 1394, 3409, 4428, 5301, 5139, 4504, 3974, 4123, 2414, 3527, 4244, 4985, 3310, 3975, 1318, 952, 4822, 3414, 2223, 1506, 627, 3094, 1236, 4642, 2481, 1629, 4509, 4265, 3829, 4149, 3249, 426, 3817, 2571, 3894, 4662, 744, 4561, 1926, 3576, 2655, 1714, 2072, 1559, 3358, 4741, 2526, 2896, 5132, 613, 4331, 1969, 1727, 1293, 871, 5264, 4669, 1505, 1095]",227,750,1,False,750
333,numeric,entity,1,True,False,True,"{2: 151, 1: 172, 5: 122, 3: 154, 4: 141, 0: 10}","[4097, 1548, 5419, 4731, 3902, 3380, 4432, 3710, 3542, 3991, 4880, 2494, 2930, 1237, 5356, 235, 4127, 3911, 217, 3274, 932, 1468, 2624, 2837, 3687, 1483, 2116, 3691, 4885, 1822, 1115, 1952, 4887, 876, 2002, 4576, 3443, 5286, 2441, 4713, 121, 2388, 292, 5439, 83, 4206, 4866, 1120, 5436, 1558, 1312, 2596, 3921, 1887, 388, 2130, 1360, 1525, 4673, 4770, 3790, 1675, 2897, 556, 4577, 4946, 2628, 1915, 2862, 5186, 4722, 3211, 2127, 2225, 352, 1392, 1877, 2901, 1025, 4799, 1285, 2739, 5107, 4436, 415, 2864, 15, 2351, 4600, 2046, 3401, 650, 3938, 1545, 226, 4522, 992, 5069, 534, 18, 335, 3566, 3064, 2698, 989, 123, 1932, 4178, 3670, 4847, 1514, 2273, 1786, 574, 2856, 3256, 618, 4694, 5405, 4404, 2676, 3762, 5255, 3755, 2485, 5321, 536, 233, 3760, 1837, 4431, 3948, 5252, 3797, 1538, 13, 1387, 1886, 1994, 2954, 4108, 3432, 3881, 4477, 2919, 4613, 5175, 714, 1719, 4590, 3976, 3180, 2250, 2329, 3919, 5171, 3330, 2506, 3126, 3434, 223, 1272, 1304, 2738, 3311, 1290, 3073, 3199, 5388, 1989, 2828, 1431, 2509, 1643, 3373, 2821, 1188, 2859, 1955, 510, 1486, 595, 2764, 2793, 2298, 708, 1768, 5056, 5179, 4869, 2794, 2360, 4895, 1094, 5372, 2311, 2488, 1066, 2618, 429, 571, 2244, 2290, 1380, 2387, 68, 2439, 1878, 3749, 4145, 3746, 4125, 1315, 2150, 4656, 348, 770, 3019, 2275, 587, 315, 4120, 36, 2855, 3651, 2566, 4293, 640, 1490, 4054, 4959, 1835, 2354, 3522, 4901, 1243, 1571, 3332, 652, 2068, 1808, 5156, 1114, 4716, 2121, 5117, 4747, 4593, 451, 3953, 2782, 2461, 5091, 4920, 4668, 3397, 5247, 1260, 297, 2704, 3504, 3203, 2900, 384, 157, 4868, 3488, 5245, 3173, 1647, 3273, 1192, 3908, 38, 3992, 749, 5294, 3848, 860, 2479, 2459, 867, 3218, 4838, 4482, 20, 1521, 1641, 122, 3118, 2063, 2400, 3519, 1063, 2035, 3442, 2890, 1763, 2119, 5400, 1961, 4854, 2292, 2772, 527, 4917, 4955, 2172, 1186, 4006, 1388, 4382, 4717, 2798, 831, 1206, 189, 5149, 4021, 507, 3599, 3197, 5148, 539, 2171, 2575, 1615, 4032, 2592, 5425, 350, 201, 2074, 3364, 3764, 2122, 3738, 1086, 4460, 400, 63, 1662, 286, 291, 693, 3484, 2629, 4674, 2334, 1913, 4762, 2824, 4767, 4750, 4965, 1785, 2069, 583, 1797, 5051, 4848, 2634, 1507, 4085, 5159, 3279, 3927, 4, 550, 5447, 207, 2799, 551, 5144, 2563, 146, 4989, 4400, 2113, 434, 27, 4129, 3768, 3668, 3459, 3091, 1215, 4091, 1681, 2872, 4014, 4194, 779, 4029, 3756, 4760, 2476, 1749, 4658, 4871, 4348, 2757, 646, 1897, 2195, 316, 716, 4208, 5383, 825, 5370, 3078, 3778, 1702, 3984, 3847, 1150, 4300, 649, 4808, 3775, 4935, 3159, 687, 1223, 946, 4538, 4535, 3077, 5359, 780, 477, 2524, 371, 5142, 3611, 62, 1069, 4193, 883, 4130, 4328, 622, 4974, 1436, 4519, 1762, 4238, 3012, 3554, 4026, 3342, 4182, 5410, 1407, 2736, 913, 4045, 182, 1382, 3625, 1351, 3839, 3583, 2938, 46, 829, 5326, 2230, 612, 5021, 3121, 1127, 3006, 1852, 329, 118, 3794, 4081, 72, 1330, 519, 1195, 2017, 1920, 314, 1129, 3544, 1000, 282, 4041, 2857, 324, 2210, 5283, 2272, 4438, 10, 5341, 4447, 5120, 4167, 1047, 742, 4222, 2916, 3377, 2533, 2707, 2819, 42, 3054, 703, 1519, 1891, 1740, 2997, 347, 5190, 3489, 4284, 833, 4467, 2603, 4198, 4987, 4303, 2483, 435, 4121, 2536, 3048, 2561, 4425, 3177, 2774, 5313, 5078, 1804, 2780, 317, 1372, 1842, 2517, 35, 4283, 3692, 794, 4047, 4496, 4319, 1623, 896, 4416, 3383, 2217, 2330, 2026, 2565, 890, 1423, 3773, 2941, 4926, 2977, 256, 2755, 3724, 1697, 3141, 3189, 2520, 402, 1159, 1593, 508, 1536, 2376, 2842, 691, 3596, 2321, 1576, 5411, 2201, 2532, 4138, 4631, 3815, 4657, 2905, 3472, 4518, 4823, 4810, 2892, 4073, 2806, 3715, 31, 2372, 1782, 2133, 1893, 3932, 4602, 3997, 1607, 1238, 4296, 1350, 4498, 4735, 1489, 4877, 845, 1630, 3469, 4143, 4002, 106, 2773, 2881, 287, 2062, 1757, 4230, 1627, 830, 563, 1196, 2460, 5333, 2472, 1067, 1377, 4844, 3515, 4552, 958, 4347, 1170, 1543, 3120, 2239, 28, 4909, 3026, 515, 3293, 1948, 4948, 76, 970, 840, 4011, 2675, 4050, 37, 108, 4651, 3319, 3660, 5160, 4768, 1911, 5345, 23, 4419, 1815, 447, 581, 4426, 893, 2756, 1864, 4418, 4444, 1411, 3446, 3278, 1618, 4786, 3998, 2055, 2795, 4841, 1599, 1044, 2418, 2206, 1394, 3409, 4428, 5301, 5139, 4504, 3974, 4123, 2414, 3527, 4244, 4985, 3310, 3975, 1318, 952, 4822, 3414, 2223, 1506, 627, 3094, 1236, 4642, 2481, 1629, 4509, 4265, 3829, 4149, 3249, 426, 3817, 2571, 3894, 4662, 744, 4561, 1926, 3576, 2655, 1714, 2072, 1559, 3358, 4741, 2526, 2896, 5132, 613, 4331, 1969, 1727, 1293, 871, 5264, 4669, 1505, 1095]",333,750,1,False,750
218,numeric,numeric,5,True,True,True,"{2: 151, 1: 172, 5: 122, 3: 154, 4: 141, 0: 10}","[4097, 1548, 5419, 4731, 3902, 3380, 4432, 3710, 3542, 3991, 4880, 2494, 2930, 1237, 5356, 235, 4127, 3911, 217, 3274, 932, 1468, 2624, 2837, 3687, 1483, 2116, 3691, 4885, 1822, 1115, 1952, 4887, 876, 2002, 4576, 3443, 5286, 2441, 4713, 121, 2388, 292, 5439, 83, 4206, 4866, 1120, 5436, 1558, 1312, 2596, 3921, 1887, 388, 2130, 1360, 1525, 4673, 4770, 3790, 1675, 2897, 556, 4577, 4946, 2628, 1915, 2862, 5186, 4722, 3211, 2127, 2225, 352, 1392, 1877, 2901, 1025, 4799, 1285, 2739, 5107, 4436, 415, 2864, 15, 2351, 4600, 2046, 3401, 650, 3938, 1545, 226, 4522, 992, 5069, 534, 18, 335, 3566, 3064, 2698, 989, 123, 1932, 4178, 3670, 4847, 1514, 2273, 1786, 574, 2856, 3256, 618, 4694, 5405, 4404, 2676, 3762, 5255, 3755, 2485, 5321, 536, 233, 3760, 1837, 4431, 3948, 5252, 3797, 1538, 13, 1387, 1886, 1994, 2954, 4108, 3432, 3881, 4477, 2919, 4613, 5175, 714, 1719, 4590, 3976, 3180, 2250, 2329, 3919, 5171, 3330, 2506, 3126, 3434, 223, 1272, 1304, 2738, 3311, 1290, 3073, 3199, 5388, 1989, 2828, 1431, 2509, 1643, 3373, 2821, 1188, 2859, 1955, 510, 1486, 595, 2764, 2793, 2298, 708, 1768, 5056, 5179, 4869, 2794, 2360, 4895, 1094, 5372, 2311, 2488, 1066, 2618, 429, 571, 2244, 2290, 1380, 2387, 68, 2439, 1878, 3749, 4145, 3746, 4125, 1315, 2150, 4656, 348, 770, 3019, 2275, 587, 315, 4120, 36, 2855, 3651, 2566, 4293, 640, 1490, 4054, 4959, 1835, 2354, 3522, 4901, 1243, 1571, 3332, 652, 2068, 1808, 5156, 1114, 4716, 2121, 5117, 4747, 4593, 451, 3953, 2782, 2461, 5091, 4920, 4668, 3397, 5247, 1260, 297, 2704, 3504, 3203, 2900, 384, 157, 4868, 3488, 5245, 3173, 1647, 3273, 1192, 3908, 38, 3992, 749, 5294, 3848, 860, 2479, 2459, 867, 3218, 4838, 4482, 20, 1521, 1641, 122, 3118, 2063, 2400, 3519, 1063, 2035, 3442, 2890, 1763, 2119, 5400, 1961, 4854, 2292, 2772, 527, 4917, 4955, 2172, 1186, 4006, 1388, 4382, 4717, 2798, 831, 1206, 189, 5149, 4021, 507, 3599, 3197, 5148, 539, 2171, 2575, 1615, 4032, 2592, 5425, 350, 201, 2074, 3364, 3764, 2122, 3738, 1086, 4460, 400, 63, 1662, 286, 291, 693, 3484, 2629, 4674, 2334, 1913, 4762, 2824, 4767, 4750, 4965, 1785, 2069, 583, 1797, 5051, 4848, 2634, 1507, 4085, 5159, 3279, 3927, 4, 550, 5447, 207, 2799, 551, 5144, 2563, 146, 4989, 4400, 2113, 434, 27, 4129, 3768, 3668, 3459, 3091, 1215, 4091, 1681, 2872, 4014, 4194, 779, 4029, 3756, 4760, 2476, 1749, 4658, 4871, 4348, 2757, 646, 1897, 2195, 316, 716, 4208, 5383, 825, 5370, 3078, 3778, 1702, 3984, 3847, 1150, 4300, 649, 4808, 3775, 4935, 3159, 687, 1223, 946, 4538, 4535, 3077, 5359, 780, 477, 2524, 371, 5142, 3611, 62, 1069, 4193, 883, 4130, 4328, 622, 4974, 1436, 4519, 1762, 4238, 3012, 3554, 4026, 3342, 4182, 5410, 1407, 2736, 913, 4045, 182, 1382, 3625, 1351, 3839, 3583, 2938, 46, 829, 5326, 2230, 612, 5021, 3121, 1127, 3006, 1852, 329, 118, 3794, 4081, 72, 1330, 519, 1195, 2017, 1920, 314, 1129, 3544, 1000, 282, 4041, 2857, 324, 2210, 5283, 2272, 4438, 10, 5341, 4447, 5120, 4167, 1047, 742, 4222, 2916, 3377, 2533, 2707, 2819, 42, 3054, 703, 1519, 1891, 1740, 2997, 347, 5190, 3489, 4284, 833, 4467, 2603, 4198, 4987, 4303, 2483, 435, 4121, 2536, 3048, 2561, 4425, 3177, 2774, 5313, 5078, 1804, 2780, 317, 1372, 1842, 2517, 35, 4283, 3692, 794, 4047, 4496, 4319, 1623, 896, 4416, 3383, 2217, 2330, 2026, 2565, 890, 1423, 3773, 2941, 4926, 2977, 256, 2755, 3724, 1697, 3141, 3189, 2520, 402, 1159, 1593, 508, 1536, 2376, 2842, 691, 3596, 2321, 1576, 5411, 2201, 2532, 4138, 4631, 3815, 4657, 2905, 3472, 4518, 4823, 4810, 2892, 4073, 2806, 3715, 31, 2372, 1782, 2133, 1893, 3932, 4602, 3997, 1607, 1238, 4296, 1350, 4498, 4735, 1489, 4877, 845, 1630, 3469, 4143, 4002, 106, 2773, 2881, 287, 2062, 1757, 4230, 1627, 830, 563, 1196, 2460, 5333, 2472, 1067, 1377, 4844, 3515, 4552, 958, 4347, 1170, 1543, 3120, 2239, 28, 4909, 3026, 515, 3293, 1948, 4948, 76, 970, 840, 4011, 2675, 4050, 37, 108, 4651, 3319, 3660, 5160, 4768, 1911, 5345, 23, 4419, 1815, 447, 581, 4426, 893, 2756, 1864, 4418, 4444, 1411, 3446, 3278, 1618, 4786, 3998, 2055, 2795, 4841, 1599, 1044, 2418, 2206, 1394, 3409, 4428, 5301, 5139, 4504, 3974, 4123, 2414, 3527, 4244, 4985, 3310, 3975, 1318, 952, 4822, 3414, 2223, 1506, 627, 3094, 1236, 4642, 2481, 1629, 4509, 4265, 3829, 4149, 3249, 426, 3817, 2571, 3894, 4662, 744, 4561, 1926, 3576, 2655, 1714, 2072, 1559, 3358, 4741, 2526, 2896, 5132, 613, 4331, 1969, 1727, 1293, 871, 5264, 4669, 1505, 1095]",218,750,1,False,750
225,numeric,entity,1,True,False,True,"{2: 151, 1: 172, 5: 122, 3: 154, 4: 141, 0: 10}","[4097, 1548, 5419, 4731, 3902, 3380, 4432, 3710, 3542, 3991, 4880, 2494, 2930, 1237, 5356, 235, 4127, 3911, 217, 3274, 932, 1468, 2624, 2837, 3687, 1483, 2116, 3691, 4885, 1822, 1115, 1952, 4887, 876, 2002, 4576, 3443, 5286, 2441, 4713, 121, 2388, 292, 5439, 83, 4206, 4866, 1120, 5436, 1558, 1312, 2596, 3921, 1887, 388, 2130, 1360, 1525, 4673, 4770, 3790, 1675, 2897, 556, 4577, 4946, 2628, 1915, 2862, 5186, 4722, 3211, 2127, 2225, 352, 1392, 1877, 2901, 1025, 4799, 1285, 2739, 5107, 4436, 415, 2864, 15, 2351, 4600, 2046, 3401, 650, 3938, 1545, 226, 4522, 992, 5069, 534, 18, 335, 3566, 3064, 2698, 989, 123, 1932, 4178, 3670, 4847, 1514, 2273, 1786, 574, 2856, 3256, 618, 4694, 5405, 4404, 2676, 3762, 5255, 3755, 2485, 5321, 536, 233, 3760, 1837, 4431, 3948, 5252, 3797, 1538, 13, 1387, 1886, 1994, 2954, 4108, 3432, 3881, 4477, 2919, 4613, 5175, 714, 1719, 4590, 3976, 3180, 2250, 2329, 3919, 5171, 3330, 2506, 3126, 3434, 223, 1272, 1304, 2738, 3311, 1290, 3073, 3199, 5388, 1989, 2828, 1431, 2509, 1643, 3373, 2821, 1188, 2859, 1955, 510, 1486, 595, 2764, 2793, 2298, 708, 1768, 5056, 5179, 4869, 2794, 2360, 4895, 1094, 5372, 2311, 2488, 1066, 2618, 429, 571, 2244, 2290, 1380, 2387, 68, 2439, 1878, 3749, 4145, 3746, 4125, 1315, 2150, 4656, 348, 770, 3019, 2275, 587, 315, 4120, 36, 2855, 3651, 2566, 4293, 640, 1490, 4054, 4959, 1835, 2354, 3522, 4901, 1243, 1571, 3332, 652, 2068, 1808, 5156, 1114, 4716, 2121, 5117, 4747, 4593, 451, 3953, 2782, 2461, 5091, 4920, 4668, 3397, 5247, 1260, 297, 2704, 3504, 3203, 2900, 384, 157, 4868, 3488, 5245, 3173, 1647, 3273, 1192, 3908, 38, 3992, 749, 5294, 3848, 860, 2479, 2459, 867, 3218, 4838, 4482, 20, 1521, 1641, 122, 3118, 2063, 2400, 3519, 1063, 2035, 3442, 2890, 1763, 2119, 5400, 1961, 4854, 2292, 2772, 527, 4917, 4955, 2172, 1186, 4006, 1388, 4382, 4717, 2798, 831, 1206, 189, 5149, 4021, 507, 3599, 3197, 5148, 539, 2171, 2575, 1615, 4032, 2592, 5425, 350, 201, 2074, 3364, 3764, 2122, 3738, 1086, 4460, 400, 63, 1662, 286, 291, 693, 3484, 2629, 4674, 2334, 1913, 4762, 2824, 4767, 4750, 4965, 1785, 2069, 583, 1797, 5051, 4848, 2634, 1507, 4085, 5159, 3279, 3927, 4, 550, 5447, 207, 2799, 551, 5144, 2563, 146, 4989, 4400, 2113, 434, 27, 4129, 3768, 3668, 3459, 3091, 1215, 4091, 1681, 2872, 4014, 4194, 779, 4029, 3756, 4760, 2476, 1749, 4658, 4871, 4348, 2757, 646, 1897, 2195, 316, 716, 4208, 5383, 825, 5370, 3078, 3778, 1702, 3984, 3847, 1150, 4300, 649, 4808, 3775, 4935, 3159, 687, 1223, 946, 4538, 4535, 3077, 5359, 780, 477, 2524, 371, 5142, 3611, 62, 1069, 4193, 883, 4130, 4328, 622, 4974, 1436, 4519, 1762, 4238, 3012, 3554, 4026, 3342, 4182, 5410, 1407, 2736, 913, 4045, 182, 1382, 3625, 1351, 3839, 3583, 2938, 46, 829, 5326, 2230, 612, 5021, 3121, 1127, 3006, 1852, 329, 118, 3794, 4081, 72, 1330, 519, 1195, 2017, 1920, 314, 1129, 3544, 1000, 282, 4041, 2857, 324, 2210, 5283, 2272, 4438, 10, 5341, 4447, 5120, 4167, 1047, 742, 4222, 2916, 3377, 2533, 2707, 2819, 42, 3054, 703, 1519, 1891, 1740, 2997, 347, 5190, 3489, 4284, 833, 4467, 2603, 4198, 4987, 4303, 2483, 435, 4121, 2536, 3048, 2561, 4425, 3177, 2774, 5313, 5078, 1804, 2780, 317, 1372, 1842, 2517, 35, 4283, 3692, 794, 4047, 4496, 4319, 1623, 896, 4416, 3383, 2217, 2330, 2026, 2565, 890, 1423, 3773, 2941, 4926, 2977, 256, 2755, 3724, 1697, 3141, 3189, 2520, 402, 1159, 1593, 508, 1536, 2376, 2842, 691, 3596, 2321, 1576, 5411, 2201, 2532, 4138, 4631, 3815, 4657, 2905, 3472, 4518, 4823, 4810, 2892, 4073, 2806, 3715, 31, 2372, 1782, 2133, 1893, 3932, 4602, 3997, 1607, 1238, 4296, 1350, 4498, 4735, 1489, 4877, 845, 1630, 3469, 4143, 4002, 106, 2773, 2881, 287, 2062, 1757, 4230, 1627, 830, 563, 1196, 2460, 5333, 2472, 1067, 1377, 4844, 3515, 4552, 958, 4347, 1170, 1543, 3120, 2239, 28, 4909, 3026, 515, 3293, 1948, 4948, 76, 970, 840, 4011, 2675, 4050, 37, 108, 4651, 3319, 3660, 5160, 4768, 1911, 5345, 23, 4419, 1815, 447, 581, 4426, 893, 2756, 1864, 4418, 4444, 1411, 3446, 3278, 1618, 4786, 3998, 2055, 2795, 4841, 1599, 1044, 2418, 2206, 1394, 3409, 4428, 5301, 5139, 4504, 3974, 4123, 2414, 3527, 4244, 4985, 3310, 3975, 1318, 952, 4822, 3414, 2223, 1506, 627, 3094, 1236, 4642, 2481, 1629, 4509, 4265, 3829, 4149, 3249, 426, 3817, 2571, 3894, 4662, 744, 4561, 1926, 3576, 2655, 1714, 2072, 1559, 3358, 4741, 2526, 2896, 5132, 613, 4331, 1969, 1727, 1293, 871, 5264, 4669, 1505, 1095]",225,750,1,False,750
460,human,human,3,True,True,True,"{2: 151, 1: 172, 5: 122, 3: 154, 4: 141, 0: 10}","[4097, 1548, 5419, 4731, 3902, 3380, 4432, 3710, 3542, 3991, 4880, 2494, 2930, 1237, 5356, 235, 4127, 3911, 217, 3274, 932, 1468, 2624, 2837, 3687, 1483, 2116, 3691, 4885, 1822, 1115, 1952, 4887, 876, 2002, 4576, 3443, 5286, 2441, 4713, 121, 2388, 292, 5439, 83, 4206, 4866, 1120, 5436, 1558, 1312, 2596, 3921, 1887, 388, 2130, 1360, 1525, 4673, 4770, 3790, 1675, 2897, 556, 4577, 4946, 2628, 1915, 2862, 5186, 4722, 3211, 2127, 2225, 352, 1392, 1877, 2901, 1025, 4799, 1285, 2739, 5107, 4436, 415, 2864, 15, 2351, 4600, 2046, 3401, 650, 3938, 1545, 226, 4522, 992, 5069, 534, 18, 335, 3566, 3064, 2698, 989, 123, 1932, 4178, 3670, 4847, 1514, 2273, 1786, 574, 2856, 3256, 618, 4694, 5405, 4404, 2676, 3762, 5255, 3755, 2485, 5321, 536, 233, 3760, 1837, 4431, 3948, 5252, 3797, 1538, 13, 1387, 1886, 1994, 2954, 4108, 3432, 3881, 4477, 2919, 4613, 5175, 714, 1719, 4590, 3976, 3180, 2250, 2329, 3919, 5171, 3330, 2506, 3126, 3434, 223, 1272, 1304, 2738, 3311, 1290, 3073, 3199, 5388, 1989, 2828, 1431, 2509, 1643, 3373, 2821, 1188, 2859, 1955, 510, 1486, 595, 2764, 2793, 2298, 708, 1768, 5056, 5179, 4869, 2794, 2360, 4895, 1094, 5372, 2311, 2488, 1066, 2618, 429, 571, 2244, 2290, 1380, 2387, 68, 2439, 1878, 3749, 4145, 3746, 4125, 1315, 2150, 4656, 348, 770, 3019, 2275, 587, 315, 4120, 36, 2855, 3651, 2566, 4293, 640, 1490, 4054, 4959, 1835, 2354, 3522, 4901, 1243, 1571, 3332, 652, 2068, 1808, 5156, 1114, 4716, 2121, 5117, 4747, 4593, 451, 3953, 2782, 2461, 5091, 4920, 4668, 3397, 5247, 1260, 297, 2704, 3504, 3203, 2900, 384, 157, 4868, 3488, 5245, 3173, 1647, 3273, 1192, 3908, 38, 3992, 749, 5294, 3848, 860, 2479, 2459, 867, 3218, 4838, 4482, 20, 1521, 1641, 122, 3118, 2063, 2400, 3519, 1063, 2035, 3442, 2890, 1763, 2119, 5400, 1961, 4854, 2292, 2772, 527, 4917, 4955, 2172, 1186, 4006, 1388, 4382, 4717, 2798, 831, 1206, 189, 5149, 4021, 507, 3599, 3197, 5148, 539, 2171, 2575, 1615, 4032, 2592, 5425, 350, 201, 2074, 3364, 3764, 2122, 3738, 1086, 4460, 400, 63, 1662, 286, 291, 693, 3484, 2629, 4674, 2334, 1913, 4762, 2824, 4767, 4750, 4965, 1785, 2069, 583, 1797, 5051, 4848, 2634, 1507, 4085, 5159, 3279, 3927, 4, 550, 5447, 207, 2799, 551, 5144, 2563, 146, 4989, 4400, 2113, 434, 27, 4129, 3768, 3668, 3459, 3091, 1215, 4091, 1681, 2872, 4014, 4194, 779, 4029, 3756, 4760, 2476, 1749, 4658, 4871, 4348, 2757, 646, 1897, 2195, 316, 716, 4208, 5383, 825, 5370, 3078, 3778, 1702, 3984, 3847, 1150, 4300, 649, 4808, 3775, 4935, 3159, 687, 1223, 946, 4538, 4535, 3077, 5359, 780, 477, 2524, 371, 5142, 3611, 62, 1069, 4193, 883, 4130, 4328, 622, 4974, 1436, 4519, 1762, 4238, 3012, 3554, 4026, 3342, 4182, 5410, 1407, 2736, 913, 4045, 182, 1382, 3625, 1351, 3839, 3583, 2938, 46, 829, 5326, 2230, 612, 5021, 3121, 1127, 3006, 1852, 329, 118, 3794, 4081, 72, 1330, 519, 1195, 2017, 1920, 314, 1129, 3544, 1000, 282, 4041, 2857, 324, 2210, 5283, 2272, 4438, 10, 5341, 4447, 5120, 4167, 1047, 742, 4222, 2916, 3377, 2533, 2707, 2819, 42, 3054, 703, 1519, 1891, 1740, 2997, 347, 5190, 3489, 4284, 833, 4467, 2603, 4198, 4987, 4303, 2483, 435, 4121, 2536, 3048, 2561, 4425, 3177, 2774, 5313, 5078, 1804, 2780, 317, 1372, 1842, 2517, 35, 4283, 3692, 794, 4047, 4496, 4319, 1623, 896, 4416, 3383, 2217, 2330, 2026, 2565, 890, 1423, 3773, 2941, 4926, 2977, 256, 2755, 3724, 1697, 3141, 3189, 2520, 402, 1159, 1593, 508, 1536, 2376, 2842, 691, 3596, 2321, 1576, 5411, 2201, 2532, 4138, 4631, 3815, 4657, 2905, 3472, 4518, 4823, 4810, 2892, 4073, 2806, 3715, 31, 2372, 1782, 2133, 1893, 3932, 4602, 3997, 1607, 1238, 4296, 1350, 4498, 4735, 1489, 4877, 845, 1630, 3469, 4143, 4002, 106, 2773, 2881, 287, 2062, 1757, 4230, 1627, 830, 563, 1196, 2460, 5333, 2472, 1067, 1377, 4844, 3515, 4552, 958, 4347, 1170, 1543, 3120, 2239, 28, 4909, 3026, 515, 3293, 1948, 4948, 76, 970, 840, 4011, 2675, 4050, 37, 108, 4651, 3319, 3660, 5160, 4768, 1911, 5345, 23, 4419, 1815, 447, 581, 4426, 893, 2756, 1864, 4418, 4444, 1411, 3446, 3278, 1618, 4786, 3998, 2055, 2795, 4841, 1599, 1044, 2418, 2206, 1394, 3409, 4428, 5301, 5139, 4504, 3974, 4123, 2414, 3527, 4244, 4985, 3310, 3975, 1318, 952, 4822, 3414, 2223, 1506, 627, 3094, 1236, 4642, 2481, 1629, 4509, 4265, 3829, 4149, 3249, 426, 3817, 2571, 3894, 4662, 744, 4561, 1926, 3576, 2655, 1714, 2072, 1559, 3358, 4741, 2526, 2896, 5132, 613, 4331, 1969, 1727, 1293, 871, 5264, 4669, 1505, 1095]",460,750,1,False,750
36,location,location,4,True,True,True,"{2: 151, 1: 172, 5: 122, 3: 154, 4: 141, 0: 10}","[4097, 1548, 5419, 4731, 3902, 3380, 4432, 3710, 3542, 3991, 4880, 2494, 2930, 1237, 5356, 235, 4127, 3911, 217, 3274, 932, 1468, 2624, 2837, 3687, 1483, 2116, 3691, 4885, 1822, 1115, 1952, 4887, 876, 2002, 4576, 3443, 5286, 2441, 4713, 121, 2388, 292, 5439, 83, 4206, 4866, 1120, 5436, 1558, 1312, 2596, 3921, 1887, 388, 2130, 1360, 1525, 4673, 4770, 3790, 1675, 2897, 556, 4577, 4946, 2628, 1915, 2862, 5186, 4722, 3211, 2127, 2225, 352, 1392, 1877, 2901, 1025, 4799, 1285, 2739, 5107, 4436, 415, 2864, 15, 2351, 4600, 2046, 3401, 650, 3938, 1545, 226, 4522, 992, 5069, 534, 18, 335, 3566, 3064, 2698, 989, 123, 1932, 4178, 3670, 4847, 1514, 2273, 1786, 574, 2856, 3256, 618, 4694, 5405, 4404, 2676, 3762, 5255, 3755, 2485, 5321, 536, 233, 3760, 1837, 4431, 3948, 5252, 3797, 1538, 13, 1387, 1886, 1994, 2954, 4108, 3432, 3881, 4477, 2919, 4613, 5175, 714, 1719, 4590, 3976, 3180, 2250, 2329, 3919, 5171, 3330, 2506, 3126, 3434, 223, 1272, 1304, 2738, 3311, 1290, 3073, 3199, 5388, 1989, 2828, 1431, 2509, 1643, 3373, 2821, 1188, 2859, 1955, 510, 1486, 595, 2764, 2793, 2298, 708, 1768, 5056, 5179, 4869, 2794, 2360, 4895, 1094, 5372, 2311, 2488, 1066, 2618, 429, 571, 2244, 2290, 1380, 2387, 68, 2439, 1878, 3749, 4145, 3746, 4125, 1315, 2150, 4656, 348, 770, 3019, 2275, 587, 315, 4120, 36, 2855, 3651, 2566, 4293, 640, 1490, 4054, 4959, 1835, 2354, 3522, 4901, 1243, 1571, 3332, 652, 2068, 1808, 5156, 1114, 4716, 2121, 5117, 4747, 4593, 451, 3953, 2782, 2461, 5091, 4920, 4668, 3397, 5247, 1260, 297, 2704, 3504, 3203, 2900, 384, 157, 4868, 3488, 5245, 3173, 1647, 3273, 1192, 3908, 38, 3992, 749, 5294, 3848, 860, 2479, 2459, 867, 3218, 4838, 4482, 20, 1521, 1641, 122, 3118, 2063, 2400, 3519, 1063, 2035, 3442, 2890, 1763, 2119, 5400, 1961, 4854, 2292, 2772, 527, 4917, 4955, 2172, 1186, 4006, 1388, 4382, 4717, 2798, 831, 1206, 189, 5149, 4021, 507, 3599, 3197, 5148, 539, 2171, 2575, 1615, 4032, 2592, 5425, 350, 201, 2074, 3364, 3764, 2122, 3738, 1086, 4460, 400, 63, 1662, 286, 291, 693, 3484, 2629, 4674, 2334, 1913, 4762, 2824, 4767, 4750, 4965, 1785, 2069, 583, 1797, 5051, 4848, 2634, 1507, 4085, 5159, 3279, 3927, 4, 550, 5447, 207, 2799, 551, 5144, 2563, 146, 4989, 4400, 2113, 434, 27, 4129, 3768, 3668, 3459, 3091, 1215, 4091, 1681, 2872, 4014, 4194, 779, 4029, 3756, 4760, 2476, 1749, 4658, 4871, 4348, 2757, 646, 1897, 2195, 316, 716, 4208, 5383, 825, 5370, 3078, 3778, 1702, 3984, 3847, 1150, 4300, 649, 4808, 3775, 4935, 3159, 687, 1223, 946, 4538, 4535, 3077, 5359, 780, 477, 2524, 371, 5142, 3611, 62, 1069, 4193, 883, 4130, 4328, 622, 4974, 1436, 4519, 1762, 4238, 3012, 3554, 4026, 3342, 4182, 5410, 1407, 2736, 913, 4045, 182, 1382, 3625, 1351, 3839, 3583, 2938, 46, 829, 5326, 2230, 612, 5021, 3121, 1127, 3006, 1852, 329, 118, 3794, 4081, 72, 1330, 519, 1195, 2017, 1920, 314, 1129, 3544, 1000, 282, 4041, 2857, 324, 2210, 5283, 2272, 4438, 10, 5341, 4447, 5120, 4167, 1047, 742, 4222, 2916, 3377, 2533, 2707, 2819, 42, 3054, 703, 1519, 1891, 1740, 2997, 347, 5190, 3489, 4284, 833, 4467, 2603, 4198, 4987, 4303, 2483, 435, 4121, 2536, 3048, 2561, 4425, 3177, 2774, 5313, 5078, 1804, 2780, 317, 1372, 1842, 2517, 35, 4283, 3692, 794, 4047, 4496, 4319, 1623, 896, 4416, 3383, 2217, 2330, 2026, 2565, 890, 1423, 3773, 2941, 4926, 2977, 256, 2755, 3724, 1697, 3141, 3189, 2520, 402, 1159, 1593, 508, 1536, 2376, 2842, 691, 3596, 2321, 1576, 5411, 2201, 2532, 4138, 4631, 3815, 4657, 2905, 3472, 4518, 4823, 4810, 2892, 4073, 2806, 3715, 31, 2372, 1782, 2133, 1893, 3932, 4602, 3997, 1607, 1238, 4296, 1350, 4498, 4735, 1489, 4877, 845, 1630, 3469, 4143, 4002, 106, 2773, 2881, 287, 2062, 1757, 4230, 1627, 830, 563, 1196, 2460, 5333, 2472, 1067, 1377, 4844, 3515, 4552, 958, 4347, 1170, 1543, 3120, 2239, 28, 4909, 3026, 515, 3293, 1948, 4948, 76, 970, 840, 4011, 2675, 4050, 37, 108, 4651, 3319, 3660, 5160, 4768, 1911, 5345, 23, 4419, 1815, 447, 581, 4426, 893, 2756, 1864, 4418, 4444, 1411, 3446, 3278, 1618, 4786, 3998, 2055, 2795, 4841, 1599, 1044, 2418, 2206, 1394, 3409, 4428, 5301, 5139, 4504, 3974, 4123, 2414, 3527, 4244, 4985, 3310, 3975, 1318, 952, 4822, 3414, 2223, 1506, 627, 3094, 1236, 4642, 2481, 1629, 4509, 4265, 3829, 4149, 3249, 426, 3817, 2571, 3894, 4662, 744, 4561, 1926, 3576, 2655, 1714, 2072, 1559, 3358, 4741, 2526, 2896, 5132, 613, 4331, 1969, 1727, 1293, 871, 5264, 4669, 1505, 1095]",36,750,1,False,750
461,numeric,entity,1,True,False,True,"{2: 151, 1: 172, 5: 122, 3: 154, 4: 141, 0: 10}","[4097, 1548, 5419, 4731, 3902, 3380, 4432, 3710, 3542, 3991, 4880, 2494, 2930, 1237, 5356, 235, 4127, 3911, 217, 3274, 932, 1468, 2624, 2837, 3687, 1483, 2116, 3691, 4885, 1822, 1115, 1952, 4887, 876, 2002, 4576, 3443, 5286, 2441, 4713, 121, 2388, 292, 5439, 83, 4206, 4866, 1120, 5436, 1558, 1312, 2596, 3921, 1887, 388, 2130, 1360, 1525, 4673, 4770, 3790, 1675, 2897, 556, 4577, 4946, 2628, 1915, 2862, 5186, 4722, 3211, 2127, 2225, 352, 1392, 1877, 2901, 1025, 4799, 1285, 2739, 5107, 4436, 415, 2864, 15, 2351, 4600, 2046, 3401, 650, 3938, 1545, 226, 4522, 992, 5069, 534, 18, 335, 3566, 3064, 2698, 989, 123, 1932, 4178, 3670, 4847, 1514, 2273, 1786, 574, 2856, 3256, 618, 4694, 5405, 4404, 2676, 3762, 5255, 3755, 2485, 5321, 536, 233, 3760, 1837, 4431, 3948, 5252, 3797, 1538, 13, 1387, 1886, 1994, 2954, 4108, 3432, 3881, 4477, 2919, 4613, 5175, 714, 1719, 4590, 3976, 3180, 2250, 2329, 3919, 5171, 3330, 2506, 3126, 3434, 223, 1272, 1304, 2738, 3311, 1290, 3073, 3199, 5388, 1989, 2828, 1431, 2509, 1643, 3373, 2821, 1188, 2859, 1955, 510, 1486, 595, 2764, 2793, 2298, 708, 1768, 5056, 5179, 4869, 2794, 2360, 4895, 1094, 5372, 2311, 2488, 1066, 2618, 429, 571, 2244, 2290, 1380, 2387, 68, 2439, 1878, 3749, 4145, 3746, 4125, 1315, 2150, 4656, 348, 770, 3019, 2275, 587, 315, 4120, 36, 2855, 3651, 2566, 4293, 640, 1490, 4054, 4959, 1835, 2354, 3522, 4901, 1243, 1571, 3332, 652, 2068, 1808, 5156, 1114, 4716, 2121, 5117, 4747, 4593, 451, 3953, 2782, 2461, 5091, 4920, 4668, 3397, 5247, 1260, 297, 2704, 3504, 3203, 2900, 384, 157, 4868, 3488, 5245, 3173, 1647, 3273, 1192, 3908, 38, 3992, 749, 5294, 3848, 860, 2479, 2459, 867, 3218, 4838, 4482, 20, 1521, 1641, 122, 3118, 2063, 2400, 3519, 1063, 2035, 3442, 2890, 1763, 2119, 5400, 1961, 4854, 2292, 2772, 527, 4917, 4955, 2172, 1186, 4006, 1388, 4382, 4717, 2798, 831, 1206, 189, 5149, 4021, 507, 3599, 3197, 5148, 539, 2171, 2575, 1615, 4032, 2592, 5425, 350, 201, 2074, 3364, 3764, 2122, 3738, 1086, 4460, 400, 63, 1662, 286, 291, 693, 3484, 2629, 4674, 2334, 1913, 4762, 2824, 4767, 4750, 4965, 1785, 2069, 583, 1797, 5051, 4848, 2634, 1507, 4085, 5159, 3279, 3927, 4, 550, 5447, 207, 2799, 551, 5144, 2563, 146, 4989, 4400, 2113, 434, 27, 4129, 3768, 3668, 3459, 3091, 1215, 4091, 1681, 2872, 4014, 4194, 779, 4029, 3756, 4760, 2476, 1749, 4658, 4871, 4348, 2757, 646, 1897, 2195, 316, 716, 4208, 5383, 825, 5370, 3078, 3778, 1702, 3984, 3847, 1150, 4300, 649, 4808, 3775, 4935, 3159, 687, 1223, 946, 4538, 4535, 3077, 5359, 780, 477, 2524, 371, 5142, 3611, 62, 1069, 4193, 883, 4130, 4328, 622, 4974, 1436, 4519, 1762, 4238, 3012, 3554, 4026, 3342, 4182, 5410, 1407, 2736, 913, 4045, 182, 1382, 3625, 1351, 3839, 3583, 2938, 46, 829, 5326, 2230, 612, 5021, 3121, 1127, 3006, 1852, 329, 118, 3794, 4081, 72, 1330, 519, 1195, 2017, 1920, 314, 1129, 3544, 1000, 282, 4041, 2857, 324, 2210, 5283, 2272, 4438, 10, 5341, 4447, 5120, 4167, 1047, 742, 4222, 2916, 3377, 2533, 2707, 2819, 42, 3054, 703, 1519, 1891, 1740, 2997, 347, 5190, 3489, 4284, 833, 4467, 2603, 4198, 4987, 4303, 2483, 435, 4121, 2536, 3048, 2561, 4425, 3177, 2774, 5313, 5078, 1804, 2780, 317, 1372, 1842, 2517, 35, 4283, 3692, 794, 4047, 4496, 4319, 1623, 896, 4416, 3383, 2217, 2330, 2026, 2565, 890, 1423, 3773, 2941, 4926, 2977, 256, 2755, 3724, 1697, 3141, 3189, 2520, 402, 1159, 1593, 508, 1536, 2376, 2842, 691, 3596, 2321, 1576, 5411, 2201, 2532, 4138, 4631, 3815, 4657, 2905, 3472, 4518, 4823, 4810, 2892, 4073, 2806, 3715, 31, 2372, 1782, 2133, 1893, 3932, 4602, 3997, 1607, 1238, 4296, 1350, 4498, 4735, 1489, 4877, 845, 1630, 3469, 4143, 4002, 106, 2773, 2881, 287, 2062, 1757, 4230, 1627, 830, 563, 1196, 2460, 5333, 2472, 1067, 1377, 4844, 3515, 4552, 958, 4347, 1170, 1543, 3120, 2239, 28, 4909, 3026, 515, 3293, 1948, 4948, 76, 970, 840, 4011, 2675, 4050, 37, 108, 4651, 3319, 3660, 5160, 4768, 1911, 5345, 23, 4419, 1815, 447, 581, 4426, 893, 2756, 1864, 4418, 4444, 1411, 3446, 3278, 1618, 4786, 3998, 2055, 2795, 4841, 1599, 1044, 2418, 2206, 1394, 3409, 4428, 5301, 5139, 4504, 3974, 4123, 2414, 3527, 4244, 4985, 3310, 3975, 1318, 952, 4822, 3414, 2223, 1506, 627, 3094, 1236, 4642, 2481, 1629, 4509, 4265, 3829, 4149, 3249, 426, 3817, 2571, 3894, 4662, 744, 4561, 1926, 3576, 2655, 1714, 2072, 1559, 3358, 4741, 2526, 2896, 5132, 613, 4331, 1969, 1727, 1293, 871, 5264, 4669, 1505, 1095]",461,750,1,False,750
232,numeric,description,2,True,False,True,"{2: 151, 1: 172, 5: 122, 3: 154, 4: 141, 0: 10}","[4097, 1548, 5419, 4731, 3902, 3380, 4432, 3710, 3542, 3991, 4880, 2494, 2930, 1237, 5356, 235, 4127, 3911, 217, 3274, 932, 1468, 2624, 2837, 3687, 1483, 2116, 3691, 4885, 1822, 1115, 1952, 4887, 876, 2002, 4576, 3443, 5286, 2441, 4713, 121, 2388, 292, 5439, 83, 4206, 4866, 1120, 5436, 1558, 1312, 2596, 3921, 1887, 388, 2130, 1360, 1525, 4673, 4770, 3790, 1675, 2897, 556, 4577, 4946, 2628, 1915, 2862, 5186, 4722, 3211, 2127, 2225, 352, 1392, 1877, 2901, 1025, 4799, 1285, 2739, 5107, 4436, 415, 2864, 15, 2351, 4600, 2046, 3401, 650, 3938, 1545, 226, 4522, 992, 5069, 534, 18, 335, 3566, 3064, 2698, 989, 123, 1932, 4178, 3670, 4847, 1514, 2273, 1786, 574, 2856, 3256, 618, 4694, 5405, 4404, 2676, 3762, 5255, 3755, 2485, 5321, 536, 233, 3760, 1837, 4431, 3948, 5252, 3797, 1538, 13, 1387, 1886, 1994, 2954, 4108, 3432, 3881, 4477, 2919, 4613, 5175, 714, 1719, 4590, 3976, 3180, 2250, 2329, 3919, 5171, 3330, 2506, 3126, 3434, 223, 1272, 1304, 2738, 3311, 1290, 3073, 3199, 5388, 1989, 2828, 1431, 2509, 1643, 3373, 2821, 1188, 2859, 1955, 510, 1486, 595, 2764, 2793, 2298, 708, 1768, 5056, 5179, 4869, 2794, 2360, 4895, 1094, 5372, 2311, 2488, 1066, 2618, 429, 571, 2244, 2290, 1380, 2387, 68, 2439, 1878, 3749, 4145, 3746, 4125, 1315, 2150, 4656, 348, 770, 3019, 2275, 587, 315, 4120, 36, 2855, 3651, 2566, 4293, 640, 1490, 4054, 4959, 1835, 2354, 3522, 4901, 1243, 1571, 3332, 652, 2068, 1808, 5156, 1114, 4716, 2121, 5117, 4747, 4593, 451, 3953, 2782, 2461, 5091, 4920, 4668, 3397, 5247, 1260, 297, 2704, 3504, 3203, 2900, 384, 157, 4868, 3488, 5245, 3173, 1647, 3273, 1192, 3908, 38, 3992, 749, 5294, 3848, 860, 2479, 2459, 867, 3218, 4838, 4482, 20, 1521, 1641, 122, 3118, 2063, 2400, 3519, 1063, 2035, 3442, 2890, 1763, 2119, 5400, 1961, 4854, 2292, 2772, 527, 4917, 4955, 2172, 1186, 4006, 1388, 4382, 4717, 2798, 831, 1206, 189, 5149, 4021, 507, 3599, 3197, 5148, 539, 2171, 2575, 1615, 4032, 2592, 5425, 350, 201, 2074, 3364, 3764, 2122, 3738, 1086, 4460, 400, 63, 1662, 286, 291, 693, 3484, 2629, 4674, 2334, 1913, 4762, 2824, 4767, 4750, 4965, 1785, 2069, 583, 1797, 5051, 4848, 2634, 1507, 4085, 5159, 3279, 3927, 4, 550, 5447, 207, 2799, 551, 5144, 2563, 146, 4989, 4400, 2113, 434, 27, 4129, 3768, 3668, 3459, 3091, 1215, 4091, 1681, 2872, 4014, 4194, 779, 4029, 3756, 4760, 2476, 1749, 4658, 4871, 4348, 2757, 646, 1897, 2195, 316, 716, 4208, 5383, 825, 5370, 3078, 3778, 1702, 3984, 3847, 1150, 4300, 649, 4808, 3775, 4935, 3159, 687, 1223, 946, 4538, 4535, 3077, 5359, 780, 477, 2524, 371, 5142, 3611, 62, 1069, 4193, 883, 4130, 4328, 622, 4974, 1436, 4519, 1762, 4238, 3012, 3554, 4026, 3342, 4182, 5410, 1407, 2736, 913, 4045, 182, 1382, 3625, 1351, 3839, 3583, 2938, 46, 829, 5326, 2230, 612, 5021, 3121, 1127, 3006, 1852, 329, 118, 3794, 4081, 72, 1330, 519, 1195, 2017, 1920, 314, 1129, 3544, 1000, 282, 4041, 2857, 324, 2210, 5283, 2272, 4438, 10, 5341, 4447, 5120, 4167, 1047, 742, 4222, 2916, 3377, 2533, 2707, 2819, 42, 3054, 703, 1519, 1891, 1740, 2997, 347, 5190, 3489, 4284, 833, 4467, 2603, 4198, 4987, 4303, 2483, 435, 4121, 2536, 3048, 2561, 4425, 3177, 2774, 5313, 5078, 1804, 2780, 317, 1372, 1842, 2517, 35, 4283, 3692, 794, 4047, 4496, 4319, 1623, 896, 4416, 3383, 2217, 2330, 2026, 2565, 890, 1423, 3773, 2941, 4926, 2977, 256, 2755, 3724, 1697, 3141, 3189, 2520, 402, 1159, 1593, 508, 1536, 2376, 2842, 691, 3596, 2321, 1576, 5411, 2201, 2532, 4138, 4631, 3815, 4657, 2905, 3472, 4518, 4823, 4810, 2892, 4073, 2806, 3715, 31, 2372, 1782, 2133, 1893, 3932, 4602, 3997, 1607, 1238, 4296, 1350, 4498, 4735, 1489, 4877, 845, 1630, 3469, 4143, 4002, 106, 2773, 2881, 287, 2062, 1757, 4230, 1627, 830, 563, 1196, 2460, 5333, 2472, 1067, 1377, 4844, 3515, 4552, 958, 4347, 1170, 1543, 3120, 2239, 28, 4909, 3026, 515, 3293, 1948, 4948, 76, 970, 840, 4011, 2675, 4050, 37, 108, 4651, 3319, 3660, 5160, 4768, 1911, 5345, 23, 4419, 1815, 447, 581, 4426, 893, 2756, 1864, 4418, 4444, 1411, 3446, 3278, 1618, 4786, 3998, 2055, 2795, 4841, 1599, 1044, 2418, 2206, 1394, 3409, 4428, 5301, 5139, 4504, 3974, 4123, 2414, 3527, 4244, 4985, 3310, 3975, 1318, 952, 4822, 3414, 2223, 1506, 627, 3094, 1236, 4642, 2481, 1629, 4509, 4265, 3829, 4149, 3249, 426, 3817, 2571, 3894, 4662, 744, 4561, 1926, 3576, 2655, 1714, 2072, 1559, 3358, 4741, 2526, 2896, 5132, 613, 4331, 1969, 1727, 1293, 871, 5264, 4669, 1505, 1095]",232,750,1,False,750
290,numeric,location,4,True,False,True,"{2: 151, 1: 172, 5: 122, 3: 154, 4: 141, 0: 10}","[4097, 1548, 5419, 4731, 3902, 3380, 4432, 3710, 3542, 3991, 4880, 2494, 2930, 1237, 5356, 235, 4127, 3911, 217, 3274, 932, 1468, 2624, 2837, 3687, 1483, 2116, 3691, 4885, 1822, 1115, 1952, 4887, 876, 2002, 4576, 3443, 5286, 2441, 4713, 121, 2388, 292, 5439, 83, 4206, 4866, 1120, 5436, 1558, 1312, 2596, 3921, 1887, 388, 2130, 1360, 1525, 4673, 4770, 3790, 1675, 2897, 556, 4577, 4946, 2628, 1915, 2862, 5186, 4722, 3211, 2127, 2225, 352, 1392, 1877, 2901, 1025, 4799, 1285, 2739, 5107, 4436, 415, 2864, 15, 2351, 4600, 2046, 3401, 650, 3938, 1545, 226, 4522, 992, 5069, 534, 18, 335, 3566, 3064, 2698, 989, 123, 1932, 4178, 3670, 4847, 1514, 2273, 1786, 574, 2856, 3256, 618, 4694, 5405, 4404, 2676, 3762, 5255, 3755, 2485, 5321, 536, 233, 3760, 1837, 4431, 3948, 5252, 3797, 1538, 13, 1387, 1886, 1994, 2954, 4108, 3432, 3881, 4477, 2919, 4613, 5175, 714, 1719, 4590, 3976, 3180, 2250, 2329, 3919, 5171, 3330, 2506, 3126, 3434, 223, 1272, 1304, 2738, 3311, 1290, 3073, 3199, 5388, 1989, 2828, 1431, 2509, 1643, 3373, 2821, 1188, 2859, 1955, 510, 1486, 595, 2764, 2793, 2298, 708, 1768, 5056, 5179, 4869, 2794, 2360, 4895, 1094, 5372, 2311, 2488, 1066, 2618, 429, 571, 2244, 2290, 1380, 2387, 68, 2439, 1878, 3749, 4145, 3746, 4125, 1315, 2150, 4656, 348, 770, 3019, 2275, 587, 315, 4120, 36, 2855, 3651, 2566, 4293, 640, 1490, 4054, 4959, 1835, 2354, 3522, 4901, 1243, 1571, 3332, 652, 2068, 1808, 5156, 1114, 4716, 2121, 5117, 4747, 4593, 451, 3953, 2782, 2461, 5091, 4920, 4668, 3397, 5247, 1260, 297, 2704, 3504, 3203, 2900, 384, 157, 4868, 3488, 5245, 3173, 1647, 3273, 1192, 3908, 38, 3992, 749, 5294, 3848, 860, 2479, 2459, 867, 3218, 4838, 4482, 20, 1521, 1641, 122, 3118, 2063, 2400, 3519, 1063, 2035, 3442, 2890, 1763, 2119, 5400, 1961, 4854, 2292, 2772, 527, 4917, 4955, 2172, 1186, 4006, 1388, 4382, 4717, 2798, 831, 1206, 189, 5149, 4021, 507, 3599, 3197, 5148, 539, 2171, 2575, 1615, 4032, 2592, 5425, 350, 201, 2074, 3364, 3764, 2122, 3738, 1086, 4460, 400, 63, 1662, 286, 291, 693, 3484, 2629, 4674, 2334, 1913, 4762, 2824, 4767, 4750, 4965, 1785, 2069, 583, 1797, 5051, 4848, 2634, 1507, 4085, 5159, 3279, 3927, 4, 550, 5447, 207, 2799, 551, 5144, 2563, 146, 4989, 4400, 2113, 434, 27, 4129, 3768, 3668, 3459, 3091, 1215, 4091, 1681, 2872, 4014, 4194, 779, 4029, 3756, 4760, 2476, 1749, 4658, 4871, 4348, 2757, 646, 1897, 2195, 316, 716, 4208, 5383, 825, 5370, 3078, 3778, 1702, 3984, 3847, 1150, 4300, 649, 4808, 3775, 4935, 3159, 687, 1223, 946, 4538, 4535, 3077, 5359, 780, 477, 2524, 371, 5142, 3611, 62, 1069, 4193, 883, 4130, 4328, 622, 4974, 1436, 4519, 1762, 4238, 3012, 3554, 4026, 3342, 4182, 5410, 1407, 2736, 913, 4045, 182, 1382, 3625, 1351, 3839, 3583, 2938, 46, 829, 5326, 2230, 612, 5021, 3121, 1127, 3006, 1852, 329, 118, 3794, 4081, 72, 1330, 519, 1195, 2017, 1920, 314, 1129, 3544, 1000, 282, 4041, 2857, 324, 2210, 5283, 2272, 4438, 10, 5341, 4447, 5120, 4167, 1047, 742, 4222, 2916, 3377, 2533, 2707, 2819, 42, 3054, 703, 1519, 1891, 1740, 2997, 347, 5190, 3489, 4284, 833, 4467, 2603, 4198, 4987, 4303, 2483, 435, 4121, 2536, 3048, 2561, 4425, 3177, 2774, 5313, 5078, 1804, 2780, 317, 1372, 1842, 2517, 35, 4283, 3692, 794, 4047, 4496, 4319, 1623, 896, 4416, 3383, 2217, 2330, 2026, 2565, 890, 1423, 3773, 2941, 4926, 2977, 256, 2755, 3724, 1697, 3141, 3189, 2520, 402, 1159, 1593, 508, 1536, 2376, 2842, 691, 3596, 2321, 1576, 5411, 2201, 2532, 4138, 4631, 3815, 4657, 2905, 3472, 4518, 4823, 4810, 2892, 4073, 2806, 3715, 31, 2372, 1782, 2133, 1893, 3932, 4602, 3997, 1607, 1238, 4296, 1350, 4498, 4735, 1489, 4877, 845, 1630, 3469, 4143, 4002, 106, 2773, 2881, 287, 2062, 1757, 4230, 1627, 830, 563, 1196, 2460, 5333, 2472, 1067, 1377, 4844, 3515, 4552, 958, 4347, 1170, 1543, 3120, 2239, 28, 4909, 3026, 515, 3293, 1948, 4948, 76, 970, 840, 4011, 2675, 4050, 37, 108, 4651, 3319, 3660, 5160, 4768, 1911, 5345, 23, 4419, 1815, 447, 581, 4426, 893, 2756, 1864, 4418, 4444, 1411, 3446, 3278, 1618, 4786, 3998, 2055, 2795, 4841, 1599, 1044, 2418, 2206, 1394, 3409, 4428, 5301, 5139, 4504, 3974, 4123, 2414, 3527, 4244, 4985, 3310, 3975, 1318, 952, 4822, 3414, 2223, 1506, 627, 3094, 1236, 4642, 2481, 1629, 4509, 4265, 3829, 4149, 3249, 426, 3817, 2571, 3894, 4662, 744, 4561, 1926, 3576, 2655, 1714, 2072, 1559, 3358, 4741, 2526, 2896, 5132, 613, 4331, 1969, 1727, 1293, 871, 5264, 4669, 1505, 1095]",290,750,1,False,750
363,numeric,numeric,5,True,True,True,"{2: 151, 1: 172, 5: 122, 3: 154, 4: 141, 0: 10}","[4097, 1548, 5419, 4731, 3902, 3380, 4432, 3710, 3542, 3991, 4880, 2494, 2930, 1237, 5356, 235, 4127, 3911, 217, 3274, 932, 1468, 2624, 2837, 3687, 1483, 2116, 3691, 4885, 1822, 1115, 1952, 4887, 876, 2002, 4576, 3443, 5286, 2441, 4713, 121, 2388, 292, 5439, 83, 4206, 4866, 1120, 5436, 1558, 1312, 2596, 3921, 1887, 388, 2130, 1360, 1525, 4673, 4770, 3790, 1675, 2897, 556, 4577, 4946, 2628, 1915, 2862, 5186, 4722, 3211, 2127, 2225, 352, 1392, 1877, 2901, 1025, 4799, 1285, 2739, 5107, 4436, 415, 2864, 15, 2351, 4600, 2046, 3401, 650, 3938, 1545, 226, 4522, 992, 5069, 534, 18, 335, 3566, 3064, 2698, 989, 123, 1932, 4178, 3670, 4847, 1514, 2273, 1786, 574, 2856, 3256, 618, 4694, 5405, 4404, 2676, 3762, 5255, 3755, 2485, 5321, 536, 233, 3760, 1837, 4431, 3948, 5252, 3797, 1538, 13, 1387, 1886, 1994, 2954, 4108, 3432, 3881, 4477, 2919, 4613, 5175, 714, 1719, 4590, 3976, 3180, 2250, 2329, 3919, 5171, 3330, 2506, 3126, 3434, 223, 1272, 1304, 2738, 3311, 1290, 3073, 3199, 5388, 1989, 2828, 1431, 2509, 1643, 3373, 2821, 1188, 2859, 1955, 510, 1486, 595, 2764, 2793, 2298, 708, 1768, 5056, 5179, 4869, 2794, 2360, 4895, 1094, 5372, 2311, 2488, 1066, 2618, 429, 571, 2244, 2290, 1380, 2387, 68, 2439, 1878, 3749, 4145, 3746, 4125, 1315, 2150, 4656, 348, 770, 3019, 2275, 587, 315, 4120, 36, 2855, 3651, 2566, 4293, 640, 1490, 4054, 4959, 1835, 2354, 3522, 4901, 1243, 1571, 3332, 652, 2068, 1808, 5156, 1114, 4716, 2121, 5117, 4747, 4593, 451, 3953, 2782, 2461, 5091, 4920, 4668, 3397, 5247, 1260, 297, 2704, 3504, 3203, 2900, 384, 157, 4868, 3488, 5245, 3173, 1647, 3273, 1192, 3908, 38, 3992, 749, 5294, 3848, 860, 2479, 2459, 867, 3218, 4838, 4482, 20, 1521, 1641, 122, 3118, 2063, 2400, 3519, 1063, 2035, 3442, 2890, 1763, 2119, 5400, 1961, 4854, 2292, 2772, 527, 4917, 4955, 2172, 1186, 4006, 1388, 4382, 4717, 2798, 831, 1206, 189, 5149, 4021, 507, 3599, 3197, 5148, 539, 2171, 2575, 1615, 4032, 2592, 5425, 350, 201, 2074, 3364, 3764, 2122, 3738, 1086, 4460, 400, 63, 1662, 286, 291, 693, 3484, 2629, 4674, 2334, 1913, 4762, 2824, 4767, 4750, 4965, 1785, 2069, 583, 1797, 5051, 4848, 2634, 1507, 4085, 5159, 3279, 3927, 4, 550, 5447, 207, 2799, 551, 5144, 2563, 146, 4989, 4400, 2113, 434, 27, 4129, 3768, 3668, 3459, 3091, 1215, 4091, 1681, 2872, 4014, 4194, 779, 4029, 3756, 4760, 2476, 1749, 4658, 4871, 4348, 2757, 646, 1897, 2195, 316, 716, 4208, 5383, 825, 5370, 3078, 3778, 1702, 3984, 3847, 1150, 4300, 649, 4808, 3775, 4935, 3159, 687, 1223, 946, 4538, 4535, 3077, 5359, 780, 477, 2524, 371, 5142, 3611, 62, 1069, 4193, 883, 4130, 4328, 622, 4974, 1436, 4519, 1762, 4238, 3012, 3554, 4026, 3342, 4182, 5410, 1407, 2736, 913, 4045, 182, 1382, 3625, 1351, 3839, 3583, 2938, 46, 829, 5326, 2230, 612, 5021, 3121, 1127, 3006, 1852, 329, 118, 3794, 4081, 72, 1330, 519, 1195, 2017, 1920, 314, 1129, 3544, 1000, 282, 4041, 2857, 324, 2210, 5283, 2272, 4438, 10, 5341, 4447, 5120, 4167, 1047, 742, 4222, 2916, 3377, 2533, 2707, 2819, 42, 3054, 703, 1519, 1891, 1740, 2997, 347, 5190, 3489, 4284, 833, 4467, 2603, 4198, 4987, 4303, 2483, 435, 4121, 2536, 3048, 2561, 4425, 3177, 2774, 5313, 5078, 1804, 2780, 317, 1372, 1842, 2517, 35, 4283, 3692, 794, 4047, 4496, 4319, 1623, 896, 4416, 3383, 2217, 2330, 2026, 2565, 890, 1423, 3773, 2941, 4926, 2977, 256, 2755, 3724, 1697, 3141, 3189, 2520, 402, 1159, 1593, 508, 1536, 2376, 2842, 691, 3596, 2321, 1576, 5411, 2201, 2532, 4138, 4631, 3815, 4657, 2905, 3472, 4518, 4823, 4810, 2892, 4073, 2806, 3715, 31, 2372, 1782, 2133, 1893, 3932, 4602, 3997, 1607, 1238, 4296, 1350, 4498, 4735, 1489, 4877, 845, 1630, 3469, 4143, 4002, 106, 2773, 2881, 287, 2062, 1757, 4230, 1627, 830, 563, 1196, 2460, 5333, 2472, 1067, 1377, 4844, 3515, 4552, 958, 4347, 1170, 1543, 3120, 2239, 28, 4909, 3026, 515, 3293, 1948, 4948, 76, 970, 840, 4011, 2675, 4050, 37, 108, 4651, 3319, 3660, 5160, 4768, 1911, 5345, 23, 4419, 1815, 447, 581, 4426, 893, 2756, 1864, 4418, 4444, 1411, 3446, 3278, 1618, 4786, 3998, 2055, 2795, 4841, 1599, 1044, 2418, 2206, 1394, 3409, 4428, 5301, 5139, 4504, 3974, 4123, 2414, 3527, 4244, 4985, 3310, 3975, 1318, 952, 4822, 3414, 2223, 1506, 627, 3094, 1236, 4642, 2481, 1629, 4509, 4265, 3829, 4149, 3249, 426, 3817, 2571, 3894, 4662, 744, 4561, 1926, 3576, 2655, 1714, 2072, 1559, 3358, 4741, 2526, 2896, 5132, 613, 4331, 1969, 1727, 1293, 871, 5264, 4669, 1505, 1095]",363,750,1,False,750
22,numeric,location,4,True,False,True,"{2: 151, 1: 172, 5: 122, 3: 154, 4: 141, 0: 10}","[4097, 1548, 5419, 4731, 3902, 3380, 4432, 3710, 3542, 3991, 4880, 2494, 2930, 1237, 5356, 235, 4127, 3911, 217, 3274, 932, 1468, 2624, 2837, 3687, 1483, 2116, 3691, 4885, 1822, 1115, 1952, 4887, 876, 2002, 4576, 3443, 5286, 2441, 4713, 121, 2388, 292, 5439, 83, 4206, 4866, 1120, 5436, 1558, 1312, 2596, 3921, 1887, 388, 2130, 1360, 1525, 4673, 4770, 3790, 1675, 2897, 556, 4577, 4946, 2628, 1915, 2862, 5186, 4722, 3211, 2127, 2225, 352, 1392, 1877, 2901, 1025, 4799, 1285, 2739, 5107, 4436, 415, 2864, 15, 2351, 4600, 2046, 3401, 650, 3938, 1545, 226, 4522, 992, 5069, 534, 18, 335, 3566, 3064, 2698, 989, 123, 1932, 4178, 3670, 4847, 1514, 2273, 1786, 574, 2856, 3256, 618, 4694, 5405, 4404, 2676, 3762, 5255, 3755, 2485, 5321, 536, 233, 3760, 1837, 4431, 3948, 5252, 3797, 1538, 13, 1387, 1886, 1994, 2954, 4108, 3432, 3881, 4477, 2919, 4613, 5175, 714, 1719, 4590, 3976, 3180, 2250, 2329, 3919, 5171, 3330, 2506, 3126, 3434, 223, 1272, 1304, 2738, 3311, 1290, 3073, 3199, 5388, 1989, 2828, 1431, 2509, 1643, 3373, 2821, 1188, 2859, 1955, 510, 1486, 595, 2764, 2793, 2298, 708, 1768, 5056, 5179, 4869, 2794, 2360, 4895, 1094, 5372, 2311, 2488, 1066, 2618, 429, 571, 2244, 2290, 1380, 2387, 68, 2439, 1878, 3749, 4145, 3746, 4125, 1315, 2150, 4656, 348, 770, 3019, 2275, 587, 315, 4120, 36, 2855, 3651, 2566, 4293, 640, 1490, 4054, 4959, 1835, 2354, 3522, 4901, 1243, 1571, 3332, 652, 2068, 1808, 5156, 1114, 4716, 2121, 5117, 4747, 4593, 451, 3953, 2782, 2461, 5091, 4920, 4668, 3397, 5247, 1260, 297, 2704, 3504, 3203, 2900, 384, 157, 4868, 3488, 5245, 3173, 1647, 3273, 1192, 3908, 38, 3992, 749, 5294, 3848, 860, 2479, 2459, 867, 3218, 4838, 4482, 20, 1521, 1641, 122, 3118, 2063, 2400, 3519, 1063, 2035, 3442, 2890, 1763, 2119, 5400, 1961, 4854, 2292, 2772, 527, 4917, 4955, 2172, 1186, 4006, 1388, 4382, 4717, 2798, 831, 1206, 189, 5149, 4021, 507, 3599, 3197, 5148, 539, 2171, 2575, 1615, 4032, 2592, 5425, 350, 201, 2074, 3364, 3764, 2122, 3738, 1086, 4460, 400, 63, 1662, 286, 291, 693, 3484, 2629, 4674, 2334, 1913, 4762, 2824, 4767, 4750, 4965, 1785, 2069, 583, 1797, 5051, 4848, 2634, 1507, 4085, 5159, 3279, 3927, 4, 550, 5447, 207, 2799, 551, 5144, 2563, 146, 4989, 4400, 2113, 434, 27, 4129, 3768, 3668, 3459, 3091, 1215, 4091, 1681, 2872, 4014, 4194, 779, 4029, 3756, 4760, 2476, 1749, 4658, 4871, 4348, 2757, 646, 1897, 2195, 316, 716, 4208, 5383, 825, 5370, 3078, 3778, 1702, 3984, 3847, 1150, 4300, 649, 4808, 3775, 4935, 3159, 687, 1223, 946, 4538, 4535, 3077, 5359, 780, 477, 2524, 371, 5142, 3611, 62, 1069, 4193, 883, 4130, 4328, 622, 4974, 1436, 4519, 1762, 4238, 3012, 3554, 4026, 3342, 4182, 5410, 1407, 2736, 913, 4045, 182, 1382, 3625, 1351, 3839, 3583, 2938, 46, 829, 5326, 2230, 612, 5021, 3121, 1127, 3006, 1852, 329, 118, 3794, 4081, 72, 1330, 519, 1195, 2017, 1920, 314, 1129, 3544, 1000, 282, 4041, 2857, 324, 2210, 5283, 2272, 4438, 10, 5341, 4447, 5120, 4167, 1047, 742, 4222, 2916, 3377, 2533, 2707, 2819, 42, 3054, 703, 1519, 1891, 1740, 2997, 347, 5190, 3489, 4284, 833, 4467, 2603, 4198, 4987, 4303, 2483, 435, 4121, 2536, 3048, 2561, 4425, 3177, 2774, 5313, 5078, 1804, 2780, 317, 1372, 1842, 2517, 35, 4283, 3692, 794, 4047, 4496, 4319, 1623, 896, 4416, 3383, 2217, 2330, 2026, 2565, 890, 1423, 3773, 2941, 4926, 2977, 256, 2755, 3724, 1697, 3141, 3189, 2520, 402, 1159, 1593, 508, 1536, 2376, 2842, 691, 3596, 2321, 1576, 5411, 2201, 2532, 4138, 4631, 3815, 4657, 2905, 3472, 4518, 4823, 4810, 2892, 4073, 2806, 3715, 31, 2372, 1782, 2133, 1893, 3932, 4602, 3997, 1607, 1238, 4296, 1350, 4498, 4735, 1489, 4877, 845, 1630, 3469, 4143, 4002, 106, 2773, 2881, 287, 2062, 1757, 4230, 1627, 830, 563, 1196, 2460, 5333, 2472, 1067, 1377, 4844, 3515, 4552, 958, 4347, 1170, 1543, 3120, 2239, 28, 4909, 3026, 515, 3293, 1948, 4948, 76, 970, 840, 4011, 2675, 4050, 37, 108, 4651, 3319, 3660, 5160, 4768, 1911, 5345, 23, 4419, 1815, 447, 581, 4426, 893, 2756, 1864, 4418, 4444, 1411, 3446, 3278, 1618, 4786, 3998, 2055, 2795, 4841, 1599, 1044, 2418, 2206, 1394, 3409, 4428, 5301, 5139, 4504, 3974, 4123, 2414, 3527, 4244, 4985, 3310, 3975, 1318, 952, 4822, 3414, 2223, 1506, 627, 3094, 1236, 4642, 2481, 1629, 4509, 4265, 3829, 4149, 3249, 426, 3817, 2571, 3894, 4662, 744, 4561, 1926, 3576, 2655, 1714, 2072, 1559, 3358, 4741, 2526, 2896, 5132, 613, 4331, 1969, 1727, 1293, 871, 5264, 4669, 1505, 1095]",22,750,1,False,750
397,numeric,numeric,5,True,True,True,"{2: 151, 1: 172, 5: 122, 3: 154, 4: 141, 0: 10}","[4097, 1548, 5419, 4731, 3902, 3380, 4432, 3710, 3542, 3991, 4880, 2494, 2930, 1237, 5356, 235, 4127, 3911, 217, 3274, 932, 1468, 2624, 2837, 3687, 1483, 2116, 3691, 4885, 1822, 1115, 1952, 4887, 876, 2002, 4576, 3443, 5286, 2441, 4713, 121, 2388, 292, 5439, 83, 4206, 4866, 1120, 5436, 1558, 1312, 2596, 3921, 1887, 388, 2130, 1360, 1525, 4673, 4770, 3790, 1675, 2897, 556, 4577, 4946, 2628, 1915, 2862, 5186, 4722, 3211, 2127, 2225, 352, 1392, 1877, 2901, 1025, 4799, 1285, 2739, 5107, 4436, 415, 2864, 15, 2351, 4600, 2046, 3401, 650, 3938, 1545, 226, 4522, 992, 5069, 534, 18, 335, 3566, 3064, 2698, 989, 123, 1932, 4178, 3670, 4847, 1514, 2273, 1786, 574, 2856, 3256, 618, 4694, 5405, 4404, 2676, 3762, 5255, 3755, 2485, 5321, 536, 233, 3760, 1837, 4431, 3948, 5252, 3797, 1538, 13, 1387, 1886, 1994, 2954, 4108, 3432, 3881, 4477, 2919, 4613, 5175, 714, 1719, 4590, 3976, 3180, 2250, 2329, 3919, 5171, 3330, 2506, 3126, 3434, 223, 1272, 1304, 2738, 3311, 1290, 3073, 3199, 5388, 1989, 2828, 1431, 2509, 1643, 3373, 2821, 1188, 2859, 1955, 510, 1486, 595, 2764, 2793, 2298, 708, 1768, 5056, 5179, 4869, 2794, 2360, 4895, 1094, 5372, 2311, 2488, 1066, 2618, 429, 571, 2244, 2290, 1380, 2387, 68, 2439, 1878, 3749, 4145, 3746, 4125, 1315, 2150, 4656, 348, 770, 3019, 2275, 587, 315, 4120, 36, 2855, 3651, 2566, 4293, 640, 1490, 4054, 4959, 1835, 2354, 3522, 4901, 1243, 1571, 3332, 652, 2068, 1808, 5156, 1114, 4716, 2121, 5117, 4747, 4593, 451, 3953, 2782, 2461, 5091, 4920, 4668, 3397, 5247, 1260, 297, 2704, 3504, 3203, 2900, 384, 157, 4868, 3488, 5245, 3173, 1647, 3273, 1192, 3908, 38, 3992, 749, 5294, 3848, 860, 2479, 2459, 867, 3218, 4838, 4482, 20, 1521, 1641, 122, 3118, 2063, 2400, 3519, 1063, 2035, 3442, 2890, 1763, 2119, 5400, 1961, 4854, 2292, 2772, 527, 4917, 4955, 2172, 1186, 4006, 1388, 4382, 4717, 2798, 831, 1206, 189, 5149, 4021, 507, 3599, 3197, 5148, 539, 2171, 2575, 1615, 4032, 2592, 5425, 350, 201, 2074, 3364, 3764, 2122, 3738, 1086, 4460, 400, 63, 1662, 286, 291, 693, 3484, 2629, 4674, 2334, 1913, 4762, 2824, 4767, 4750, 4965, 1785, 2069, 583, 1797, 5051, 4848, 2634, 1507, 4085, 5159, 3279, 3927, 4, 550, 5447, 207, 2799, 551, 5144, 2563, 146, 4989, 4400, 2113, 434, 27, 4129, 3768, 3668, 3459, 3091, 1215, 4091, 1681, 2872, 4014, 4194, 779, 4029, 3756, 4760, 2476, 1749, 4658, 4871, 4348, 2757, 646, 1897, 2195, 316, 716, 4208, 5383, 825, 5370, 3078, 3778, 1702, 3984, 3847, 1150, 4300, 649, 4808, 3775, 4935, 3159, 687, 1223, 946, 4538, 4535, 3077, 5359, 780, 477, 2524, 371, 5142, 3611, 62, 1069, 4193, 883, 4130, 4328, 622, 4974, 1436, 4519, 1762, 4238, 3012, 3554, 4026, 3342, 4182, 5410, 1407, 2736, 913, 4045, 182, 1382, 3625, 1351, 3839, 3583, 2938, 46, 829, 5326, 2230, 612, 5021, 3121, 1127, 3006, 1852, 329, 118, 3794, 4081, 72, 1330, 519, 1195, 2017, 1920, 314, 1129, 3544, 1000, 282, 4041, 2857, 324, 2210, 5283, 2272, 4438, 10, 5341, 4447, 5120, 4167, 1047, 742, 4222, 2916, 3377, 2533, 2707, 2819, 42, 3054, 703, 1519, 1891, 1740, 2997, 347, 5190, 3489, 4284, 833, 4467, 2603, 4198, 4987, 4303, 2483, 435, 4121, 2536, 3048, 2561, 4425, 3177, 2774, 5313, 5078, 1804, 2780, 317, 1372, 1842, 2517, 35, 4283, 3692, 794, 4047, 4496, 4319, 1623, 896, 4416, 3383, 2217, 2330, 2026, 2565, 890, 1423, 3773, 2941, 4926, 2977, 256, 2755, 3724, 1697, 3141, 3189, 2520, 402, 1159, 1593, 508, 1536, 2376, 2842, 691, 3596, 2321, 1576, 5411, 2201, 2532, 4138, 4631, 3815, 4657, 2905, 3472, 4518, 4823, 4810, 2892, 4073, 2806, 3715, 31, 2372, 1782, 2133, 1893, 3932, 4602, 3997, 1607, 1238, 4296, 1350, 4498, 4735, 1489, 4877, 845, 1630, 3469, 4143, 4002, 106, 2773, 2881, 287, 2062, 1757, 4230, 1627, 830, 563, 1196, 2460, 5333, 2472, 1067, 1377, 4844, 3515, 4552, 958, 4347, 1170, 1543, 3120, 2239, 28, 4909, 3026, 515, 3293, 1948, 4948, 76, 970, 840, 4011, 2675, 4050, 37, 108, 4651, 3319, 3660, 5160, 4768, 1911, 5345, 23, 4419, 1815, 447, 581, 4426, 893, 2756, 1864, 4418, 4444, 1411, 3446, 3278, 1618, 4786, 3998, 2055, 2795, 4841, 1599, 1044, 2418, 2206, 1394, 3409, 4428, 5301, 5139, 4504, 3974, 4123, 2414, 3527, 4244, 4985, 3310, 3975, 1318, 952, 4822, 3414, 2223, 1506, 627, 3094, 1236, 4642, 2481, 1629, 4509, 4265, 3829, 4149, 3249, 426, 3817, 2571, 3894, 4662, 744, 4561, 1926, 3576, 2655, 1714, 2072, 1559, 3358, 4741, 2526, 2896, 5132, 613, 4331, 1969, 1727, 1293, 871, 5264, 4669, 1505, 1095]",397,750,1,False,750
186,numeric,human,3,True,False,True,"{2: 151, 1: 172, 5: 122, 3: 154, 4: 141, 0: 10}","[4097, 1548, 5419, 4731, 3902, 3380, 4432, 3710, 3542, 3991, 4880, 2494, 2930, 1237, 5356, 235, 4127, 3911, 217, 3274, 932, 1468, 2624, 2837, 3687, 1483, 2116, 3691, 4885, 1822, 1115, 1952, 4887, 876, 2002, 4576, 3443, 5286, 2441, 4713, 121, 2388, 292, 5439, 83, 4206, 4866, 1120, 5436, 1558, 1312, 2596, 3921, 1887, 388, 2130, 1360, 1525, 4673, 4770, 3790, 1675, 2897, 556, 4577, 4946, 2628, 1915, 2862, 5186, 4722, 3211, 2127, 2225, 352, 1392, 1877, 2901, 1025, 4799, 1285, 2739, 5107, 4436, 415, 2864, 15, 2351, 4600, 2046, 3401, 650, 3938, 1545, 226, 4522, 992, 5069, 534, 18, 335, 3566, 3064, 2698, 989, 123, 1932, 4178, 3670, 4847, 1514, 2273, 1786, 574, 2856, 3256, 618, 4694, 5405, 4404, 2676, 3762, 5255, 3755, 2485, 5321, 536, 233, 3760, 1837, 4431, 3948, 5252, 3797, 1538, 13, 1387, 1886, 1994, 2954, 4108, 3432, 3881, 4477, 2919, 4613, 5175, 714, 1719, 4590, 3976, 3180, 2250, 2329, 3919, 5171, 3330, 2506, 3126, 3434, 223, 1272, 1304, 2738, 3311, 1290, 3073, 3199, 5388, 1989, 2828, 1431, 2509, 1643, 3373, 2821, 1188, 2859, 1955, 510, 1486, 595, 2764, 2793, 2298, 708, 1768, 5056, 5179, 4869, 2794, 2360, 4895, 1094, 5372, 2311, 2488, 1066, 2618, 429, 571, 2244, 2290, 1380, 2387, 68, 2439, 1878, 3749, 4145, 3746, 4125, 1315, 2150, 4656, 348, 770, 3019, 2275, 587, 315, 4120, 36, 2855, 3651, 2566, 4293, 640, 1490, 4054, 4959, 1835, 2354, 3522, 4901, 1243, 1571, 3332, 652, 2068, 1808, 5156, 1114, 4716, 2121, 5117, 4747, 4593, 451, 3953, 2782, 2461, 5091, 4920, 4668, 3397, 5247, 1260, 297, 2704, 3504, 3203, 2900, 384, 157, 4868, 3488, 5245, 3173, 1647, 3273, 1192, 3908, 38, 3992, 749, 5294, 3848, 860, 2479, 2459, 867, 3218, 4838, 4482, 20, 1521, 1641, 122, 3118, 2063, 2400, 3519, 1063, 2035, 3442, 2890, 1763, 2119, 5400, 1961, 4854, 2292, 2772, 527, 4917, 4955, 2172, 1186, 4006, 1388, 4382, 4717, 2798, 831, 1206, 189, 5149, 4021, 507, 3599, 3197, 5148, 539, 2171, 2575, 1615, 4032, 2592, 5425, 350, 201, 2074, 3364, 3764, 2122, 3738, 1086, 4460, 400, 63, 1662, 286, 291, 693, 3484, 2629, 4674, 2334, 1913, 4762, 2824, 4767, 4750, 4965, 1785, 2069, 583, 1797, 5051, 4848, 2634, 1507, 4085, 5159, 3279, 3927, 4, 550, 5447, 207, 2799, 551, 5144, 2563, 146, 4989, 4400, 2113, 434, 27, 4129, 3768, 3668, 3459, 3091, 1215, 4091, 1681, 2872, 4014, 4194, 779, 4029, 3756, 4760, 2476, 1749, 4658, 4871, 4348, 2757, 646, 1897, 2195, 316, 716, 4208, 5383, 825, 5370, 3078, 3778, 1702, 3984, 3847, 1150, 4300, 649, 4808, 3775, 4935, 3159, 687, 1223, 946, 4538, 4535, 3077, 5359, 780, 477, 2524, 371, 5142, 3611, 62, 1069, 4193, 883, 4130, 4328, 622, 4974, 1436, 4519, 1762, 4238, 3012, 3554, 4026, 3342, 4182, 5410, 1407, 2736, 913, 4045, 182, 1382, 3625, 1351, 3839, 3583, 2938, 46, 829, 5326, 2230, 612, 5021, 3121, 1127, 3006, 1852, 329, 118, 3794, 4081, 72, 1330, 519, 1195, 2017, 1920, 314, 1129, 3544, 1000, 282, 4041, 2857, 324, 2210, 5283, 2272, 4438, 10, 5341, 4447, 5120, 4167, 1047, 742, 4222, 2916, 3377, 2533, 2707, 2819, 42, 3054, 703, 1519, 1891, 1740, 2997, 347, 5190, 3489, 4284, 833, 4467, 2603, 4198, 4987, 4303, 2483, 435, 4121, 2536, 3048, 2561, 4425, 3177, 2774, 5313, 5078, 1804, 2780, 317, 1372, 1842, 2517, 35, 4283, 3692, 794, 4047, 4496, 4319, 1623, 896, 4416, 3383, 2217, 2330, 2026, 2565, 890, 1423, 3773, 2941, 4926, 2977, 256, 2755, 3724, 1697, 3141, 3189, 2520, 402, 1159, 1593, 508, 1536, 2376, 2842, 691, 3596, 2321, 1576, 5411, 2201, 2532, 4138, 4631, 3815, 4657, 2905, 3472, 4518, 4823, 4810, 2892, 4073, 2806, 3715, 31, 2372, 1782, 2133, 1893, 3932, 4602, 3997, 1607, 1238, 4296, 1350, 4498, 4735, 1489, 4877, 845, 1630, 3469, 4143, 4002, 106, 2773, 2881, 287, 2062, 1757, 4230, 1627, 830, 563, 1196, 2460, 5333, 2472, 1067, 1377, 4844, 3515, 4552, 958, 4347, 1170, 1543, 3120, 2239, 28, 4909, 3026, 515, 3293, 1948, 4948, 76, 970, 840, 4011, 2675, 4050, 37, 108, 4651, 3319, 3660, 5160, 4768, 1911, 5345, 23, 4419, 1815, 447, 581, 4426, 893, 2756, 1864, 4418, 4444, 1411, 3446, 3278, 1618, 4786, 3998, 2055, 2795, 4841, 1599, 1044, 2418, 2206, 1394, 3409, 4428, 5301, 5139, 4504, 3974, 4123, 2414, 3527, 4244, 4985, 3310, 3975, 1318, 952, 4822, 3414, 2223, 1506, 627, 3094, 1236, 4642, 2481, 1629, 4509, 4265, 3829, 4149, 3249, 426, 3817, 2571, 3894, 4662, 744, 4561, 1926, 3576, 2655, 1714, 2072, 1559, 3358, 4741, 2526, 2896, 5132, 613, 4331, 1969, 1727, 1293, 871, 5264, 4669, 1505, 1095]",186,750,1,False,750
499,numeric,description,2,True,False,True,"{2: 151, 1: 172, 5: 122, 3: 154, 4: 141, 0: 10}","[4097, 1548, 5419, 4731, 3902, 3380, 4432, 3710, 3542, 3991, 4880, 2494, 2930, 1237, 5356, 235, 4127, 3911, 217, 3274, 932, 1468, 2624, 2837, 3687, 1483, 2116, 3691, 4885, 1822, 1115, 1952, 4887, 876, 2002, 4576, 3443, 5286, 2441, 4713, 121, 2388, 292, 5439, 83, 4206, 4866, 1120, 5436, 1558, 1312, 2596, 3921, 1887, 388, 2130, 1360, 1525, 4673, 4770, 3790, 1675, 2897, 556, 4577, 4946, 2628, 1915, 2862, 5186, 4722, 3211, 2127, 2225, 352, 1392, 1877, 2901, 1025, 4799, 1285, 2739, 5107, 4436, 415, 2864, 15, 2351, 4600, 2046, 3401, 650, 3938, 1545, 226, 4522, 992, 5069, 534, 18, 335, 3566, 3064, 2698, 989, 123, 1932, 4178, 3670, 4847, 1514, 2273, 1786, 574, 2856, 3256, 618, 4694, 5405, 4404, 2676, 3762, 5255, 3755, 2485, 5321, 536, 233, 3760, 1837, 4431, 3948, 5252, 3797, 1538, 13, 1387, 1886, 1994, 2954, 4108, 3432, 3881, 4477, 2919, 4613, 5175, 714, 1719, 4590, 3976, 3180, 2250, 2329, 3919, 5171, 3330, 2506, 3126, 3434, 223, 1272, 1304, 2738, 3311, 1290, 3073, 3199, 5388, 1989, 2828, 1431, 2509, 1643, 3373, 2821, 1188, 2859, 1955, 510, 1486, 595, 2764, 2793, 2298, 708, 1768, 5056, 5179, 4869, 2794, 2360, 4895, 1094, 5372, 2311, 2488, 1066, 2618, 429, 571, 2244, 2290, 1380, 2387, 68, 2439, 1878, 3749, 4145, 3746, 4125, 1315, 2150, 4656, 348, 770, 3019, 2275, 587, 315, 4120, 36, 2855, 3651, 2566, 4293, 640, 1490, 4054, 4959, 1835, 2354, 3522, 4901, 1243, 1571, 3332, 652, 2068, 1808, 5156, 1114, 4716, 2121, 5117, 4747, 4593, 451, 3953, 2782, 2461, 5091, 4920, 4668, 3397, 5247, 1260, 297, 2704, 3504, 3203, 2900, 384, 157, 4868, 3488, 5245, 3173, 1647, 3273, 1192, 3908, 38, 3992, 749, 5294, 3848, 860, 2479, 2459, 867, 3218, 4838, 4482, 20, 1521, 1641, 122, 3118, 2063, 2400, 3519, 1063, 2035, 3442, 2890, 1763, 2119, 5400, 1961, 4854, 2292, 2772, 527, 4917, 4955, 2172, 1186, 4006, 1388, 4382, 4717, 2798, 831, 1206, 189, 5149, 4021, 507, 3599, 3197, 5148, 539, 2171, 2575, 1615, 4032, 2592, 5425, 350, 201, 2074, 3364, 3764, 2122, 3738, 1086, 4460, 400, 63, 1662, 286, 291, 693, 3484, 2629, 4674, 2334, 1913, 4762, 2824, 4767, 4750, 4965, 1785, 2069, 583, 1797, 5051, 4848, 2634, 1507, 4085, 5159, 3279, 3927, 4, 550, 5447, 207, 2799, 551, 5144, 2563, 146, 4989, 4400, 2113, 434, 27, 4129, 3768, 3668, 3459, 3091, 1215, 4091, 1681, 2872, 4014, 4194, 779, 4029, 3756, 4760, 2476, 1749, 4658, 4871, 4348, 2757, 646, 1897, 2195, 316, 716, 4208, 5383, 825, 5370, 3078, 3778, 1702, 3984, 3847, 1150, 4300, 649, 4808, 3775, 4935, 3159, 687, 1223, 946, 4538, 4535, 3077, 5359, 780, 477, 2524, 371, 5142, 3611, 62, 1069, 4193, 883, 4130, 4328, 622, 4974, 1436, 4519, 1762, 4238, 3012, 3554, 4026, 3342, 4182, 5410, 1407, 2736, 913, 4045, 182, 1382, 3625, 1351, 3839, 3583, 2938, 46, 829, 5326, 2230, 612, 5021, 3121, 1127, 3006, 1852, 329, 118, 3794, 4081, 72, 1330, 519, 1195, 2017, 1920, 314, 1129, 3544, 1000, 282, 4041, 2857, 324, 2210, 5283, 2272, 4438, 10, 5341, 4447, 5120, 4167, 1047, 742, 4222, 2916, 3377, 2533, 2707, 2819, 42, 3054, 703, 1519, 1891, 1740, 2997, 347, 5190, 3489, 4284, 833, 4467, 2603, 4198, 4987, 4303, 2483, 435, 4121, 2536, 3048, 2561, 4425, 3177, 2774, 5313, 5078, 1804, 2780, 317, 1372, 1842, 2517, 35, 4283, 3692, 794, 4047, 4496, 4319, 1623, 896, 4416, 3383, 2217, 2330, 2026, 2565, 890, 1423, 3773, 2941, 4926, 2977, 256, 2755, 3724, 1697, 3141, 3189, 2520, 402, 1159, 1593, 508, 1536, 2376, 2842, 691, 3596, 2321, 1576, 5411, 2201, 2532, 4138, 4631, 3815, 4657, 2905, 3472, 4518, 4823, 4810, 2892, 4073, 2806, 3715, 31, 2372, 1782, 2133, 1893, 3932, 4602, 3997, 1607, 1238, 4296, 1350, 4498, 4735, 1489, 4877, 845, 1630, 3469, 4143, 4002, 106, 2773, 2881, 287, 2062, 1757, 4230, 1627, 830, 563, 1196, 2460, 5333, 2472, 1067, 1377, 4844, 3515, 4552, 958, 4347, 1170, 1543, 3120, 2239, 28, 4909, 3026, 515, 3293, 1948, 4948, 76, 970, 840, 4011, 2675, 4050, 37, 108, 4651, 3319, 3660, 5160, 4768, 1911, 5345, 23, 4419, 1815, 447, 581, 4426, 893, 2756, 1864, 4418, 4444, 1411, 3446, 3278, 1618, 4786, 3998, 2055, 2795, 4841, 1599, 1044, 2418, 2206, 1394, 3409, 4428, 5301, 5139, 4504, 3974, 4123, 2414, 3527, 4244, 4985, 3310, 3975, 1318, 952, 4822, 3414, 2223, 1506, 627, 3094, 1236, 4642, 2481, 1629, 4509, 4265, 3829, 4149, 3249, 426, 3817, 2571, 3894, 4662, 744, 4561, 1926, 3576, 2655, 1714, 2072, 1559, 3358, 4741, 2526, 2896, 5132, 613, 4331, 1969, 1727, 1293, 871, 5264, 4669, 1505, 1095]",499,750,1,False,750
26,description,description,2,True,True,True,"{2: 151, 1: 172, 5: 122, 3: 154, 4: 141, 0: 10}","[4097, 1548, 5419, 4731, 3902, 3380, 4432, 3710, 3542, 3991, 4880, 2494, 2930, 1237, 5356, 235, 4127, 3911, 217, 3274, 932, 1468, 2624, 2837, 3687, 1483, 2116, 3691, 4885, 1822, 1115, 1952, 4887, 876, 2002, 4576, 3443, 5286, 2441, 4713, 121, 2388, 292, 5439, 83, 4206, 4866, 1120, 5436, 1558, 1312, 2596, 3921, 1887, 388, 2130, 1360, 1525, 4673, 4770, 3790, 1675, 2897, 556, 4577, 4946, 2628, 1915, 2862, 5186, 4722, 3211, 2127, 2225, 352, 1392, 1877, 2901, 1025, 4799, 1285, 2739, 5107, 4436, 415, 2864, 15, 2351, 4600, 2046, 3401, 650, 3938, 1545, 226, 4522, 992, 5069, 534, 18, 335, 3566, 3064, 2698, 989, 123, 1932, 4178, 3670, 4847, 1514, 2273, 1786, 574, 2856, 3256, 618, 4694, 5405, 4404, 2676, 3762, 5255, 3755, 2485, 5321, 536, 233, 3760, 1837, 4431, 3948, 5252, 3797, 1538, 13, 1387, 1886, 1994, 2954, 4108, 3432, 3881, 4477, 2919, 4613, 5175, 714, 1719, 4590, 3976, 3180, 2250, 2329, 3919, 5171, 3330, 2506, 3126, 3434, 223, 1272, 1304, 2738, 3311, 1290, 3073, 3199, 5388, 1989, 2828, 1431, 2509, 1643, 3373, 2821, 1188, 2859, 1955, 510, 1486, 595, 2764, 2793, 2298, 708, 1768, 5056, 5179, 4869, 2794, 2360, 4895, 1094, 5372, 2311, 2488, 1066, 2618, 429, 571, 2244, 2290, 1380, 2387, 68, 2439, 1878, 3749, 4145, 3746, 4125, 1315, 2150, 4656, 348, 770, 3019, 2275, 587, 315, 4120, 36, 2855, 3651, 2566, 4293, 640, 1490, 4054, 4959, 1835, 2354, 3522, 4901, 1243, 1571, 3332, 652, 2068, 1808, 5156, 1114, 4716, 2121, 5117, 4747, 4593, 451, 3953, 2782, 2461, 5091, 4920, 4668, 3397, 5247, 1260, 297, 2704, 3504, 3203, 2900, 384, 157, 4868, 3488, 5245, 3173, 1647, 3273, 1192, 3908, 38, 3992, 749, 5294, 3848, 860, 2479, 2459, 867, 3218, 4838, 4482, 20, 1521, 1641, 122, 3118, 2063, 2400, 3519, 1063, 2035, 3442, 2890, 1763, 2119, 5400, 1961, 4854, 2292, 2772, 527, 4917, 4955, 2172, 1186, 4006, 1388, 4382, 4717, 2798, 831, 1206, 189, 5149, 4021, 507, 3599, 3197, 5148, 539, 2171, 2575, 1615, 4032, 2592, 5425, 350, 201, 2074, 3364, 3764, 2122, 3738, 1086, 4460, 400, 63, 1662, 286, 291, 693, 3484, 2629, 4674, 2334, 1913, 4762, 2824, 4767, 4750, 4965, 1785, 2069, 583, 1797, 5051, 4848, 2634, 1507, 4085, 5159, 3279, 3927, 4, 550, 5447, 207, 2799, 551, 5144, 2563, 146, 4989, 4400, 2113, 434, 27, 4129, 3768, 3668, 3459, 3091, 1215, 4091, 1681, 2872, 4014, 4194, 779, 4029, 3756, 4760, 2476, 1749, 4658, 4871, 4348, 2757, 646, 1897, 2195, 316, 716, 4208, 5383, 825, 5370, 3078, 3778, 1702, 3984, 3847, 1150, 4300, 649, 4808, 3775, 4935, 3159, 687, 1223, 946, 4538, 4535, 3077, 5359, 780, 477, 2524, 371, 5142, 3611, 62, 1069, 4193, 883, 4130, 4328, 622, 4974, 1436, 4519, 1762, 4238, 3012, 3554, 4026, 3342, 4182, 5410, 1407, 2736, 913, 4045, 182, 1382, 3625, 1351, 3839, 3583, 2938, 46, 829, 5326, 2230, 612, 5021, 3121, 1127, 3006, 1852, 329, 118, 3794, 4081, 72, 1330, 519, 1195, 2017, 1920, 314, 1129, 3544, 1000, 282, 4041, 2857, 324, 2210, 5283, 2272, 4438, 10, 5341, 4447, 5120, 4167, 1047, 742, 4222, 2916, 3377, 2533, 2707, 2819, 42, 3054, 703, 1519, 1891, 1740, 2997, 347, 5190, 3489, 4284, 833, 4467, 2603, 4198, 4987, 4303, 2483, 435, 4121, 2536, 3048, 2561, 4425, 3177, 2774, 5313, 5078, 1804, 2780, 317, 1372, 1842, 2517, 35, 4283, 3692, 794, 4047, 4496, 4319, 1623, 896, 4416, 3383, 2217, 2330, 2026, 2565, 890, 1423, 3773, 2941, 4926, 2977, 256, 2755, 3724, 1697, 3141, 3189, 2520, 402, 1159, 1593, 508, 1536, 2376, 2842, 691, 3596, 2321, 1576, 5411, 2201, 2532, 4138, 4631, 3815, 4657, 2905, 3472, 4518, 4823, 4810, 2892, 4073, 2806, 3715, 31, 2372, 1782, 2133, 1893, 3932, 4602, 3997, 1607, 1238, 4296, 1350, 4498, 4735, 1489, 4877, 845, 1630, 3469, 4143, 4002, 106, 2773, 2881, 287, 2062, 1757, 4230, 1627, 830, 563, 1196, 2460, 5333, 2472, 1067, 1377, 4844, 3515, 4552, 958, 4347, 1170, 1543, 3120, 2239, 28, 4909, 3026, 515, 3293, 1948, 4948, 76, 970, 840, 4011, 2675, 4050, 37, 108, 4651, 3319, 3660, 5160, 4768, 1911, 5345, 23, 4419, 1815, 447, 581, 4426, 893, 2756, 1864, 4418, 4444, 1411, 3446, 3278, 1618, 4786, 3998, 2055, 2795, 4841, 1599, 1044, 2418, 2206, 1394, 3409, 4428, 5301, 5139, 4504, 3974, 4123, 2414, 3527, 4244, 4985, 3310, 3975, 1318, 952, 4822, 3414, 2223, 1506, 627, 3094, 1236, 4642, 2481, 1629, 4509, 4265, 3829, 4149, 3249, 426, 3817, 2571, 3894, 4662, 744, 4561, 1926, 3576, 2655, 1714, 2072, 1559, 3358, 4741, 2526, 2896, 5132, 613, 4331, 1969, 1727, 1293, 871, 5264, 4669, 1505, 1095]",26,750,1,False,750
246,description,description,2,True,True,True,"{2: 151, 1: 172, 5: 122, 3: 154, 4: 141, 0: 10}","[4097, 1548, 5419, 4731, 3902, 3380, 4432, 3710, 3542, 3991, 4880, 2494, 2930, 1237, 5356, 235, 4127, 3911, 217, 3274, 932, 1468, 2624, 2837, 3687, 1483, 2116, 3691, 4885, 1822, 1115, 1952, 4887, 876, 2002, 4576, 3443, 5286, 2441, 4713, 121, 2388, 292, 5439, 83, 4206, 4866, 1120, 5436, 1558, 1312, 2596, 3921, 1887, 388, 2130, 1360, 1525, 4673, 4770, 3790, 1675, 2897, 556, 4577, 4946, 2628, 1915, 2862, 5186, 4722, 3211, 2127, 2225, 352, 1392, 1877, 2901, 1025, 4799, 1285, 2739, 5107, 4436, 415, 2864, 15, 2351, 4600, 2046, 3401, 650, 3938, 1545, 226, 4522, 992, 5069, 534, 18, 335, 3566, 3064, 2698, 989, 123, 1932, 4178, 3670, 4847, 1514, 2273, 1786, 574, 2856, 3256, 618, 4694, 5405, 4404, 2676, 3762, 5255, 3755, 2485, 5321, 536, 233, 3760, 1837, 4431, 3948, 5252, 3797, 1538, 13, 1387, 1886, 1994, 2954, 4108, 3432, 3881, 4477, 2919, 4613, 5175, 714, 1719, 4590, 3976, 3180, 2250, 2329, 3919, 5171, 3330, 2506, 3126, 3434, 223, 1272, 1304, 2738, 3311, 1290, 3073, 3199, 5388, 1989, 2828, 1431, 2509, 1643, 3373, 2821, 1188, 2859, 1955, 510, 1486, 595, 2764, 2793, 2298, 708, 1768, 5056, 5179, 4869, 2794, 2360, 4895, 1094, 5372, 2311, 2488, 1066, 2618, 429, 571, 2244, 2290, 1380, 2387, 68, 2439, 1878, 3749, 4145, 3746, 4125, 1315, 2150, 4656, 348, 770, 3019, 2275, 587, 315, 4120, 36, 2855, 3651, 2566, 4293, 640, 1490, 4054, 4959, 1835, 2354, 3522, 4901, 1243, 1571, 3332, 652, 2068, 1808, 5156, 1114, 4716, 2121, 5117, 4747, 4593, 451, 3953, 2782, 2461, 5091, 4920, 4668, 3397, 5247, 1260, 297, 2704, 3504, 3203, 2900, 384, 157, 4868, 3488, 5245, 3173, 1647, 3273, 1192, 3908, 38, 3992, 749, 5294, 3848, 860, 2479, 2459, 867, 3218, 4838, 4482, 20, 1521, 1641, 122, 3118, 2063, 2400, 3519, 1063, 2035, 3442, 2890, 1763, 2119, 5400, 1961, 4854, 2292, 2772, 527, 4917, 4955, 2172, 1186, 4006, 1388, 4382, 4717, 2798, 831, 1206, 189, 5149, 4021, 507, 3599, 3197, 5148, 539, 2171, 2575, 1615, 4032, 2592, 5425, 350, 201, 2074, 3364, 3764, 2122, 3738, 1086, 4460, 400, 63, 1662, 286, 291, 693, 3484, 2629, 4674, 2334, 1913, 4762, 2824, 4767, 4750, 4965, 1785, 2069, 583, 1797, 5051, 4848, 2634, 1507, 4085, 5159, 3279, 3927, 4, 550, 5447, 207, 2799, 551, 5144, 2563, 146, 4989, 4400, 2113, 434, 27, 4129, 3768, 3668, 3459, 3091, 1215, 4091, 1681, 2872, 4014, 4194, 779, 4029, 3756, 4760, 2476, 1749, 4658, 4871, 4348, 2757, 646, 1897, 2195, 316, 716, 4208, 5383, 825, 5370, 3078, 3778, 1702, 3984, 3847, 1150, 4300, 649, 4808, 3775, 4935, 3159, 687, 1223, 946, 4538, 4535, 3077, 5359, 780, 477, 2524, 371, 5142, 3611, 62, 1069, 4193, 883, 4130, 4328, 622, 4974, 1436, 4519, 1762, 4238, 3012, 3554, 4026, 3342, 4182, 5410, 1407, 2736, 913, 4045, 182, 1382, 3625, 1351, 3839, 3583, 2938, 46, 829, 5326, 2230, 612, 5021, 3121, 1127, 3006, 1852, 329, 118, 3794, 4081, 72, 1330, 519, 1195, 2017, 1920, 314, 1129, 3544, 1000, 282, 4041, 2857, 324, 2210, 5283, 2272, 4438, 10, 5341, 4447, 5120, 4167, 1047, 742, 4222, 2916, 3377, 2533, 2707, 2819, 42, 3054, 703, 1519, 1891, 1740, 2997, 347, 5190, 3489, 4284, 833, 4467, 2603, 4198, 4987, 4303, 2483, 435, 4121, 2536, 3048, 2561, 4425, 3177, 2774, 5313, 5078, 1804, 2780, 317, 1372, 1842, 2517, 35, 4283, 3692, 794, 4047, 4496, 4319, 1623, 896, 4416, 3383, 2217, 2330, 2026, 2565, 890, 1423, 3773, 2941, 4926, 2977, 256, 2755, 3724, 1697, 3141, 3189, 2520, 402, 1159, 1593, 508, 1536, 2376, 2842, 691, 3596, 2321, 1576, 5411, 2201, 2532, 4138, 4631, 3815, 4657, 2905, 3472, 4518, 4823, 4810, 2892, 4073, 2806, 3715, 31, 2372, 1782, 2133, 1893, 3932, 4602, 3997, 1607, 1238, 4296, 1350, 4498, 4735, 1489, 4877, 845, 1630, 3469, 4143, 4002, 106, 2773, 2881, 287, 2062, 1757, 4230, 1627, 830, 563, 1196, 2460, 5333, 2472, 1067, 1377, 4844, 3515, 4552, 958, 4347, 1170, 1543, 3120, 2239, 28, 4909, 3026, 515, 3293, 1948, 4948, 76, 970, 840, 4011, 2675, 4050, 37, 108, 4651, 3319, 3660, 5160, 4768, 1911, 5345, 23, 4419, 1815, 447, 581, 4426, 893, 2756, 1864, 4418, 4444, 1411, 3446, 3278, 1618, 4786, 3998, 2055, 2795, 4841, 1599, 1044, 2418, 2206, 1394, 3409, 4428, 5301, 5139, 4504, 3974, 4123, 2414, 3527, 4244, 4985, 3310, 3975, 1318, 952, 4822, 3414, 2223, 1506, 627, 3094, 1236, 4642, 2481, 1629, 4509, 4265, 3829, 4149, 3249, 426, 3817, 2571, 3894, 4662, 744, 4561, 1926, 3576, 2655, 1714, 2072, 1559, 3358, 4741, 2526, 2896, 5132, 613, 4331, 1969, 1727, 1293, 871, 5264, 4669, 1505, 1095]",246,750,1,False,750
355,human,human,3,True,True,True,"{2: 151, 1: 172, 5: 122, 3: 154, 4: 141, 0: 10}","[4097, 1548, 5419, 4731, 3902, 3380, 4432, 3710, 3542, 3991, 4880, 2494, 2930, 1237, 5356, 235, 4127, 3911, 217, 3274, 932, 1468, 2624, 2837, 3687, 1483, 2116, 3691, 4885, 1822, 1115, 1952, 4887, 876, 2002, 4576, 3443, 5286, 2441, 4713, 121, 2388, 292, 5439, 83, 4206, 4866, 1120, 5436, 1558, 1312, 2596, 3921, 1887, 388, 2130, 1360, 1525, 4673, 4770, 3790, 1675, 2897, 556, 4577, 4946, 2628, 1915, 2862, 5186, 4722, 3211, 2127, 2225, 352, 1392, 1877, 2901, 1025, 4799, 1285, 2739, 5107, 4436, 415, 2864, 15, 2351, 4600, 2046, 3401, 650, 3938, 1545, 226, 4522, 992, 5069, 534, 18, 335, 3566, 3064, 2698, 989, 123, 1932, 4178, 3670, 4847, 1514, 2273, 1786, 574, 2856, 3256, 618, 4694, 5405, 4404, 2676, 3762, 5255, 3755, 2485, 5321, 536, 233, 3760, 1837, 4431, 3948, 5252, 3797, 1538, 13, 1387, 1886, 1994, 2954, 4108, 3432, 3881, 4477, 2919, 4613, 5175, 714, 1719, 4590, 3976, 3180, 2250, 2329, 3919, 5171, 3330, 2506, 3126, 3434, 223, 1272, 1304, 2738, 3311, 1290, 3073, 3199, 5388, 1989, 2828, 1431, 2509, 1643, 3373, 2821, 1188, 2859, 1955, 510, 1486, 595, 2764, 2793, 2298, 708, 1768, 5056, 5179, 4869, 2794, 2360, 4895, 1094, 5372, 2311, 2488, 1066, 2618, 429, 571, 2244, 2290, 1380, 2387, 68, 2439, 1878, 3749, 4145, 3746, 4125, 1315, 2150, 4656, 348, 770, 3019, 2275, 587, 315, 4120, 36, 2855, 3651, 2566, 4293, 640, 1490, 4054, 4959, 1835, 2354, 3522, 4901, 1243, 1571, 3332, 652, 2068, 1808, 5156, 1114, 4716, 2121, 5117, 4747, 4593, 451, 3953, 2782, 2461, 5091, 4920, 4668, 3397, 5247, 1260, 297, 2704, 3504, 3203, 2900, 384, 157, 4868, 3488, 5245, 3173, 1647, 3273, 1192, 3908, 38, 3992, 749, 5294, 3848, 860, 2479, 2459, 867, 3218, 4838, 4482, 20, 1521, 1641, 122, 3118, 2063, 2400, 3519, 1063, 2035, 3442, 2890, 1763, 2119, 5400, 1961, 4854, 2292, 2772, 527, 4917, 4955, 2172, 1186, 4006, 1388, 4382, 4717, 2798, 831, 1206, 189, 5149, 4021, 507, 3599, 3197, 5148, 539, 2171, 2575, 1615, 4032, 2592, 5425, 350, 201, 2074, 3364, 3764, 2122, 3738, 1086, 4460, 400, 63, 1662, 286, 291, 693, 3484, 2629, 4674, 2334, 1913, 4762, 2824, 4767, 4750, 4965, 1785, 2069, 583, 1797, 5051, 4848, 2634, 1507, 4085, 5159, 3279, 3927, 4, 550, 5447, 207, 2799, 551, 5144, 2563, 146, 4989, 4400, 2113, 434, 27, 4129, 3768, 3668, 3459, 3091, 1215, 4091, 1681, 2872, 4014, 4194, 779, 4029, 3756, 4760, 2476, 1749, 4658, 4871, 4348, 2757, 646, 1897, 2195, 316, 716, 4208, 5383, 825, 5370, 3078, 3778, 1702, 3984, 3847, 1150, 4300, 649, 4808, 3775, 4935, 3159, 687, 1223, 946, 4538, 4535, 3077, 5359, 780, 477, 2524, 371, 5142, 3611, 62, 1069, 4193, 883, 4130, 4328, 622, 4974, 1436, 4519, 1762, 4238, 3012, 3554, 4026, 3342, 4182, 5410, 1407, 2736, 913, 4045, 182, 1382, 3625, 1351, 3839, 3583, 2938, 46, 829, 5326, 2230, 612, 5021, 3121, 1127, 3006, 1852, 329, 118, 3794, 4081, 72, 1330, 519, 1195, 2017, 1920, 314, 1129, 3544, 1000, 282, 4041, 2857, 324, 2210, 5283, 2272, 4438, 10, 5341, 4447, 5120, 4167, 1047, 742, 4222, 2916, 3377, 2533, 2707, 2819, 42, 3054, 703, 1519, 1891, 1740, 2997, 347, 5190, 3489, 4284, 833, 4467, 2603, 4198, 4987, 4303, 2483, 435, 4121, 2536, 3048, 2561, 4425, 3177, 2774, 5313, 5078, 1804, 2780, 317, 1372, 1842, 2517, 35, 4283, 3692, 794, 4047, 4496, 4319, 1623, 896, 4416, 3383, 2217, 2330, 2026, 2565, 890, 1423, 3773, 2941, 4926, 2977, 256, 2755, 3724, 1697, 3141, 3189, 2520, 402, 1159, 1593, 508, 1536, 2376, 2842, 691, 3596, 2321, 1576, 5411, 2201, 2532, 4138, 4631, 3815, 4657, 2905, 3472, 4518, 4823, 4810, 2892, 4073, 2806, 3715, 31, 2372, 1782, 2133, 1893, 3932, 4602, 3997, 1607, 1238, 4296, 1350, 4498, 4735, 1489, 4877, 845, 1630, 3469, 4143, 4002, 106, 2773, 2881, 287, 2062, 1757, 4230, 1627, 830, 563, 1196, 2460, 5333, 2472, 1067, 1377, 4844, 3515, 4552, 958, 4347, 1170, 1543, 3120, 2239, 28, 4909, 3026, 515, 3293, 1948, 4948, 76, 970, 840, 4011, 2675, 4050, 37, 108, 4651, 3319, 3660, 5160, 4768, 1911, 5345, 23, 4419, 1815, 447, 581, 4426, 893, 2756, 1864, 4418, 4444, 1411, 3446, 3278, 1618, 4786, 3998, 2055, 2795, 4841, 1599, 1044, 2418, 2206, 1394, 3409, 4428, 5301, 5139, 4504, 3974, 4123, 2414, 3527, 4244, 4985, 3310, 3975, 1318, 952, 4822, 3414, 2223, 1506, 627, 3094, 1236, 4642, 2481, 1629, 4509, 4265, 3829, 4149, 3249, 426, 3817, 2571, 3894, 4662, 744, 4561, 1926, 3576, 2655, 1714, 2072, 1559, 3358, 4741, 2526, 2896, 5132, 613, 4331, 1969, 1727, 1293, 871, 5264, 4669, 1505, 1095]",355,750,1,False,750
214,description,description,2,True,True,True,"{2: 151, 1: 172, 5: 122, 3: 154, 4: 141, 0: 10}","[4097, 1548, 5419, 4731, 3902, 3380, 4432, 3710, 3542, 3991, 4880, 2494, 2930, 1237, 5356, 235, 4127, 3911, 217, 3274, 932, 1468, 2624, 2837, 3687, 1483, 2116, 3691, 4885, 1822, 1115, 1952, 4887, 876, 2002, 4576, 3443, 5286, 2441, 4713, 121, 2388, 292, 5439, 83, 4206, 4866, 1120, 5436, 1558, 1312, 2596, 3921, 1887, 388, 2130, 1360, 1525, 4673, 4770, 3790, 1675, 2897, 556, 4577, 4946, 2628, 1915, 2862, 5186, 4722, 3211, 2127, 2225, 352, 1392, 1877, 2901, 1025, 4799, 1285, 2739, 5107, 4436, 415, 2864, 15, 2351, 4600, 2046, 3401, 650, 3938, 1545, 226, 4522, 992, 5069, 534, 18, 335, 3566, 3064, 2698, 989, 123, 1932, 4178, 3670, 4847, 1514, 2273, 1786, 574, 2856, 3256, 618, 4694, 5405, 4404, 2676, 3762, 5255, 3755, 2485, 5321, 536, 233, 3760, 1837, 4431, 3948, 5252, 3797, 1538, 13, 1387, 1886, 1994, 2954, 4108, 3432, 3881, 4477, 2919, 4613, 5175, 714, 1719, 4590, 3976, 3180, 2250, 2329, 3919, 5171, 3330, 2506, 3126, 3434, 223, 1272, 1304, 2738, 3311, 1290, 3073, 3199, 5388, 1989, 2828, 1431, 2509, 1643, 3373, 2821, 1188, 2859, 1955, 510, 1486, 595, 2764, 2793, 2298, 708, 1768, 5056, 5179, 4869, 2794, 2360, 4895, 1094, 5372, 2311, 2488, 1066, 2618, 429, 571, 2244, 2290, 1380, 2387, 68, 2439, 1878, 3749, 4145, 3746, 4125, 1315, 2150, 4656, 348, 770, 3019, 2275, 587, 315, 4120, 36, 2855, 3651, 2566, 4293, 640, 1490, 4054, 4959, 1835, 2354, 3522, 4901, 1243, 1571, 3332, 652, 2068, 1808, 5156, 1114, 4716, 2121, 5117, 4747, 4593, 451, 3953, 2782, 2461, 5091, 4920, 4668, 3397, 5247, 1260, 297, 2704, 3504, 3203, 2900, 384, 157, 4868, 3488, 5245, 3173, 1647, 3273, 1192, 3908, 38, 3992, 749, 5294, 3848, 860, 2479, 2459, 867, 3218, 4838, 4482, 20, 1521, 1641, 122, 3118, 2063, 2400, 3519, 1063, 2035, 3442, 2890, 1763, 2119, 5400, 1961, 4854, 2292, 2772, 527, 4917, 4955, 2172, 1186, 4006, 1388, 4382, 4717, 2798, 831, 1206, 189, 5149, 4021, 507, 3599, 3197, 5148, 539, 2171, 2575, 1615, 4032, 2592, 5425, 350, 201, 2074, 3364, 3764, 2122, 3738, 1086, 4460, 400, 63, 1662, 286, 291, 693, 3484, 2629, 4674, 2334, 1913, 4762, 2824, 4767, 4750, 4965, 1785, 2069, 583, 1797, 5051, 4848, 2634, 1507, 4085, 5159, 3279, 3927, 4, 550, 5447, 207, 2799, 551, 5144, 2563, 146, 4989, 4400, 2113, 434, 27, 4129, 3768, 3668, 3459, 3091, 1215, 4091, 1681, 2872, 4014, 4194, 779, 4029, 3756, 4760, 2476, 1749, 4658, 4871, 4348, 2757, 646, 1897, 2195, 316, 716, 4208, 5383, 825, 5370, 3078, 3778, 1702, 3984, 3847, 1150, 4300, 649, 4808, 3775, 4935, 3159, 687, 1223, 946, 4538, 4535, 3077, 5359, 780, 477, 2524, 371, 5142, 3611, 62, 1069, 4193, 883, 4130, 4328, 622, 4974, 1436, 4519, 1762, 4238, 3012, 3554, 4026, 3342, 4182, 5410, 1407, 2736, 913, 4045, 182, 1382, 3625, 1351, 3839, 3583, 2938, 46, 829, 5326, 2230, 612, 5021, 3121, 1127, 3006, 1852, 329, 118, 3794, 4081, 72, 1330, 519, 1195, 2017, 1920, 314, 1129, 3544, 1000, 282, 4041, 2857, 324, 2210, 5283, 2272, 4438, 10, 5341, 4447, 5120, 4167, 1047, 742, 4222, 2916, 3377, 2533, 2707, 2819, 42, 3054, 703, 1519, 1891, 1740, 2997, 347, 5190, 3489, 4284, 833, 4467, 2603, 4198, 4987, 4303, 2483, 435, 4121, 2536, 3048, 2561, 4425, 3177, 2774, 5313, 5078, 1804, 2780, 317, 1372, 1842, 2517, 35, 4283, 3692, 794, 4047, 4496, 4319, 1623, 896, 4416, 3383, 2217, 2330, 2026, 2565, 890, 1423, 3773, 2941, 4926, 2977, 256, 2755, 3724, 1697, 3141, 3189, 2520, 402, 1159, 1593, 508, 1536, 2376, 2842, 691, 3596, 2321, 1576, 5411, 2201, 2532, 4138, 4631, 3815, 4657, 2905, 3472, 4518, 4823, 4810, 2892, 4073, 2806, 3715, 31, 2372, 1782, 2133, 1893, 3932, 4602, 3997, 1607, 1238, 4296, 1350, 4498, 4735, 1489, 4877, 845, 1630, 3469, 4143, 4002, 106, 2773, 2881, 287, 2062, 1757, 4230, 1627, 830, 563, 1196, 2460, 5333, 2472, 1067, 1377, 4844, 3515, 4552, 958, 4347, 1170, 1543, 3120, 2239, 28, 4909, 3026, 515, 3293, 1948, 4948, 76, 970, 840, 4011, 2675, 4050, 37, 108, 4651, 3319, 3660, 5160, 4768, 1911, 5345, 23, 4419, 1815, 447, 581, 4426, 893, 2756, 1864, 4418, 4444, 1411, 3446, 3278, 1618, 4786, 3998, 2055, 2795, 4841, 1599, 1044, 2418, 2206, 1394, 3409, 4428, 5301, 5139, 4504, 3974, 4123, 2414, 3527, 4244, 4985, 3310, 3975, 1318, 952, 4822, 3414, 2223, 1506, 627, 3094, 1236, 4642, 2481, 1629, 4509, 4265, 3829, 4149, 3249, 426, 3817, 2571, 3894, 4662, 744, 4561, 1926, 3576, 2655, 1714, 2072, 1559, 3358, 4741, 2526, 2896, 5132, 613, 4331, 1969, 1727, 1293, 871, 5264, 4669, 1505, 1095]",214,750,1,False,750
196,numeric,entity,1,True,False,True,"{2: 151, 1: 172, 5: 122, 3: 154, 4: 141, 0: 10}","[4097, 1548, 5419, 4731, 3902, 3380, 4432, 3710, 3542, 3991, 4880, 2494, 2930, 1237, 5356, 235, 4127, 3911, 217, 3274, 932, 1468, 2624, 2837, 3687, 1483, 2116, 3691, 4885, 1822, 1115, 1952, 4887, 876, 2002, 4576, 3443, 5286, 2441, 4713, 121, 2388, 292, 5439, 83, 4206, 4866, 1120, 5436, 1558, 1312, 2596, 3921, 1887, 388, 2130, 1360, 1525, 4673, 4770, 3790, 1675, 2897, 556, 4577, 4946, 2628, 1915, 2862, 5186, 4722, 3211, 2127, 2225, 352, 1392, 1877, 2901, 1025, 4799, 1285, 2739, 5107, 4436, 415, 2864, 15, 2351, 4600, 2046, 3401, 650, 3938, 1545, 226, 4522, 992, 5069, 534, 18, 335, 3566, 3064, 2698, 989, 123, 1932, 4178, 3670, 4847, 1514, 2273, 1786, 574, 2856, 3256, 618, 4694, 5405, 4404, 2676, 3762, 5255, 3755, 2485, 5321, 536, 233, 3760, 1837, 4431, 3948, 5252, 3797, 1538, 13, 1387, 1886, 1994, 2954, 4108, 3432, 3881, 4477, 2919, 4613, 5175, 714, 1719, 4590, 3976, 3180, 2250, 2329, 3919, 5171, 3330, 2506, 3126, 3434, 223, 1272, 1304, 2738, 3311, 1290, 3073, 3199, 5388, 1989, 2828, 1431, 2509, 1643, 3373, 2821, 1188, 2859, 1955, 510, 1486, 595, 2764, 2793, 2298, 708, 1768, 5056, 5179, 4869, 2794, 2360, 4895, 1094, 5372, 2311, 2488, 1066, 2618, 429, 571, 2244, 2290, 1380, 2387, 68, 2439, 1878, 3749, 4145, 3746, 4125, 1315, 2150, 4656, 348, 770, 3019, 2275, 587, 315, 4120, 36, 2855, 3651, 2566, 4293, 640, 1490, 4054, 4959, 1835, 2354, 3522, 4901, 1243, 1571, 3332, 652, 2068, 1808, 5156, 1114, 4716, 2121, 5117, 4747, 4593, 451, 3953, 2782, 2461, 5091, 4920, 4668, 3397, 5247, 1260, 297, 2704, 3504, 3203, 2900, 384, 157, 4868, 3488, 5245, 3173, 1647, 3273, 1192, 3908, 38, 3992, 749, 5294, 3848, 860, 2479, 2459, 867, 3218, 4838, 4482, 20, 1521, 1641, 122, 3118, 2063, 2400, 3519, 1063, 2035, 3442, 2890, 1763, 2119, 5400, 1961, 4854, 2292, 2772, 527, 4917, 4955, 2172, 1186, 4006, 1388, 4382, 4717, 2798, 831, 1206, 189, 5149, 4021, 507, 3599, 3197, 5148, 539, 2171, 2575, 1615, 4032, 2592, 5425, 350, 201, 2074, 3364, 3764, 2122, 3738, 1086, 4460, 400, 63, 1662, 286, 291, 693, 3484, 2629, 4674, 2334, 1913, 4762, 2824, 4767, 4750, 4965, 1785, 2069, 583, 1797, 5051, 4848, 2634, 1507, 4085, 5159, 3279, 3927, 4, 550, 5447, 207, 2799, 551, 5144, 2563, 146, 4989, 4400, 2113, 434, 27, 4129, 3768, 3668, 3459, 3091, 1215, 4091, 1681, 2872, 4014, 4194, 779, 4029, 3756, 4760, 2476, 1749, 4658, 4871, 4348, 2757, 646, 1897, 2195, 316, 716, 4208, 5383, 825, 5370, 3078, 3778, 1702, 3984, 3847, 1150, 4300, 649, 4808, 3775, 4935, 3159, 687, 1223, 946, 4538, 4535, 3077, 5359, 780, 477, 2524, 371, 5142, 3611, 62, 1069, 4193, 883, 4130, 4328, 622, 4974, 1436, 4519, 1762, 4238, 3012, 3554, 4026, 3342, 4182, 5410, 1407, 2736, 913, 4045, 182, 1382, 3625, 1351, 3839, 3583, 2938, 46, 829, 5326, 2230, 612, 5021, 3121, 1127, 3006, 1852, 329, 118, 3794, 4081, 72, 1330, 519, 1195, 2017, 1920, 314, 1129, 3544, 1000, 282, 4041, 2857, 324, 2210, 5283, 2272, 4438, 10, 5341, 4447, 5120, 4167, 1047, 742, 4222, 2916, 3377, 2533, 2707, 2819, 42, 3054, 703, 1519, 1891, 1740, 2997, 347, 5190, 3489, 4284, 833, 4467, 2603, 4198, 4987, 4303, 2483, 435, 4121, 2536, 3048, 2561, 4425, 3177, 2774, 5313, 5078, 1804, 2780, 317, 1372, 1842, 2517, 35, 4283, 3692, 794, 4047, 4496, 4319, 1623, 896, 4416, 3383, 2217, 2330, 2026, 2565, 890, 1423, 3773, 2941, 4926, 2977, 256, 2755, 3724, 1697, 3141, 3189, 2520, 402, 1159, 1593, 508, 1536, 2376, 2842, 691, 3596, 2321, 1576, 5411, 2201, 2532, 4138, 4631, 3815, 4657, 2905, 3472, 4518, 4823, 4810, 2892, 4073, 2806, 3715, 31, 2372, 1782, 2133, 1893, 3932, 4602, 3997, 1607, 1238, 4296, 1350, 4498, 4735, 1489, 4877, 845, 1630, 3469, 4143, 4002, 106, 2773, 2881, 287, 2062, 1757, 4230, 1627, 830, 563, 1196, 2460, 5333, 2472, 1067, 1377, 4844, 3515, 4552, 958, 4347, 1170, 1543, 3120, 2239, 28, 4909, 3026, 515, 3293, 1948, 4948, 76, 970, 840, 4011, 2675, 4050, 37, 108, 4651, 3319, 3660, 5160, 4768, 1911, 5345, 23, 4419, 1815, 447, 581, 4426, 893, 2756, 1864, 4418, 4444, 1411, 3446, 3278, 1618, 4786, 3998, 2055, 2795, 4841, 1599, 1044, 2418, 2206, 1394, 3409, 4428, 5301, 5139, 4504, 3974, 4123, 2414, 3527, 4244, 4985, 3310, 3975, 1318, 952, 4822, 3414, 2223, 1506, 627, 3094, 1236, 4642, 2481, 1629, 4509, 4265, 3829, 4149, 3249, 426, 3817, 2571, 3894, 4662, 744, 4561, 1926, 3576, 2655, 1714, 2072, 1559, 3358, 4741, 2526, 2896, 5132, 613, 4331, 1969, 1727, 1293, 871, 5264, 4669, 1505, 1095]",196,750,1,False,750
212,numeric,location,4,True,False,True,"{2: 151, 1: 172, 5: 122, 3: 154, 4: 141, 0: 10}","[4097, 1548, 5419, 4731, 3902, 3380, 4432, 3710, 3542, 3991, 4880, 2494, 2930, 1237, 5356, 235, 4127, 3911, 217, 3274, 932, 1468, 2624, 2837, 3687, 1483, 2116, 3691, 4885, 1822, 1115, 1952, 4887, 876, 2002, 4576, 3443, 5286, 2441, 4713, 121, 2388, 292, 5439, 83, 4206, 4866, 1120, 5436, 1558, 1312, 2596, 3921, 1887, 388, 2130, 1360, 1525, 4673, 4770, 3790, 1675, 2897, 556, 4577, 4946, 2628, 1915, 2862, 5186, 4722, 3211, 2127, 2225, 352, 1392, 1877, 2901, 1025, 4799, 1285, 2739, 5107, 4436, 415, 2864, 15, 2351, 4600, 2046, 3401, 650, 3938, 1545, 226, 4522, 992, 5069, 534, 18, 335, 3566, 3064, 2698, 989, 123, 1932, 4178, 3670, 4847, 1514, 2273, 1786, 574, 2856, 3256, 618, 4694, 5405, 4404, 2676, 3762, 5255, 3755, 2485, 5321, 536, 233, 3760, 1837, 4431, 3948, 5252, 3797, 1538, 13, 1387, 1886, 1994, 2954, 4108, 3432, 3881, 4477, 2919, 4613, 5175, 714, 1719, 4590, 3976, 3180, 2250, 2329, 3919, 5171, 3330, 2506, 3126, 3434, 223, 1272, 1304, 2738, 3311, 1290, 3073, 3199, 5388, 1989, 2828, 1431, 2509, 1643, 3373, 2821, 1188, 2859, 1955, 510, 1486, 595, 2764, 2793, 2298, 708, 1768, 5056, 5179, 4869, 2794, 2360, 4895, 1094, 5372, 2311, 2488, 1066, 2618, 429, 571, 2244, 2290, 1380, 2387, 68, 2439, 1878, 3749, 4145, 3746, 4125, 1315, 2150, 4656, 348, 770, 3019, 2275, 587, 315, 4120, 36, 2855, 3651, 2566, 4293, 640, 1490, 4054, 4959, 1835, 2354, 3522, 4901, 1243, 1571, 3332, 652, 2068, 1808, 5156, 1114, 4716, 2121, 5117, 4747, 4593, 451, 3953, 2782, 2461, 5091, 4920, 4668, 3397, 5247, 1260, 297, 2704, 3504, 3203, 2900, 384, 157, 4868, 3488, 5245, 3173, 1647, 3273, 1192, 3908, 38, 3992, 749, 5294, 3848, 860, 2479, 2459, 867, 3218, 4838, 4482, 20, 1521, 1641, 122, 3118, 2063, 2400, 3519, 1063, 2035, 3442, 2890, 1763, 2119, 5400, 1961, 4854, 2292, 2772, 527, 4917, 4955, 2172, 1186, 4006, 1388, 4382, 4717, 2798, 831, 1206, 189, 5149, 4021, 507, 3599, 3197, 5148, 539, 2171, 2575, 1615, 4032, 2592, 5425, 350, 201, 2074, 3364, 3764, 2122, 3738, 1086, 4460, 400, 63, 1662, 286, 291, 693, 3484, 2629, 4674, 2334, 1913, 4762, 2824, 4767, 4750, 4965, 1785, 2069, 583, 1797, 5051, 4848, 2634, 1507, 4085, 5159, 3279, 3927, 4, 550, 5447, 207, 2799, 551, 5144, 2563, 146, 4989, 4400, 2113, 434, 27, 4129, 3768, 3668, 3459, 3091, 1215, 4091, 1681, 2872, 4014, 4194, 779, 4029, 3756, 4760, 2476, 1749, 4658, 4871, 4348, 2757, 646, 1897, 2195, 316, 716, 4208, 5383, 825, 5370, 3078, 3778, 1702, 3984, 3847, 1150, 4300, 649, 4808, 3775, 4935, 3159, 687, 1223, 946, 4538, 4535, 3077, 5359, 780, 477, 2524, 371, 5142, 3611, 62, 1069, 4193, 883, 4130, 4328, 622, 4974, 1436, 4519, 1762, 4238, 3012, 3554, 4026, 3342, 4182, 5410, 1407, 2736, 913, 4045, 182, 1382, 3625, 1351, 3839, 3583, 2938, 46, 829, 5326, 2230, 612, 5021, 3121, 1127, 3006, 1852, 329, 118, 3794, 4081, 72, 1330, 519, 1195, 2017, 1920, 314, 1129, 3544, 1000, 282, 4041, 2857, 324, 2210, 5283, 2272, 4438, 10, 5341, 4447, 5120, 4167, 1047, 742, 4222, 2916, 3377, 2533, 2707, 2819, 42, 3054, 703, 1519, 1891, 1740, 2997, 347, 5190, 3489, 4284, 833, 4467, 2603, 4198, 4987, 4303, 2483, 435, 4121, 2536, 3048, 2561, 4425, 3177, 2774, 5313, 5078, 1804, 2780, 317, 1372, 1842, 2517, 35, 4283, 3692, 794, 4047, 4496, 4319, 1623, 896, 4416, 3383, 2217, 2330, 2026, 2565, 890, 1423, 3773, 2941, 4926, 2977, 256, 2755, 3724, 1697, 3141, 3189, 2520, 402, 1159, 1593, 508, 1536, 2376, 2842, 691, 3596, 2321, 1576, 5411, 2201, 2532, 4138, 4631, 3815, 4657, 2905, 3472, 4518, 4823, 4810, 2892, 4073, 2806, 3715, 31, 2372, 1782, 2133, 1893, 3932, 4602, 3997, 1607, 1238, 4296, 1350, 4498, 4735, 1489, 4877, 845, 1630, 3469, 4143, 4002, 106, 2773, 2881, 287, 2062, 1757, 4230, 1627, 830, 563, 1196, 2460, 5333, 2472, 1067, 1377, 4844, 3515, 4552, 958, 4347, 1170, 1543, 3120, 2239, 28, 4909, 3026, 515, 3293, 1948, 4948, 76, 970, 840, 4011, 2675, 4050, 37, 108, 4651, 3319, 3660, 5160, 4768, 1911, 5345, 23, 4419, 1815, 447, 581, 4426, 893, 2756, 1864, 4418, 4444, 1411, 3446, 3278, 1618, 4786, 3998, 2055, 2795, 4841, 1599, 1044, 2418, 2206, 1394, 3409, 4428, 5301, 5139, 4504, 3974, 4123, 2414, 3527, 4244, 4985, 3310, 3975, 1318, 952, 4822, 3414, 2223, 1506, 627, 3094, 1236, 4642, 2481, 1629, 4509, 4265, 3829, 4149, 3249, 426, 3817, 2571, 3894, 4662, 744, 4561, 1926, 3576, 2655, 1714, 2072, 1559, 3358, 4741, 2526, 2896, 5132, 613, 4331, 1969, 1727, 1293, 871, 5264, 4669, 1505, 1095]",212,750,1,False,750
120,numeric,numeric,5,True,True,True,"{2: 151, 1: 172, 5: 122, 3: 154, 4: 141, 0: 10}","[4097, 1548, 5419, 4731, 3902, 3380, 4432, 3710, 3542, 3991, 4880, 2494, 2930, 1237, 5356, 235, 4127, 3911, 217, 3274, 932, 1468, 2624, 2837, 3687, 1483, 2116, 3691, 4885, 1822, 1115, 1952, 4887, 876, 2002, 4576, 3443, 5286, 2441, 4713, 121, 2388, 292, 5439, 83, 4206, 4866, 1120, 5436, 1558, 1312, 2596, 3921, 1887, 388, 2130, 1360, 1525, 4673, 4770, 3790, 1675, 2897, 556, 4577, 4946, 2628, 1915, 2862, 5186, 4722, 3211, 2127, 2225, 352, 1392, 1877, 2901, 1025, 4799, 1285, 2739, 5107, 4436, 415, 2864, 15, 2351, 4600, 2046, 3401, 650, 3938, 1545, 226, 4522, 992, 5069, 534, 18, 335, 3566, 3064, 2698, 989, 123, 1932, 4178, 3670, 4847, 1514, 2273, 1786, 574, 2856, 3256, 618, 4694, 5405, 4404, 2676, 3762, 5255, 3755, 2485, 5321, 536, 233, 3760, 1837, 4431, 3948, 5252, 3797, 1538, 13, 1387, 1886, 1994, 2954, 4108, 3432, 3881, 4477, 2919, 4613, 5175, 714, 1719, 4590, 3976, 3180, 2250, 2329, 3919, 5171, 3330, 2506, 3126, 3434, 223, 1272, 1304, 2738, 3311, 1290, 3073, 3199, 5388, 1989, 2828, 1431, 2509, 1643, 3373, 2821, 1188, 2859, 1955, 510, 1486, 595, 2764, 2793, 2298, 708, 1768, 5056, 5179, 4869, 2794, 2360, 4895, 1094, 5372, 2311, 2488, 1066, 2618, 429, 571, 2244, 2290, 1380, 2387, 68, 2439, 1878, 3749, 4145, 3746, 4125, 1315, 2150, 4656, 348, 770, 3019, 2275, 587, 315, 4120, 36, 2855, 3651, 2566, 4293, 640, 1490, 4054, 4959, 1835, 2354, 3522, 4901, 1243, 1571, 3332, 652, 2068, 1808, 5156, 1114, 4716, 2121, 5117, 4747, 4593, 451, 3953, 2782, 2461, 5091, 4920, 4668, 3397, 5247, 1260, 297, 2704, 3504, 3203, 2900, 384, 157, 4868, 3488, 5245, 3173, 1647, 3273, 1192, 3908, 38, 3992, 749, 5294, 3848, 860, 2479, 2459, 867, 3218, 4838, 4482, 20, 1521, 1641, 122, 3118, 2063, 2400, 3519, 1063, 2035, 3442, 2890, 1763, 2119, 5400, 1961, 4854, 2292, 2772, 527, 4917, 4955, 2172, 1186, 4006, 1388, 4382, 4717, 2798, 831, 1206, 189, 5149, 4021, 507, 3599, 3197, 5148, 539, 2171, 2575, 1615, 4032, 2592, 5425, 350, 201, 2074, 3364, 3764, 2122, 3738, 1086, 4460, 400, 63, 1662, 286, 291, 693, 3484, 2629, 4674, 2334, 1913, 4762, 2824, 4767, 4750, 4965, 1785, 2069, 583, 1797, 5051, 4848, 2634, 1507, 4085, 5159, 3279, 3927, 4, 550, 5447, 207, 2799, 551, 5144, 2563, 146, 4989, 4400, 2113, 434, 27, 4129, 3768, 3668, 3459, 3091, 1215, 4091, 1681, 2872, 4014, 4194, 779, 4029, 3756, 4760, 2476, 1749, 4658, 4871, 4348, 2757, 646, 1897, 2195, 316, 716, 4208, 5383, 825, 5370, 3078, 3778, 1702, 3984, 3847, 1150, 4300, 649, 4808, 3775, 4935, 3159, 687, 1223, 946, 4538, 4535, 3077, 5359, 780, 477, 2524, 371, 5142, 3611, 62, 1069, 4193, 883, 4130, 4328, 622, 4974, 1436, 4519, 1762, 4238, 3012, 3554, 4026, 3342, 4182, 5410, 1407, 2736, 913, 4045, 182, 1382, 3625, 1351, 3839, 3583, 2938, 46, 829, 5326, 2230, 612, 5021, 3121, 1127, 3006, 1852, 329, 118, 3794, 4081, 72, 1330, 519, 1195, 2017, 1920, 314, 1129, 3544, 1000, 282, 4041, 2857, 324, 2210, 5283, 2272, 4438, 10, 5341, 4447, 5120, 4167, 1047, 742, 4222, 2916, 3377, 2533, 2707, 2819, 42, 3054, 703, 1519, 1891, 1740, 2997, 347, 5190, 3489, 4284, 833, 4467, 2603, 4198, 4987, 4303, 2483, 435, 4121, 2536, 3048, 2561, 4425, 3177, 2774, 5313, 5078, 1804, 2780, 317, 1372, 1842, 2517, 35, 4283, 3692, 794, 4047, 4496, 4319, 1623, 896, 4416, 3383, 2217, 2330, 2026, 2565, 890, 1423, 3773, 2941, 4926, 2977, 256, 2755, 3724, 1697, 3141, 3189, 2520, 402, 1159, 1593, 508, 1536, 2376, 2842, 691, 3596, 2321, 1576, 5411, 2201, 2532, 4138, 4631, 3815, 4657, 2905, 3472, 4518, 4823, 4810, 2892, 4073, 2806, 3715, 31, 2372, 1782, 2133, 1893, 3932, 4602, 3997, 1607, 1238, 4296, 1350, 4498, 4735, 1489, 4877, 845, 1630, 3469, 4143, 4002, 106, 2773, 2881, 287, 2062, 1757, 4230, 1627, 830, 563, 1196, 2460, 5333, 2472, 1067, 1377, 4844, 3515, 4552, 958, 4347, 1170, 1543, 3120, 2239, 28, 4909, 3026, 515, 3293, 1948, 4948, 76, 970, 840, 4011, 2675, 4050, 37, 108, 4651, 3319, 3660, 5160, 4768, 1911, 5345, 23, 4419, 1815, 447, 581, 4426, 893, 2756, 1864, 4418, 4444, 1411, 3446, 3278, 1618, 4786, 3998, 2055, 2795, 4841, 1599, 1044, 2418, 2206, 1394, 3409, 4428, 5301, 5139, 4504, 3974, 4123, 2414, 3527, 4244, 4985, 3310, 3975, 1318, 952, 4822, 3414, 2223, 1506, 627, 3094, 1236, 4642, 2481, 1629, 4509, 4265, 3829, 4149, 3249, 426, 3817, 2571, 3894, 4662, 744, 4561, 1926, 3576, 2655, 1714, 2072, 1559, 3358, 4741, 2526, 2896, 5132, 613, 4331, 1969, 1727, 1293, 871, 5264, 4669, 1505, 1095]",120,750,1,False,750
365,numeric,numeric,5,True,True,True,"{2: 151, 1: 172, 5: 122, 3: 154, 4: 141, 0: 10}","[4097, 1548, 5419, 4731, 3902, 3380, 4432, 3710, 3542, 3991, 4880, 2494, 2930, 1237, 5356, 235, 4127, 3911, 217, 3274, 932, 1468, 2624, 2837, 3687, 1483, 2116, 3691, 4885, 1822, 1115, 1952, 4887, 876, 2002, 4576, 3443, 5286, 2441, 4713, 121, 2388, 292, 5439, 83, 4206, 4866, 1120, 5436, 1558, 1312, 2596, 3921, 1887, 388, 2130, 1360, 1525, 4673, 4770, 3790, 1675, 2897, 556, 4577, 4946, 2628, 1915, 2862, 5186, 4722, 3211, 2127, 2225, 352, 1392, 1877, 2901, 1025, 4799, 1285, 2739, 5107, 4436, 415, 2864, 15, 2351, 4600, 2046, 3401, 650, 3938, 1545, 226, 4522, 992, 5069, 534, 18, 335, 3566, 3064, 2698, 989, 123, 1932, 4178, 3670, 4847, 1514, 2273, 1786, 574, 2856, 3256, 618, 4694, 5405, 4404, 2676, 3762, 5255, 3755, 2485, 5321, 536, 233, 3760, 1837, 4431, 3948, 5252, 3797, 1538, 13, 1387, 1886, 1994, 2954, 4108, 3432, 3881, 4477, 2919, 4613, 5175, 714, 1719, 4590, 3976, 3180, 2250, 2329, 3919, 5171, 3330, 2506, 3126, 3434, 223, 1272, 1304, 2738, 3311, 1290, 3073, 3199, 5388, 1989, 2828, 1431, 2509, 1643, 3373, 2821, 1188, 2859, 1955, 510, 1486, 595, 2764, 2793, 2298, 708, 1768, 5056, 5179, 4869, 2794, 2360, 4895, 1094, 5372, 2311, 2488, 1066, 2618, 429, 571, 2244, 2290, 1380, 2387, 68, 2439, 1878, 3749, 4145, 3746, 4125, 1315, 2150, 4656, 348, 770, 3019, 2275, 587, 315, 4120, 36, 2855, 3651, 2566, 4293, 640, 1490, 4054, 4959, 1835, 2354, 3522, 4901, 1243, 1571, 3332, 652, 2068, 1808, 5156, 1114, 4716, 2121, 5117, 4747, 4593, 451, 3953, 2782, 2461, 5091, 4920, 4668, 3397, 5247, 1260, 297, 2704, 3504, 3203, 2900, 384, 157, 4868, 3488, 5245, 3173, 1647, 3273, 1192, 3908, 38, 3992, 749, 5294, 3848, 860, 2479, 2459, 867, 3218, 4838, 4482, 20, 1521, 1641, 122, 3118, 2063, 2400, 3519, 1063, 2035, 3442, 2890, 1763, 2119, 5400, 1961, 4854, 2292, 2772, 527, 4917, 4955, 2172, 1186, 4006, 1388, 4382, 4717, 2798, 831, 1206, 189, 5149, 4021, 507, 3599, 3197, 5148, 539, 2171, 2575, 1615, 4032, 2592, 5425, 350, 201, 2074, 3364, 3764, 2122, 3738, 1086, 4460, 400, 63, 1662, 286, 291, 693, 3484, 2629, 4674, 2334, 1913, 4762, 2824, 4767, 4750, 4965, 1785, 2069, 583, 1797, 5051, 4848, 2634, 1507, 4085, 5159, 3279, 3927, 4, 550, 5447, 207, 2799, 551, 5144, 2563, 146, 4989, 4400, 2113, 434, 27, 4129, 3768, 3668, 3459, 3091, 1215, 4091, 1681, 2872, 4014, 4194, 779, 4029, 3756, 4760, 2476, 1749, 4658, 4871, 4348, 2757, 646, 1897, 2195, 316, 716, 4208, 5383, 825, 5370, 3078, 3778, 1702, 3984, 3847, 1150, 4300, 649, 4808, 3775, 4935, 3159, 687, 1223, 946, 4538, 4535, 3077, 5359, 780, 477, 2524, 371, 5142, 3611, 62, 1069, 4193, 883, 4130, 4328, 622, 4974, 1436, 4519, 1762, 4238, 3012, 3554, 4026, 3342, 4182, 5410, 1407, 2736, 913, 4045, 182, 1382, 3625, 1351, 3839, 3583, 2938, 46, 829, 5326, 2230, 612, 5021, 3121, 1127, 3006, 1852, 329, 118, 3794, 4081, 72, 1330, 519, 1195, 2017, 1920, 314, 1129, 3544, 1000, 282, 4041, 2857, 324, 2210, 5283, 2272, 4438, 10, 5341, 4447, 5120, 4167, 1047, 742, 4222, 2916, 3377, 2533, 2707, 2819, 42, 3054, 703, 1519, 1891, 1740, 2997, 347, 5190, 3489, 4284, 833, 4467, 2603, 4198, 4987, 4303, 2483, 435, 4121, 2536, 3048, 2561, 4425, 3177, 2774, 5313, 5078, 1804, 2780, 317, 1372, 1842, 2517, 35, 4283, 3692, 794, 4047, 4496, 4319, 1623, 896, 4416, 3383, 2217, 2330, 2026, 2565, 890, 1423, 3773, 2941, 4926, 2977, 256, 2755, 3724, 1697, 3141, 3189, 2520, 402, 1159, 1593, 508, 1536, 2376, 2842, 691, 3596, 2321, 1576, 5411, 2201, 2532, 4138, 4631, 3815, 4657, 2905, 3472, 4518, 4823, 4810, 2892, 4073, 2806, 3715, 31, 2372, 1782, 2133, 1893, 3932, 4602, 3997, 1607, 1238, 4296, 1350, 4498, 4735, 1489, 4877, 845, 1630, 3469, 4143, 4002, 106, 2773, 2881, 287, 2062, 1757, 4230, 1627, 830, 563, 1196, 2460, 5333, 2472, 1067, 1377, 4844, 3515, 4552, 958, 4347, 1170, 1543, 3120, 2239, 28, 4909, 3026, 515, 3293, 1948, 4948, 76, 970, 840, 4011, 2675, 4050, 37, 108, 4651, 3319, 3660, 5160, 4768, 1911, 5345, 23, 4419, 1815, 447, 581, 4426, 893, 2756, 1864, 4418, 4444, 1411, 3446, 3278, 1618, 4786, 3998, 2055, 2795, 4841, 1599, 1044, 2418, 2206, 1394, 3409, 4428, 5301, 5139, 4504, 3974, 4123, 2414, 3527, 4244, 4985, 3310, 3975, 1318, 952, 4822, 3414, 2223, 1506, 627, 3094, 1236, 4642, 2481, 1629, 4509, 4265, 3829, 4149, 3249, 426, 3817, 2571, 3894, 4662, 744, 4561, 1926, 3576, 2655, 1714, 2072, 1559, 3358, 4741, 2526, 2896, 5132, 613, 4331, 1969, 1727, 1293, 871, 5264, 4669, 1505, 1095]",365,750,1,False,750
384,numeric,numeric,5,True,True,True,"{2: 151, 1: 172, 5: 122, 3: 154, 4: 141, 0: 10}","[4097, 1548, 5419, 4731, 3902, 3380, 4432, 3710, 3542, 3991, 4880, 2494, 2930, 1237, 5356, 235, 4127, 3911, 217, 3274, 932, 1468, 2624, 2837, 3687, 1483, 2116, 3691, 4885, 1822, 1115, 1952, 4887, 876, 2002, 4576, 3443, 5286, 2441, 4713, 121, 2388, 292, 5439, 83, 4206, 4866, 1120, 5436, 1558, 1312, 2596, 3921, 1887, 388, 2130, 1360, 1525, 4673, 4770, 3790, 1675, 2897, 556, 4577, 4946, 2628, 1915, 2862, 5186, 4722, 3211, 2127, 2225, 352, 1392, 1877, 2901, 1025, 4799, 1285, 2739, 5107, 4436, 415, 2864, 15, 2351, 4600, 2046, 3401, 650, 3938, 1545, 226, 4522, 992, 5069, 534, 18, 335, 3566, 3064, 2698, 989, 123, 1932, 4178, 3670, 4847, 1514, 2273, 1786, 574, 2856, 3256, 618, 4694, 5405, 4404, 2676, 3762, 5255, 3755, 2485, 5321, 536, 233, 3760, 1837, 4431, 3948, 5252, 3797, 1538, 13, 1387, 1886, 1994, 2954, 4108, 3432, 3881, 4477, 2919, 4613, 5175, 714, 1719, 4590, 3976, 3180, 2250, 2329, 3919, 5171, 3330, 2506, 3126, 3434, 223, 1272, 1304, 2738, 3311, 1290, 3073, 3199, 5388, 1989, 2828, 1431, 2509, 1643, 3373, 2821, 1188, 2859, 1955, 510, 1486, 595, 2764, 2793, 2298, 708, 1768, 5056, 5179, 4869, 2794, 2360, 4895, 1094, 5372, 2311, 2488, 1066, 2618, 429, 571, 2244, 2290, 1380, 2387, 68, 2439, 1878, 3749, 4145, 3746, 4125, 1315, 2150, 4656, 348, 770, 3019, 2275, 587, 315, 4120, 36, 2855, 3651, 2566, 4293, 640, 1490, 4054, 4959, 1835, 2354, 3522, 4901, 1243, 1571, 3332, 652, 2068, 1808, 5156, 1114, 4716, 2121, 5117, 4747, 4593, 451, 3953, 2782, 2461, 5091, 4920, 4668, 3397, 5247, 1260, 297, 2704, 3504, 3203, 2900, 384, 157, 4868, 3488, 5245, 3173, 1647, 3273, 1192, 3908, 38, 3992, 749, 5294, 3848, 860, 2479, 2459, 867, 3218, 4838, 4482, 20, 1521, 1641, 122, 3118, 2063, 2400, 3519, 1063, 2035, 3442, 2890, 1763, 2119, 5400, 1961, 4854, 2292, 2772, 527, 4917, 4955, 2172, 1186, 4006, 1388, 4382, 4717, 2798, 831, 1206, 189, 5149, 4021, 507, 3599, 3197, 5148, 539, 2171, 2575, 1615, 4032, 2592, 5425, 350, 201, 2074, 3364, 3764, 2122, 3738, 1086, 4460, 400, 63, 1662, 286, 291, 693, 3484, 2629, 4674, 2334, 1913, 4762, 2824, 4767, 4750, 4965, 1785, 2069, 583, 1797, 5051, 4848, 2634, 1507, 4085, 5159, 3279, 3927, 4, 550, 5447, 207, 2799, 551, 5144, 2563, 146, 4989, 4400, 2113, 434, 27, 4129, 3768, 3668, 3459, 3091, 1215, 4091, 1681, 2872, 4014, 4194, 779, 4029, 3756, 4760, 2476, 1749, 4658, 4871, 4348, 2757, 646, 1897, 2195, 316, 716, 4208, 5383, 825, 5370, 3078, 3778, 1702, 3984, 3847, 1150, 4300, 649, 4808, 3775, 4935, 3159, 687, 1223, 946, 4538, 4535, 3077, 5359, 780, 477, 2524, 371, 5142, 3611, 62, 1069, 4193, 883, 4130, 4328, 622, 4974, 1436, 4519, 1762, 4238, 3012, 3554, 4026, 3342, 4182, 5410, 1407, 2736, 913, 4045, 182, 1382, 3625, 1351, 3839, 3583, 2938, 46, 829, 5326, 2230, 612, 5021, 3121, 1127, 3006, 1852, 329, 118, 3794, 4081, 72, 1330, 519, 1195, 2017, 1920, 314, 1129, 3544, 1000, 282, 4041, 2857, 324, 2210, 5283, 2272, 4438, 10, 5341, 4447, 5120, 4167, 1047, 742, 4222, 2916, 3377, 2533, 2707, 2819, 42, 3054, 703, 1519, 1891, 1740, 2997, 347, 5190, 3489, 4284, 833, 4467, 2603, 4198, 4987, 4303, 2483, 435, 4121, 2536, 3048, 2561, 4425, 3177, 2774, 5313, 5078, 1804, 2780, 317, 1372, 1842, 2517, 35, 4283, 3692, 794, 4047, 4496, 4319, 1623, 896, 4416, 3383, 2217, 2330, 2026, 2565, 890, 1423, 3773, 2941, 4926, 2977, 256, 2755, 3724, 1697, 3141, 3189, 2520, 402, 1159, 1593, 508, 1536, 2376, 2842, 691, 3596, 2321, 1576, 5411, 2201, 2532, 4138, 4631, 3815, 4657, 2905, 3472, 4518, 4823, 4810, 2892, 4073, 2806, 3715, 31, 2372, 1782, 2133, 1893, 3932, 4602, 3997, 1607, 1238, 4296, 1350, 4498, 4735, 1489, 4877, 845, 1630, 3469, 4143, 4002, 106, 2773, 2881, 287, 2062, 1757, 4230, 1627, 830, 563, 1196, 2460, 5333, 2472, 1067, 1377, 4844, 3515, 4552, 958, 4347, 1170, 1543, 3120, 2239, 28, 4909, 3026, 515, 3293, 1948, 4948, 76, 970, 840, 4011, 2675, 4050, 37, 108, 4651, 3319, 3660, 5160, 4768, 1911, 5345, 23, 4419, 1815, 447, 581, 4426, 893, 2756, 1864, 4418, 4444, 1411, 3446, 3278, 1618, 4786, 3998, 2055, 2795, 4841, 1599, 1044, 2418, 2206, 1394, 3409, 4428, 5301, 5139, 4504, 3974, 4123, 2414, 3527, 4244, 4985, 3310, 3975, 1318, 952, 4822, 3414, 2223, 1506, 627, 3094, 1236, 4642, 2481, 1629, 4509, 4265, 3829, 4149, 3249, 426, 3817, 2571, 3894, 4662, 744, 4561, 1926, 3576, 2655, 1714, 2072, 1559, 3358, 4741, 2526, 2896, 5132, 613, 4331, 1969, 1727, 1293, 871, 5264, 4669, 1505, 1095]",384,750,1,False,750
74,location,location,4,True,True,True,"{2: 151, 1: 172, 5: 122, 3: 154, 4: 141, 0: 10}","[4097, 1548, 5419, 4731, 3902, 3380, 4432, 3710, 3542, 3991, 4880, 2494, 2930, 1237, 5356, 235, 4127, 3911, 217, 3274, 932, 1468, 2624, 2837, 3687, 1483, 2116, 3691, 4885, 1822, 1115, 1952, 4887, 876, 2002, 4576, 3443, 5286, 2441, 4713, 121, 2388, 292, 5439, 83, 4206, 4866, 1120, 5436, 1558, 1312, 2596, 3921, 1887, 388, 2130, 1360, 1525, 4673, 4770, 3790, 1675, 2897, 556, 4577, 4946, 2628, 1915, 2862, 5186, 4722, 3211, 2127, 2225, 352, 1392, 1877, 2901, 1025, 4799, 1285, 2739, 5107, 4436, 415, 2864, 15, 2351, 4600, 2046, 3401, 650, 3938, 1545, 226, 4522, 992, 5069, 534, 18, 335, 3566, 3064, 2698, 989, 123, 1932, 4178, 3670, 4847, 1514, 2273, 1786, 574, 2856, 3256, 618, 4694, 5405, 4404, 2676, 3762, 5255, 3755, 2485, 5321, 536, 233, 3760, 1837, 4431, 3948, 5252, 3797, 1538, 13, 1387, 1886, 1994, 2954, 4108, 3432, 3881, 4477, 2919, 4613, 5175, 714, 1719, 4590, 3976, 3180, 2250, 2329, 3919, 5171, 3330, 2506, 3126, 3434, 223, 1272, 1304, 2738, 3311, 1290, 3073, 3199, 5388, 1989, 2828, 1431, 2509, 1643, 3373, 2821, 1188, 2859, 1955, 510, 1486, 595, 2764, 2793, 2298, 708, 1768, 5056, 5179, 4869, 2794, 2360, 4895, 1094, 5372, 2311, 2488, 1066, 2618, 429, 571, 2244, 2290, 1380, 2387, 68, 2439, 1878, 3749, 4145, 3746, 4125, 1315, 2150, 4656, 348, 770, 3019, 2275, 587, 315, 4120, 36, 2855, 3651, 2566, 4293, 640, 1490, 4054, 4959, 1835, 2354, 3522, 4901, 1243, 1571, 3332, 652, 2068, 1808, 5156, 1114, 4716, 2121, 5117, 4747, 4593, 451, 3953, 2782, 2461, 5091, 4920, 4668, 3397, 5247, 1260, 297, 2704, 3504, 3203, 2900, 384, 157, 4868, 3488, 5245, 3173, 1647, 3273, 1192, 3908, 38, 3992, 749, 5294, 3848, 860, 2479, 2459, 867, 3218, 4838, 4482, 20, 1521, 1641, 122, 3118, 2063, 2400, 3519, 1063, 2035, 3442, 2890, 1763, 2119, 5400, 1961, 4854, 2292, 2772, 527, 4917, 4955, 2172, 1186, 4006, 1388, 4382, 4717, 2798, 831, 1206, 189, 5149, 4021, 507, 3599, 3197, 5148, 539, 2171, 2575, 1615, 4032, 2592, 5425, 350, 201, 2074, 3364, 3764, 2122, 3738, 1086, 4460, 400, 63, 1662, 286, 291, 693, 3484, 2629, 4674, 2334, 1913, 4762, 2824, 4767, 4750, 4965, 1785, 2069, 583, 1797, 5051, 4848, 2634, 1507, 4085, 5159, 3279, 3927, 4, 550, 5447, 207, 2799, 551, 5144, 2563, 146, 4989, 4400, 2113, 434, 27, 4129, 3768, 3668, 3459, 3091, 1215, 4091, 1681, 2872, 4014, 4194, 779, 4029, 3756, 4760, 2476, 1749, 4658, 4871, 4348, 2757, 646, 1897, 2195, 316, 716, 4208, 5383, 825, 5370, 3078, 3778, 1702, 3984, 3847, 1150, 4300, 649, 4808, 3775, 4935, 3159, 687, 1223, 946, 4538, 4535, 3077, 5359, 780, 477, 2524, 371, 5142, 3611, 62, 1069, 4193, 883, 4130, 4328, 622, 4974, 1436, 4519, 1762, 4238, 3012, 3554, 4026, 3342, 4182, 5410, 1407, 2736, 913, 4045, 182, 1382, 3625, 1351, 3839, 3583, 2938, 46, 829, 5326, 2230, 612, 5021, 3121, 1127, 3006, 1852, 329, 118, 3794, 4081, 72, 1330, 519, 1195, 2017, 1920, 314, 1129, 3544, 1000, 282, 4041, 2857, 324, 2210, 5283, 2272, 4438, 10, 5341, 4447, 5120, 4167, 1047, 742, 4222, 2916, 3377, 2533, 2707, 2819, 42, 3054, 703, 1519, 1891, 1740, 2997, 347, 5190, 3489, 4284, 833, 4467, 2603, 4198, 4987, 4303, 2483, 435, 4121, 2536, 3048, 2561, 4425, 3177, 2774, 5313, 5078, 1804, 2780, 317, 1372, 1842, 2517, 35, 4283, 3692, 794, 4047, 4496, 4319, 1623, 896, 4416, 3383, 2217, 2330, 2026, 2565, 890, 1423, 3773, 2941, 4926, 2977, 256, 2755, 3724, 1697, 3141, 3189, 2520, 402, 1159, 1593, 508, 1536, 2376, 2842, 691, 3596, 2321, 1576, 5411, 2201, 2532, 4138, 4631, 3815, 4657, 2905, 3472, 4518, 4823, 4810, 2892, 4073, 2806, 3715, 31, 2372, 1782, 2133, 1893, 3932, 4602, 3997, 1607, 1238, 4296, 1350, 4498, 4735, 1489, 4877, 845, 1630, 3469, 4143, 4002, 106, 2773, 2881, 287, 2062, 1757, 4230, 1627, 830, 563, 1196, 2460, 5333, 2472, 1067, 1377, 4844, 3515, 4552, 958, 4347, 1170, 1543, 3120, 2239, 28, 4909, 3026, 515, 3293, 1948, 4948, 76, 970, 840, 4011, 2675, 4050, 37, 108, 4651, 3319, 3660, 5160, 4768, 1911, 5345, 23, 4419, 1815, 447, 581, 4426, 893, 2756, 1864, 4418, 4444, 1411, 3446, 3278, 1618, 4786, 3998, 2055, 2795, 4841, 1599, 1044, 2418, 2206, 1394, 3409, 4428, 5301, 5139, 4504, 3974, 4123, 2414, 3527, 4244, 4985, 3310, 3975, 1318, 952, 4822, 3414, 2223, 1506, 627, 3094, 1236, 4642, 2481, 1629, 4509, 4265, 3829, 4149, 3249, 426, 3817, 2571, 3894, 4662, 744, 4561, 1926, 3576, 2655, 1714, 2072, 1559, 3358, 4741, 2526, 2896, 5132, 613, 4331, 1969, 1727, 1293, 871, 5264, 4669, 1505, 1095]",74,750,1,False,750
325,numeric,abbre,0,True,False,True,"{2: 151, 1: 172, 5: 122, 3: 154, 4: 141, 0: 10}","[4097, 1548, 5419, 4731, 3902, 3380, 4432, 3710, 3542, 3991, 4880, 2494, 2930, 1237, 5356, 235, 4127, 3911, 217, 3274, 932, 1468, 2624, 2837, 3687, 1483, 2116, 3691, 4885, 1822, 1115, 1952, 4887, 876, 2002, 4576, 3443, 5286, 2441, 4713, 121, 2388, 292, 5439, 83, 4206, 4866, 1120, 5436, 1558, 1312, 2596, 3921, 1887, 388, 2130, 1360, 1525, 4673, 4770, 3790, 1675, 2897, 556, 4577, 4946, 2628, 1915, 2862, 5186, 4722, 3211, 2127, 2225, 352, 1392, 1877, 2901, 1025, 4799, 1285, 2739, 5107, 4436, 415, 2864, 15, 2351, 4600, 2046, 3401, 650, 3938, 1545, 226, 4522, 992, 5069, 534, 18, 335, 3566, 3064, 2698, 989, 123, 1932, 4178, 3670, 4847, 1514, 2273, 1786, 574, 2856, 3256, 618, 4694, 5405, 4404, 2676, 3762, 5255, 3755, 2485, 5321, 536, 233, 3760, 1837, 4431, 3948, 5252, 3797, 1538, 13, 1387, 1886, 1994, 2954, 4108, 3432, 3881, 4477, 2919, 4613, 5175, 714, 1719, 4590, 3976, 3180, 2250, 2329, 3919, 5171, 3330, 2506, 3126, 3434, 223, 1272, 1304, 2738, 3311, 1290, 3073, 3199, 5388, 1989, 2828, 1431, 2509, 1643, 3373, 2821, 1188, 2859, 1955, 510, 1486, 595, 2764, 2793, 2298, 708, 1768, 5056, 5179, 4869, 2794, 2360, 4895, 1094, 5372, 2311, 2488, 1066, 2618, 429, 571, 2244, 2290, 1380, 2387, 68, 2439, 1878, 3749, 4145, 3746, 4125, 1315, 2150, 4656, 348, 770, 3019, 2275, 587, 315, 4120, 36, 2855, 3651, 2566, 4293, 640, 1490, 4054, 4959, 1835, 2354, 3522, 4901, 1243, 1571, 3332, 652, 2068, 1808, 5156, 1114, 4716, 2121, 5117, 4747, 4593, 451, 3953, 2782, 2461, 5091, 4920, 4668, 3397, 5247, 1260, 297, 2704, 3504, 3203, 2900, 384, 157, 4868, 3488, 5245, 3173, 1647, 3273, 1192, 3908, 38, 3992, 749, 5294, 3848, 860, 2479, 2459, 867, 3218, 4838, 4482, 20, 1521, 1641, 122, 3118, 2063, 2400, 3519, 1063, 2035, 3442, 2890, 1763, 2119, 5400, 1961, 4854, 2292, 2772, 527, 4917, 4955, 2172, 1186, 4006, 1388, 4382, 4717, 2798, 831, 1206, 189, 5149, 4021, 507, 3599, 3197, 5148, 539, 2171, 2575, 1615, 4032, 2592, 5425, 350, 201, 2074, 3364, 3764, 2122, 3738, 1086, 4460, 400, 63, 1662, 286, 291, 693, 3484, 2629, 4674, 2334, 1913, 4762, 2824, 4767, 4750, 4965, 1785, 2069, 583, 1797, 5051, 4848, 2634, 1507, 4085, 5159, 3279, 3927, 4, 550, 5447, 207, 2799, 551, 5144, 2563, 146, 4989, 4400, 2113, 434, 27, 4129, 3768, 3668, 3459, 3091, 1215, 4091, 1681, 2872, 4014, 4194, 779, 4029, 3756, 4760, 2476, 1749, 4658, 4871, 4348, 2757, 646, 1897, 2195, 316, 716, 4208, 5383, 825, 5370, 3078, 3778, 1702, 3984, 3847, 1150, 4300, 649, 4808, 3775, 4935, 3159, 687, 1223, 946, 4538, 4535, 3077, 5359, 780, 477, 2524, 371, 5142, 3611, 62, 1069, 4193, 883, 4130, 4328, 622, 4974, 1436, 4519, 1762, 4238, 3012, 3554, 4026, 3342, 4182, 5410, 1407, 2736, 913, 4045, 182, 1382, 3625, 1351, 3839, 3583, 2938, 46, 829, 5326, 2230, 612, 5021, 3121, 1127, 3006, 1852, 329, 118, 3794, 4081, 72, 1330, 519, 1195, 2017, 1920, 314, 1129, 3544, 1000, 282, 4041, 2857, 324, 2210, 5283, 2272, 4438, 10, 5341, 4447, 5120, 4167, 1047, 742, 4222, 2916, 3377, 2533, 2707, 2819, 42, 3054, 703, 1519, 1891, 1740, 2997, 347, 5190, 3489, 4284, 833, 4467, 2603, 4198, 4987, 4303, 2483, 435, 4121, 2536, 3048, 2561, 4425, 3177, 2774, 5313, 5078, 1804, 2780, 317, 1372, 1842, 2517, 35, 4283, 3692, 794, 4047, 4496, 4319, 1623, 896, 4416, 3383, 2217, 2330, 2026, 2565, 890, 1423, 3773, 2941, 4926, 2977, 256, 2755, 3724, 1697, 3141, 3189, 2520, 402, 1159, 1593, 508, 1536, 2376, 2842, 691, 3596, 2321, 1576, 5411, 2201, 2532, 4138, 4631, 3815, 4657, 2905, 3472, 4518, 4823, 4810, 2892, 4073, 2806, 3715, 31, 2372, 1782, 2133, 1893, 3932, 4602, 3997, 1607, 1238, 4296, 1350, 4498, 4735, 1489, 4877, 845, 1630, 3469, 4143, 4002, 106, 2773, 2881, 287, 2062, 1757, 4230, 1627, 830, 563, 1196, 2460, 5333, 2472, 1067, 1377, 4844, 3515, 4552, 958, 4347, 1170, 1543, 3120, 2239, 28, 4909, 3026, 515, 3293, 1948, 4948, 76, 970, 840, 4011, 2675, 4050, 37, 108, 4651, 3319, 3660, 5160, 4768, 1911, 5345, 23, 4419, 1815, 447, 581, 4426, 893, 2756, 1864, 4418, 4444, 1411, 3446, 3278, 1618, 4786, 3998, 2055, 2795, 4841, 1599, 1044, 2418, 2206, 1394, 3409, 4428, 5301, 5139, 4504, 3974, 4123, 2414, 3527, 4244, 4985, 3310, 3975, 1318, 952, 4822, 3414, 2223, 1506, 627, 3094, 1236, 4642, 2481, 1629, 4509, 4265, 3829, 4149, 3249, 426, 3817, 2571, 3894, 4662, 744, 4561, 1926, 3576, 2655, 1714, 2072, 1559, 3358, 4741, 2526, 2896, 5132, 613, 4331, 1969, 1727, 1293, 871, 5264, 4669, 1505, 1095]",325,750,1,False,750
78,numeric,numeric,5,True,True,True,"{2: 151, 1: 172, 5: 122, 3: 154, 4: 141, 0: 10}","[4097, 1548, 5419, 4731, 3902, 3380, 4432, 3710, 3542, 3991, 4880, 2494, 2930, 1237, 5356, 235, 4127, 3911, 217, 3274, 932, 1468, 2624, 2837, 3687, 1483, 2116, 3691, 4885, 1822, 1115, 1952, 4887, 876, 2002, 4576, 3443, 5286, 2441, 4713, 121, 2388, 292, 5439, 83, 4206, 4866, 1120, 5436, 1558, 1312, 2596, 3921, 1887, 388, 2130, 1360, 1525, 4673, 4770, 3790, 1675, 2897, 556, 4577, 4946, 2628, 1915, 2862, 5186, 4722, 3211, 2127, 2225, 352, 1392, 1877, 2901, 1025, 4799, 1285, 2739, 5107, 4436, 415, 2864, 15, 2351, 4600, 2046, 3401, 650, 3938, 1545, 226, 4522, 992, 5069, 534, 18, 335, 3566, 3064, 2698, 989, 123, 1932, 4178, 3670, 4847, 1514, 2273, 1786, 574, 2856, 3256, 618, 4694, 5405, 4404, 2676, 3762, 5255, 3755, 2485, 5321, 536, 233, 3760, 1837, 4431, 3948, 5252, 3797, 1538, 13, 1387, 1886, 1994, 2954, 4108, 3432, 3881, 4477, 2919, 4613, 5175, 714, 1719, 4590, 3976, 3180, 2250, 2329, 3919, 5171, 3330, 2506, 3126, 3434, 223, 1272, 1304, 2738, 3311, 1290, 3073, 3199, 5388, 1989, 2828, 1431, 2509, 1643, 3373, 2821, 1188, 2859, 1955, 510, 1486, 595, 2764, 2793, 2298, 708, 1768, 5056, 5179, 4869, 2794, 2360, 4895, 1094, 5372, 2311, 2488, 1066, 2618, 429, 571, 2244, 2290, 1380, 2387, 68, 2439, 1878, 3749, 4145, 3746, 4125, 1315, 2150, 4656, 348, 770, 3019, 2275, 587, 315, 4120, 36, 2855, 3651, 2566, 4293, 640, 1490, 4054, 4959, 1835, 2354, 3522, 4901, 1243, 1571, 3332, 652, 2068, 1808, 5156, 1114, 4716, 2121, 5117, 4747, 4593, 451, 3953, 2782, 2461, 5091, 4920, 4668, 3397, 5247, 1260, 297, 2704, 3504, 3203, 2900, 384, 157, 4868, 3488, 5245, 3173, 1647, 3273, 1192, 3908, 38, 3992, 749, 5294, 3848, 860, 2479, 2459, 867, 3218, 4838, 4482, 20, 1521, 1641, 122, 3118, 2063, 2400, 3519, 1063, 2035, 3442, 2890, 1763, 2119, 5400, 1961, 4854, 2292, 2772, 527, 4917, 4955, 2172, 1186, 4006, 1388, 4382, 4717, 2798, 831, 1206, 189, 5149, 4021, 507, 3599, 3197, 5148, 539, 2171, 2575, 1615, 4032, 2592, 5425, 350, 201, 2074, 3364, 3764, 2122, 3738, 1086, 4460, 400, 63, 1662, 286, 291, 693, 3484, 2629, 4674, 2334, 1913, 4762, 2824, 4767, 4750, 4965, 1785, 2069, 583, 1797, 5051, 4848, 2634, 1507, 4085, 5159, 3279, 3927, 4, 550, 5447, 207, 2799, 551, 5144, 2563, 146, 4989, 4400, 2113, 434, 27, 4129, 3768, 3668, 3459, 3091, 1215, 4091, 1681, 2872, 4014, 4194, 779, 4029, 3756, 4760, 2476, 1749, 4658, 4871, 4348, 2757, 646, 1897, 2195, 316, 716, 4208, 5383, 825, 5370, 3078, 3778, 1702, 3984, 3847, 1150, 4300, 649, 4808, 3775, 4935, 3159, 687, 1223, 946, 4538, 4535, 3077, 5359, 780, 477, 2524, 371, 5142, 3611, 62, 1069, 4193, 883, 4130, 4328, 622, 4974, 1436, 4519, 1762, 4238, 3012, 3554, 4026, 3342, 4182, 5410, 1407, 2736, 913, 4045, 182, 1382, 3625, 1351, 3839, 3583, 2938, 46, 829, 5326, 2230, 612, 5021, 3121, 1127, 3006, 1852, 329, 118, 3794, 4081, 72, 1330, 519, 1195, 2017, 1920, 314, 1129, 3544, 1000, 282, 4041, 2857, 324, 2210, 5283, 2272, 4438, 10, 5341, 4447, 5120, 4167, 1047, 742, 4222, 2916, 3377, 2533, 2707, 2819, 42, 3054, 703, 1519, 1891, 1740, 2997, 347, 5190, 3489, 4284, 833, 4467, 2603, 4198, 4987, 4303, 2483, 435, 4121, 2536, 3048, 2561, 4425, 3177, 2774, 5313, 5078, 1804, 2780, 317, 1372, 1842, 2517, 35, 4283, 3692, 794, 4047, 4496, 4319, 1623, 896, 4416, 3383, 2217, 2330, 2026, 2565, 890, 1423, 3773, 2941, 4926, 2977, 256, 2755, 3724, 1697, 3141, 3189, 2520, 402, 1159, 1593, 508, 1536, 2376, 2842, 691, 3596, 2321, 1576, 5411, 2201, 2532, 4138, 4631, 3815, 4657, 2905, 3472, 4518, 4823, 4810, 2892, 4073, 2806, 3715, 31, 2372, 1782, 2133, 1893, 3932, 4602, 3997, 1607, 1238, 4296, 1350, 4498, 4735, 1489, 4877, 845, 1630, 3469, 4143, 4002, 106, 2773, 2881, 287, 2062, 1757, 4230, 1627, 830, 563, 1196, 2460, 5333, 2472, 1067, 1377, 4844, 3515, 4552, 958, 4347, 1170, 1543, 3120, 2239, 28, 4909, 3026, 515, 3293, 1948, 4948, 76, 970, 840, 4011, 2675, 4050, 37, 108, 4651, 3319, 3660, 5160, 4768, 1911, 5345, 23, 4419, 1815, 447, 581, 4426, 893, 2756, 1864, 4418, 4444, 1411, 3446, 3278, 1618, 4786, 3998, 2055, 2795, 4841, 1599, 1044, 2418, 2206, 1394, 3409, 4428, 5301, 5139, 4504, 3974, 4123, 2414, 3527, 4244, 4985, 3310, 3975, 1318, 952, 4822, 3414, 2223, 1506, 627, 3094, 1236, 4642, 2481, 1629, 4509, 4265, 3829, 4149, 3249, 426, 3817, 2571, 3894, 4662, 744, 4561, 1926, 3576, 2655, 1714, 2072, 1559, 3358, 4741, 2526, 2896, 5132, 613, 4331, 1969, 1727, 1293, 871, 5264, 4669, 1505, 1095]",78,750,1,False,750
382,numeric,entity,1,True,False,True,"{2: 151, 1: 172, 5: 122, 3: 154, 4: 141, 0: 10}","[4097, 1548, 5419, 4731, 3902, 3380, 4432, 3710, 3542, 3991, 4880, 2494, 2930, 1237, 5356, 235, 4127, 3911, 217, 3274, 932, 1468, 2624, 2837, 3687, 1483, 2116, 3691, 4885, 1822, 1115, 1952, 4887, 876, 2002, 4576, 3443, 5286, 2441, 4713, 121, 2388, 292, 5439, 83, 4206, 4866, 1120, 5436, 1558, 1312, 2596, 3921, 1887, 388, 2130, 1360, 1525, 4673, 4770, 3790, 1675, 2897, 556, 4577, 4946, 2628, 1915, 2862, 5186, 4722, 3211, 2127, 2225, 352, 1392, 1877, 2901, 1025, 4799, 1285, 2739, 5107, 4436, 415, 2864, 15, 2351, 4600, 2046, 3401, 650, 3938, 1545, 226, 4522, 992, 5069, 534, 18, 335, 3566, 3064, 2698, 989, 123, 1932, 4178, 3670, 4847, 1514, 2273, 1786, 574, 2856, 3256, 618, 4694, 5405, 4404, 2676, 3762, 5255, 3755, 2485, 5321, 536, 233, 3760, 1837, 4431, 3948, 5252, 3797, 1538, 13, 1387, 1886, 1994, 2954, 4108, 3432, 3881, 4477, 2919, 4613, 5175, 714, 1719, 4590, 3976, 3180, 2250, 2329, 3919, 5171, 3330, 2506, 3126, 3434, 223, 1272, 1304, 2738, 3311, 1290, 3073, 3199, 5388, 1989, 2828, 1431, 2509, 1643, 3373, 2821, 1188, 2859, 1955, 510, 1486, 595, 2764, 2793, 2298, 708, 1768, 5056, 5179, 4869, 2794, 2360, 4895, 1094, 5372, 2311, 2488, 1066, 2618, 429, 571, 2244, 2290, 1380, 2387, 68, 2439, 1878, 3749, 4145, 3746, 4125, 1315, 2150, 4656, 348, 770, 3019, 2275, 587, 315, 4120, 36, 2855, 3651, 2566, 4293, 640, 1490, 4054, 4959, 1835, 2354, 3522, 4901, 1243, 1571, 3332, 652, 2068, 1808, 5156, 1114, 4716, 2121, 5117, 4747, 4593, 451, 3953, 2782, 2461, 5091, 4920, 4668, 3397, 5247, 1260, 297, 2704, 3504, 3203, 2900, 384, 157, 4868, 3488, 5245, 3173, 1647, 3273, 1192, 3908, 38, 3992, 749, 5294, 3848, 860, 2479, 2459, 867, 3218, 4838, 4482, 20, 1521, 1641, 122, 3118, 2063, 2400, 3519, 1063, 2035, 3442, 2890, 1763, 2119, 5400, 1961, 4854, 2292, 2772, 527, 4917, 4955, 2172, 1186, 4006, 1388, 4382, 4717, 2798, 831, 1206, 189, 5149, 4021, 507, 3599, 3197, 5148, 539, 2171, 2575, 1615, 4032, 2592, 5425, 350, 201, 2074, 3364, 3764, 2122, 3738, 1086, 4460, 400, 63, 1662, 286, 291, 693, 3484, 2629, 4674, 2334, 1913, 4762, 2824, 4767, 4750, 4965, 1785, 2069, 583, 1797, 5051, 4848, 2634, 1507, 4085, 5159, 3279, 3927, 4, 550, 5447, 207, 2799, 551, 5144, 2563, 146, 4989, 4400, 2113, 434, 27, 4129, 3768, 3668, 3459, 3091, 1215, 4091, 1681, 2872, 4014, 4194, 779, 4029, 3756, 4760, 2476, 1749, 4658, 4871, 4348, 2757, 646, 1897, 2195, 316, 716, 4208, 5383, 825, 5370, 3078, 3778, 1702, 3984, 3847, 1150, 4300, 649, 4808, 3775, 4935, 3159, 687, 1223, 946, 4538, 4535, 3077, 5359, 780, 477, 2524, 371, 5142, 3611, 62, 1069, 4193, 883, 4130, 4328, 622, 4974, 1436, 4519, 1762, 4238, 3012, 3554, 4026, 3342, 4182, 5410, 1407, 2736, 913, 4045, 182, 1382, 3625, 1351, 3839, 3583, 2938, 46, 829, 5326, 2230, 612, 5021, 3121, 1127, 3006, 1852, 329, 118, 3794, 4081, 72, 1330, 519, 1195, 2017, 1920, 314, 1129, 3544, 1000, 282, 4041, 2857, 324, 2210, 5283, 2272, 4438, 10, 5341, 4447, 5120, 4167, 1047, 742, 4222, 2916, 3377, 2533, 2707, 2819, 42, 3054, 703, 1519, 1891, 1740, 2997, 347, 5190, 3489, 4284, 833, 4467, 2603, 4198, 4987, 4303, 2483, 435, 4121, 2536, 3048, 2561, 4425, 3177, 2774, 5313, 5078, 1804, 2780, 317, 1372, 1842, 2517, 35, 4283, 3692, 794, 4047, 4496, 4319, 1623, 896, 4416, 3383, 2217, 2330, 2026, 2565, 890, 1423, 3773, 2941, 4926, 2977, 256, 2755, 3724, 1697, 3141, 3189, 2520, 402, 1159, 1593, 508, 1536, 2376, 2842, 691, 3596, 2321, 1576, 5411, 2201, 2532, 4138, 4631, 3815, 4657, 2905, 3472, 4518, 4823, 4810, 2892, 4073, 2806, 3715, 31, 2372, 1782, 2133, 1893, 3932, 4602, 3997, 1607, 1238, 4296, 1350, 4498, 4735, 1489, 4877, 845, 1630, 3469, 4143, 4002, 106, 2773, 2881, 287, 2062, 1757, 4230, 1627, 830, 563, 1196, 2460, 5333, 2472, 1067, 1377, 4844, 3515, 4552, 958, 4347, 1170, 1543, 3120, 2239, 28, 4909, 3026, 515, 3293, 1948, 4948, 76, 970, 840, 4011, 2675, 4050, 37, 108, 4651, 3319, 3660, 5160, 4768, 1911, 5345, 23, 4419, 1815, 447, 581, 4426, 893, 2756, 1864, 4418, 4444, 1411, 3446, 3278, 1618, 4786, 3998, 2055, 2795, 4841, 1599, 1044, 2418, 2206, 1394, 3409, 4428, 5301, 5139, 4504, 3974, 4123, 2414, 3527, 4244, 4985, 3310, 3975, 1318, 952, 4822, 3414, 2223, 1506, 627, 3094, 1236, 4642, 2481, 1629, 4509, 4265, 3829, 4149, 3249, 426, 3817, 2571, 3894, 4662, 744, 4561, 1926, 3576, 2655, 1714, 2072, 1559, 3358, 4741, 2526, 2896, 5132, 613, 4331, 1969, 1727, 1293, 871, 5264, 4669, 1505, 1095]",382,750,1,False,750
140,description,description,2,True,True,True,"{2: 151, 1: 172, 5: 122, 3: 154, 4: 141, 0: 10}","[4097, 1548, 5419, 4731, 3902, 3380, 4432, 3710, 3542, 3991, 4880, 2494, 2930, 1237, 5356, 235, 4127, 3911, 217, 3274, 932, 1468, 2624, 2837, 3687, 1483, 2116, 3691, 4885, 1822, 1115, 1952, 4887, 876, 2002, 4576, 3443, 5286, 2441, 4713, 121, 2388, 292, 5439, 83, 4206, 4866, 1120, 5436, 1558, 1312, 2596, 3921, 1887, 388, 2130, 1360, 1525, 4673, 4770, 3790, 1675, 2897, 556, 4577, 4946, 2628, 1915, 2862, 5186, 4722, 3211, 2127, 2225, 352, 1392, 1877, 2901, 1025, 4799, 1285, 2739, 5107, 4436, 415, 2864, 15, 2351, 4600, 2046, 3401, 650, 3938, 1545, 226, 4522, 992, 5069, 534, 18, 335, 3566, 3064, 2698, 989, 123, 1932, 4178, 3670, 4847, 1514, 2273, 1786, 574, 2856, 3256, 618, 4694, 5405, 4404, 2676, 3762, 5255, 3755, 2485, 5321, 536, 233, 3760, 1837, 4431, 3948, 5252, 3797, 1538, 13, 1387, 1886, 1994, 2954, 4108, 3432, 3881, 4477, 2919, 4613, 5175, 714, 1719, 4590, 3976, 3180, 2250, 2329, 3919, 5171, 3330, 2506, 3126, 3434, 223, 1272, 1304, 2738, 3311, 1290, 3073, 3199, 5388, 1989, 2828, 1431, 2509, 1643, 3373, 2821, 1188, 2859, 1955, 510, 1486, 595, 2764, 2793, 2298, 708, 1768, 5056, 5179, 4869, 2794, 2360, 4895, 1094, 5372, 2311, 2488, 1066, 2618, 429, 571, 2244, 2290, 1380, 2387, 68, 2439, 1878, 3749, 4145, 3746, 4125, 1315, 2150, 4656, 348, 770, 3019, 2275, 587, 315, 4120, 36, 2855, 3651, 2566, 4293, 640, 1490, 4054, 4959, 1835, 2354, 3522, 4901, 1243, 1571, 3332, 652, 2068, 1808, 5156, 1114, 4716, 2121, 5117, 4747, 4593, 451, 3953, 2782, 2461, 5091, 4920, 4668, 3397, 5247, 1260, 297, 2704, 3504, 3203, 2900, 384, 157, 4868, 3488, 5245, 3173, 1647, 3273, 1192, 3908, 38, 3992, 749, 5294, 3848, 860, 2479, 2459, 867, 3218, 4838, 4482, 20, 1521, 1641, 122, 3118, 2063, 2400, 3519, 1063, 2035, 3442, 2890, 1763, 2119, 5400, 1961, 4854, 2292, 2772, 527, 4917, 4955, 2172, 1186, 4006, 1388, 4382, 4717, 2798, 831, 1206, 189, 5149, 4021, 507, 3599, 3197, 5148, 539, 2171, 2575, 1615, 4032, 2592, 5425, 350, 201, 2074, 3364, 3764, 2122, 3738, 1086, 4460, 400, 63, 1662, 286, 291, 693, 3484, 2629, 4674, 2334, 1913, 4762, 2824, 4767, 4750, 4965, 1785, 2069, 583, 1797, 5051, 4848, 2634, 1507, 4085, 5159, 3279, 3927, 4, 550, 5447, 207, 2799, 551, 5144, 2563, 146, 4989, 4400, 2113, 434, 27, 4129, 3768, 3668, 3459, 3091, 1215, 4091, 1681, 2872, 4014, 4194, 779, 4029, 3756, 4760, 2476, 1749, 4658, 4871, 4348, 2757, 646, 1897, 2195, 316, 716, 4208, 5383, 825, 5370, 3078, 3778, 1702, 3984, 3847, 1150, 4300, 649, 4808, 3775, 4935, 3159, 687, 1223, 946, 4538, 4535, 3077, 5359, 780, 477, 2524, 371, 5142, 3611, 62, 1069, 4193, 883, 4130, 4328, 622, 4974, 1436, 4519, 1762, 4238, 3012, 3554, 4026, 3342, 4182, 5410, 1407, 2736, 913, 4045, 182, 1382, 3625, 1351, 3839, 3583, 2938, 46, 829, 5326, 2230, 612, 5021, 3121, 1127, 3006, 1852, 329, 118, 3794, 4081, 72, 1330, 519, 1195, 2017, 1920, 314, 1129, 3544, 1000, 282, 4041, 2857, 324, 2210, 5283, 2272, 4438, 10, 5341, 4447, 5120, 4167, 1047, 742, 4222, 2916, 3377, 2533, 2707, 2819, 42, 3054, 703, 1519, 1891, 1740, 2997, 347, 5190, 3489, 4284, 833, 4467, 2603, 4198, 4987, 4303, 2483, 435, 4121, 2536, 3048, 2561, 4425, 3177, 2774, 5313, 5078, 1804, 2780, 317, 1372, 1842, 2517, 35, 4283, 3692, 794, 4047, 4496, 4319, 1623, 896, 4416, 3383, 2217, 2330, 2026, 2565, 890, 1423, 3773, 2941, 4926, 2977, 256, 2755, 3724, 1697, 3141, 3189, 2520, 402, 1159, 1593, 508, 1536, 2376, 2842, 691, 3596, 2321, 1576, 5411, 2201, 2532, 4138, 4631, 3815, 4657, 2905, 3472, 4518, 4823, 4810, 2892, 4073, 2806, 3715, 31, 2372, 1782, 2133, 1893, 3932, 4602, 3997, 1607, 1238, 4296, 1350, 4498, 4735, 1489, 4877, 845, 1630, 3469, 4143, 4002, 106, 2773, 2881, 287, 2062, 1757, 4230, 1627, 830, 563, 1196, 2460, 5333, 2472, 1067, 1377, 4844, 3515, 4552, 958, 4347, 1170, 1543, 3120, 2239, 28, 4909, 3026, 515, 3293, 1948, 4948, 76, 970, 840, 4011, 2675, 4050, 37, 108, 4651, 3319, 3660, 5160, 4768, 1911, 5345, 23, 4419, 1815, 447, 581, 4426, 893, 2756, 1864, 4418, 4444, 1411, 3446, 3278, 1618, 4786, 3998, 2055, 2795, 4841, 1599, 1044, 2418, 2206, 1394, 3409, 4428, 5301, 5139, 4504, 3974, 4123, 2414, 3527, 4244, 4985, 3310, 3975, 1318, 952, 4822, 3414, 2223, 1506, 627, 3094, 1236, 4642, 2481, 1629, 4509, 4265, 3829, 4149, 3249, 426, 3817, 2571, 3894, 4662, 744, 4561, 1926, 3576, 2655, 1714, 2072, 1559, 3358, 4741, 2526, 2896, 5132, 613, 4331, 1969, 1727, 1293, 871, 5264, 4669, 1505, 1095]",140,750,1,False,750
444,human,human,3,True,True,True,"{2: 151, 1: 172, 5: 122, 3: 154, 4: 141, 0: 10}","[4097, 1548, 5419, 4731, 3902, 3380, 4432, 3710, 3542, 3991, 4880, 2494, 2930, 1237, 5356, 235, 4127, 3911, 217, 3274, 932, 1468, 2624, 2837, 3687, 1483, 2116, 3691, 4885, 1822, 1115, 1952, 4887, 876, 2002, 4576, 3443, 5286, 2441, 4713, 121, 2388, 292, 5439, 83, 4206, 4866, 1120, 5436, 1558, 1312, 2596, 3921, 1887, 388, 2130, 1360, 1525, 4673, 4770, 3790, 1675, 2897, 556, 4577, 4946, 2628, 1915, 2862, 5186, 4722, 3211, 2127, 2225, 352, 1392, 1877, 2901, 1025, 4799, 1285, 2739, 5107, 4436, 415, 2864, 15, 2351, 4600, 2046, 3401, 650, 3938, 1545, 226, 4522, 992, 5069, 534, 18, 335, 3566, 3064, 2698, 989, 123, 1932, 4178, 3670, 4847, 1514, 2273, 1786, 574, 2856, 3256, 618, 4694, 5405, 4404, 2676, 3762, 5255, 3755, 2485, 5321, 536, 233, 3760, 1837, 4431, 3948, 5252, 3797, 1538, 13, 1387, 1886, 1994, 2954, 4108, 3432, 3881, 4477, 2919, 4613, 5175, 714, 1719, 4590, 3976, 3180, 2250, 2329, 3919, 5171, 3330, 2506, 3126, 3434, 223, 1272, 1304, 2738, 3311, 1290, 3073, 3199, 5388, 1989, 2828, 1431, 2509, 1643, 3373, 2821, 1188, 2859, 1955, 510, 1486, 595, 2764, 2793, 2298, 708, 1768, 5056, 5179, 4869, 2794, 2360, 4895, 1094, 5372, 2311, 2488, 1066, 2618, 429, 571, 2244, 2290, 1380, 2387, 68, 2439, 1878, 3749, 4145, 3746, 4125, 1315, 2150, 4656, 348, 770, 3019, 2275, 587, 315, 4120, 36, 2855, 3651, 2566, 4293, 640, 1490, 4054, 4959, 1835, 2354, 3522, 4901, 1243, 1571, 3332, 652, 2068, 1808, 5156, 1114, 4716, 2121, 5117, 4747, 4593, 451, 3953, 2782, 2461, 5091, 4920, 4668, 3397, 5247, 1260, 297, 2704, 3504, 3203, 2900, 384, 157, 4868, 3488, 5245, 3173, 1647, 3273, 1192, 3908, 38, 3992, 749, 5294, 3848, 860, 2479, 2459, 867, 3218, 4838, 4482, 20, 1521, 1641, 122, 3118, 2063, 2400, 3519, 1063, 2035, 3442, 2890, 1763, 2119, 5400, 1961, 4854, 2292, 2772, 527, 4917, 4955, 2172, 1186, 4006, 1388, 4382, 4717, 2798, 831, 1206, 189, 5149, 4021, 507, 3599, 3197, 5148, 539, 2171, 2575, 1615, 4032, 2592, 5425, 350, 201, 2074, 3364, 3764, 2122, 3738, 1086, 4460, 400, 63, 1662, 286, 291, 693, 3484, 2629, 4674, 2334, 1913, 4762, 2824, 4767, 4750, 4965, 1785, 2069, 583, 1797, 5051, 4848, 2634, 1507, 4085, 5159, 3279, 3927, 4, 550, 5447, 207, 2799, 551, 5144, 2563, 146, 4989, 4400, 2113, 434, 27, 4129, 3768, 3668, 3459, 3091, 1215, 4091, 1681, 2872, 4014, 4194, 779, 4029, 3756, 4760, 2476, 1749, 4658, 4871, 4348, 2757, 646, 1897, 2195, 316, 716, 4208, 5383, 825, 5370, 3078, 3778, 1702, 3984, 3847, 1150, 4300, 649, 4808, 3775, 4935, 3159, 687, 1223, 946, 4538, 4535, 3077, 5359, 780, 477, 2524, 371, 5142, 3611, 62, 1069, 4193, 883, 4130, 4328, 622, 4974, 1436, 4519, 1762, 4238, 3012, 3554, 4026, 3342, 4182, 5410, 1407, 2736, 913, 4045, 182, 1382, 3625, 1351, 3839, 3583, 2938, 46, 829, 5326, 2230, 612, 5021, 3121, 1127, 3006, 1852, 329, 118, 3794, 4081, 72, 1330, 519, 1195, 2017, 1920, 314, 1129, 3544, 1000, 282, 4041, 2857, 324, 2210, 5283, 2272, 4438, 10, 5341, 4447, 5120, 4167, 1047, 742, 4222, 2916, 3377, 2533, 2707, 2819, 42, 3054, 703, 1519, 1891, 1740, 2997, 347, 5190, 3489, 4284, 833, 4467, 2603, 4198, 4987, 4303, 2483, 435, 4121, 2536, 3048, 2561, 4425, 3177, 2774, 5313, 5078, 1804, 2780, 317, 1372, 1842, 2517, 35, 4283, 3692, 794, 4047, 4496, 4319, 1623, 896, 4416, 3383, 2217, 2330, 2026, 2565, 890, 1423, 3773, 2941, 4926, 2977, 256, 2755, 3724, 1697, 3141, 3189, 2520, 402, 1159, 1593, 508, 1536, 2376, 2842, 691, 3596, 2321, 1576, 5411, 2201, 2532, 4138, 4631, 3815, 4657, 2905, 3472, 4518, 4823, 4810, 2892, 4073, 2806, 3715, 31, 2372, 1782, 2133, 1893, 3932, 4602, 3997, 1607, 1238, 4296, 1350, 4498, 4735, 1489, 4877, 845, 1630, 3469, 4143, 4002, 106, 2773, 2881, 287, 2062, 1757, 4230, 1627, 830, 563, 1196, 2460, 5333, 2472, 1067, 1377, 4844, 3515, 4552, 958, 4347, 1170, 1543, 3120, 2239, 28, 4909, 3026, 515, 3293, 1948, 4948, 76, 970, 840, 4011, 2675, 4050, 37, 108, 4651, 3319, 3660, 5160, 4768, 1911, 5345, 23, 4419, 1815, 447, 581, 4426, 893, 2756, 1864, 4418, 4444, 1411, 3446, 3278, 1618, 4786, 3998, 2055, 2795, 4841, 1599, 1044, 2418, 2206, 1394, 3409, 4428, 5301, 5139, 4504, 3974, 4123, 2414, 3527, 4244, 4985, 3310, 3975, 1318, 952, 4822, 3414, 2223, 1506, 627, 3094, 1236, 4642, 2481, 1629, 4509, 4265, 3829, 4149, 3249, 426, 3817, 2571, 3894, 4662, 744, 4561, 1926, 3576, 2655, 1714, 2072, 1559, 3358, 4741, 2526, 2896, 5132, 613, 4331, 1969, 1727, 1293, 871, 5264, 4669, 1505, 1095]",444,750,1,False,750
45,numeric,entity,1,True,False,True,"{2: 151, 1: 172, 5: 122, 3: 154, 4: 141, 0: 10}","[4097, 1548, 5419, 4731, 3902, 3380, 4432, 3710, 3542, 3991, 4880, 2494, 2930, 1237, 5356, 235, 4127, 3911, 217, 3274, 932, 1468, 2624, 2837, 3687, 1483, 2116, 3691, 4885, 1822, 1115, 1952, 4887, 876, 2002, 4576, 3443, 5286, 2441, 4713, 121, 2388, 292, 5439, 83, 4206, 4866, 1120, 5436, 1558, 1312, 2596, 3921, 1887, 388, 2130, 1360, 1525, 4673, 4770, 3790, 1675, 2897, 556, 4577, 4946, 2628, 1915, 2862, 5186, 4722, 3211, 2127, 2225, 352, 1392, 1877, 2901, 1025, 4799, 1285, 2739, 5107, 4436, 415, 2864, 15, 2351, 4600, 2046, 3401, 650, 3938, 1545, 226, 4522, 992, 5069, 534, 18, 335, 3566, 3064, 2698, 989, 123, 1932, 4178, 3670, 4847, 1514, 2273, 1786, 574, 2856, 3256, 618, 4694, 5405, 4404, 2676, 3762, 5255, 3755, 2485, 5321, 536, 233, 3760, 1837, 4431, 3948, 5252, 3797, 1538, 13, 1387, 1886, 1994, 2954, 4108, 3432, 3881, 4477, 2919, 4613, 5175, 714, 1719, 4590, 3976, 3180, 2250, 2329, 3919, 5171, 3330, 2506, 3126, 3434, 223, 1272, 1304, 2738, 3311, 1290, 3073, 3199, 5388, 1989, 2828, 1431, 2509, 1643, 3373, 2821, 1188, 2859, 1955, 510, 1486, 595, 2764, 2793, 2298, 708, 1768, 5056, 5179, 4869, 2794, 2360, 4895, 1094, 5372, 2311, 2488, 1066, 2618, 429, 571, 2244, 2290, 1380, 2387, 68, 2439, 1878, 3749, 4145, 3746, 4125, 1315, 2150, 4656, 348, 770, 3019, 2275, 587, 315, 4120, 36, 2855, 3651, 2566, 4293, 640, 1490, 4054, 4959, 1835, 2354, 3522, 4901, 1243, 1571, 3332, 652, 2068, 1808, 5156, 1114, 4716, 2121, 5117, 4747, 4593, 451, 3953, 2782, 2461, 5091, 4920, 4668, 3397, 5247, 1260, 297, 2704, 3504, 3203, 2900, 384, 157, 4868, 3488, 5245, 3173, 1647, 3273, 1192, 3908, 38, 3992, 749, 5294, 3848, 860, 2479, 2459, 867, 3218, 4838, 4482, 20, 1521, 1641, 122, 3118, 2063, 2400, 3519, 1063, 2035, 3442, 2890, 1763, 2119, 5400, 1961, 4854, 2292, 2772, 527, 4917, 4955, 2172, 1186, 4006, 1388, 4382, 4717, 2798, 831, 1206, 189, 5149, 4021, 507, 3599, 3197, 5148, 539, 2171, 2575, 1615, 4032, 2592, 5425, 350, 201, 2074, 3364, 3764, 2122, 3738, 1086, 4460, 400, 63, 1662, 286, 291, 693, 3484, 2629, 4674, 2334, 1913, 4762, 2824, 4767, 4750, 4965, 1785, 2069, 583, 1797, 5051, 4848, 2634, 1507, 4085, 5159, 3279, 3927, 4, 550, 5447, 207, 2799, 551, 5144, 2563, 146, 4989, 4400, 2113, 434, 27, 4129, 3768, 3668, 3459, 3091, 1215, 4091, 1681, 2872, 4014, 4194, 779, 4029, 3756, 4760, 2476, 1749, 4658, 4871, 4348, 2757, 646, 1897, 2195, 316, 716, 4208, 5383, 825, 5370, 3078, 3778, 1702, 3984, 3847, 1150, 4300, 649, 4808, 3775, 4935, 3159, 687, 1223, 946, 4538, 4535, 3077, 5359, 780, 477, 2524, 371, 5142, 3611, 62, 1069, 4193, 883, 4130, 4328, 622, 4974, 1436, 4519, 1762, 4238, 3012, 3554, 4026, 3342, 4182, 5410, 1407, 2736, 913, 4045, 182, 1382, 3625, 1351, 3839, 3583, 2938, 46, 829, 5326, 2230, 612, 5021, 3121, 1127, 3006, 1852, 329, 118, 3794, 4081, 72, 1330, 519, 1195, 2017, 1920, 314, 1129, 3544, 1000, 282, 4041, 2857, 324, 2210, 5283, 2272, 4438, 10, 5341, 4447, 5120, 4167, 1047, 742, 4222, 2916, 3377, 2533, 2707, 2819, 42, 3054, 703, 1519, 1891, 1740, 2997, 347, 5190, 3489, 4284, 833, 4467, 2603, 4198, 4987, 4303, 2483, 435, 4121, 2536, 3048, 2561, 4425, 3177, 2774, 5313, 5078, 1804, 2780, 317, 1372, 1842, 2517, 35, 4283, 3692, 794, 4047, 4496, 4319, 1623, 896, 4416, 3383, 2217, 2330, 2026, 2565, 890, 1423, 3773, 2941, 4926, 2977, 256, 2755, 3724, 1697, 3141, 3189, 2520, 402, 1159, 1593, 508, 1536, 2376, 2842, 691, 3596, 2321, 1576, 5411, 2201, 2532, 4138, 4631, 3815, 4657, 2905, 3472, 4518, 4823, 4810, 2892, 4073, 2806, 3715, 31, 2372, 1782, 2133, 1893, 3932, 4602, 3997, 1607, 1238, 4296, 1350, 4498, 4735, 1489, 4877, 845, 1630, 3469, 4143, 4002, 106, 2773, 2881, 287, 2062, 1757, 4230, 1627, 830, 563, 1196, 2460, 5333, 2472, 1067, 1377, 4844, 3515, 4552, 958, 4347, 1170, 1543, 3120, 2239, 28, 4909, 3026, 515, 3293, 1948, 4948, 76, 970, 840, 4011, 2675, 4050, 37, 108, 4651, 3319, 3660, 5160, 4768, 1911, 5345, 23, 4419, 1815, 447, 581, 4426, 893, 2756, 1864, 4418, 4444, 1411, 3446, 3278, 1618, 4786, 3998, 2055, 2795, 4841, 1599, 1044, 2418, 2206, 1394, 3409, 4428, 5301, 5139, 4504, 3974, 4123, 2414, 3527, 4244, 4985, 3310, 3975, 1318, 952, 4822, 3414, 2223, 1506, 627, 3094, 1236, 4642, 2481, 1629, 4509, 4265, 3829, 4149, 3249, 426, 3817, 2571, 3894, 4662, 744, 4561, 1926, 3576, 2655, 1714, 2072, 1559, 3358, 4741, 2526, 2896, 5132, 613, 4331, 1969, 1727, 1293, 871, 5264, 4669, 1505, 1095]",45,750,1,False,750
94,numeric,human,3,True,False,True,"{2: 151, 1: 172, 5: 122, 3: 154, 4: 141, 0: 10}","[4097, 1548, 5419, 4731, 3902, 3380, 4432, 3710, 3542, 3991, 4880, 2494, 2930, 1237, 5356, 235, 4127, 3911, 217, 3274, 932, 1468, 2624, 2837, 3687, 1483, 2116, 3691, 4885, 1822, 1115, 1952, 4887, 876, 2002, 4576, 3443, 5286, 2441, 4713, 121, 2388, 292, 5439, 83, 4206, 4866, 1120, 5436, 1558, 1312, 2596, 3921, 1887, 388, 2130, 1360, 1525, 4673, 4770, 3790, 1675, 2897, 556, 4577, 4946, 2628, 1915, 2862, 5186, 4722, 3211, 2127, 2225, 352, 1392, 1877, 2901, 1025, 4799, 1285, 2739, 5107, 4436, 415, 2864, 15, 2351, 4600, 2046, 3401, 650, 3938, 1545, 226, 4522, 992, 5069, 534, 18, 335, 3566, 3064, 2698, 989, 123, 1932, 4178, 3670, 4847, 1514, 2273, 1786, 574, 2856, 3256, 618, 4694, 5405, 4404, 2676, 3762, 5255, 3755, 2485, 5321, 536, 233, 3760, 1837, 4431, 3948, 5252, 3797, 1538, 13, 1387, 1886, 1994, 2954, 4108, 3432, 3881, 4477, 2919, 4613, 5175, 714, 1719, 4590, 3976, 3180, 2250, 2329, 3919, 5171, 3330, 2506, 3126, 3434, 223, 1272, 1304, 2738, 3311, 1290, 3073, 3199, 5388, 1989, 2828, 1431, 2509, 1643, 3373, 2821, 1188, 2859, 1955, 510, 1486, 595, 2764, 2793, 2298, 708, 1768, 5056, 5179, 4869, 2794, 2360, 4895, 1094, 5372, 2311, 2488, 1066, 2618, 429, 571, 2244, 2290, 1380, 2387, 68, 2439, 1878, 3749, 4145, 3746, 4125, 1315, 2150, 4656, 348, 770, 3019, 2275, 587, 315, 4120, 36, 2855, 3651, 2566, 4293, 640, 1490, 4054, 4959, 1835, 2354, 3522, 4901, 1243, 1571, 3332, 652, 2068, 1808, 5156, 1114, 4716, 2121, 5117, 4747, 4593, 451, 3953, 2782, 2461, 5091, 4920, 4668, 3397, 5247, 1260, 297, 2704, 3504, 3203, 2900, 384, 157, 4868, 3488, 5245, 3173, 1647, 3273, 1192, 3908, 38, 3992, 749, 5294, 3848, 860, 2479, 2459, 867, 3218, 4838, 4482, 20, 1521, 1641, 122, 3118, 2063, 2400, 3519, 1063, 2035, 3442, 2890, 1763, 2119, 5400, 1961, 4854, 2292, 2772, 527, 4917, 4955, 2172, 1186, 4006, 1388, 4382, 4717, 2798, 831, 1206, 189, 5149, 4021, 507, 3599, 3197, 5148, 539, 2171, 2575, 1615, 4032, 2592, 5425, 350, 201, 2074, 3364, 3764, 2122, 3738, 1086, 4460, 400, 63, 1662, 286, 291, 693, 3484, 2629, 4674, 2334, 1913, 4762, 2824, 4767, 4750, 4965, 1785, 2069, 583, 1797, 5051, 4848, 2634, 1507, 4085, 5159, 3279, 3927, 4, 550, 5447, 207, 2799, 551, 5144, 2563, 146, 4989, 4400, 2113, 434, 27, 4129, 3768, 3668, 3459, 3091, 1215, 4091, 1681, 2872, 4014, 4194, 779, 4029, 3756, 4760, 2476, 1749, 4658, 4871, 4348, 2757, 646, 1897, 2195, 316, 716, 4208, 5383, 825, 5370, 3078, 3778, 1702, 3984, 3847, 1150, 4300, 649, 4808, 3775, 4935, 3159, 687, 1223, 946, 4538, 4535, 3077, 5359, 780, 477, 2524, 371, 5142, 3611, 62, 1069, 4193, 883, 4130, 4328, 622, 4974, 1436, 4519, 1762, 4238, 3012, 3554, 4026, 3342, 4182, 5410, 1407, 2736, 913, 4045, 182, 1382, 3625, 1351, 3839, 3583, 2938, 46, 829, 5326, 2230, 612, 5021, 3121, 1127, 3006, 1852, 329, 118, 3794, 4081, 72, 1330, 519, 1195, 2017, 1920, 314, 1129, 3544, 1000, 282, 4041, 2857, 324, 2210, 5283, 2272, 4438, 10, 5341, 4447, 5120, 4167, 1047, 742, 4222, 2916, 3377, 2533, 2707, 2819, 42, 3054, 703, 1519, 1891, 1740, 2997, 347, 5190, 3489, 4284, 833, 4467, 2603, 4198, 4987, 4303, 2483, 435, 4121, 2536, 3048, 2561, 4425, 3177, 2774, 5313, 5078, 1804, 2780, 317, 1372, 1842, 2517, 35, 4283, 3692, 794, 4047, 4496, 4319, 1623, 896, 4416, 3383, 2217, 2330, 2026, 2565, 890, 1423, 3773, 2941, 4926, 2977, 256, 2755, 3724, 1697, 3141, 3189, 2520, 402, 1159, 1593, 508, 1536, 2376, 2842, 691, 3596, 2321, 1576, 5411, 2201, 2532, 4138, 4631, 3815, 4657, 2905, 3472, 4518, 4823, 4810, 2892, 4073, 2806, 3715, 31, 2372, 1782, 2133, 1893, 3932, 4602, 3997, 1607, 1238, 4296, 1350, 4498, 4735, 1489, 4877, 845, 1630, 3469, 4143, 4002, 106, 2773, 2881, 287, 2062, 1757, 4230, 1627, 830, 563, 1196, 2460, 5333, 2472, 1067, 1377, 4844, 3515, 4552, 958, 4347, 1170, 1543, 3120, 2239, 28, 4909, 3026, 515, 3293, 1948, 4948, 76, 970, 840, 4011, 2675, 4050, 37, 108, 4651, 3319, 3660, 5160, 4768, 1911, 5345, 23, 4419, 1815, 447, 581, 4426, 893, 2756, 1864, 4418, 4444, 1411, 3446, 3278, 1618, 4786, 3998, 2055, 2795, 4841, 1599, 1044, 2418, 2206, 1394, 3409, 4428, 5301, 5139, 4504, 3974, 4123, 2414, 3527, 4244, 4985, 3310, 3975, 1318, 952, 4822, 3414, 2223, 1506, 627, 3094, 1236, 4642, 2481, 1629, 4509, 4265, 3829, 4149, 3249, 426, 3817, 2571, 3894, 4662, 744, 4561, 1926, 3576, 2655, 1714, 2072, 1559, 3358, 4741, 2526, 2896, 5132, 613, 4331, 1969, 1727, 1293, 871, 5264, 4669, 1505, 1095]",94,750,1,False,750
300,abbreviation,abbre,0,True,True,False,"{2: 151, 1: 172, 5: 122, 3: 154, 4: 141, 0: 10}","[4097, 1548, 5419, 4731, 3902, 3380, 4432, 3710, 3542, 3991, 4880, 2494, 2930, 1237, 5356, 235, 4127, 3911, 217, 3274, 932, 1468, 2624, 2837, 3687, 1483, 2116, 3691, 4885, 1822, 1115, 1952, 4887, 876, 2002, 4576, 3443, 5286, 2441, 4713, 121, 2388, 292, 5439, 83, 4206, 4866, 1120, 5436, 1558, 1312, 2596, 3921, 1887, 388, 2130, 1360, 1525, 4673, 4770, 3790, 1675, 2897, 556, 4577, 4946, 2628, 1915, 2862, 5186, 4722, 3211, 2127, 2225, 352, 1392, 1877, 2901, 1025, 4799, 1285, 2739, 5107, 4436, 415, 2864, 15, 2351, 4600, 2046, 3401, 650, 3938, 1545, 226, 4522, 992, 5069, 534, 18, 335, 3566, 3064, 2698, 989, 123, 1932, 4178, 3670, 4847, 1514, 2273, 1786, 574, 2856, 3256, 618, 4694, 5405, 4404, 2676, 3762, 5255, 3755, 2485, 5321, 536, 233, 3760, 1837, 4431, 3948, 5252, 3797, 1538, 13, 1387, 1886, 1994, 2954, 4108, 3432, 3881, 4477, 2919, 4613, 5175, 714, 1719, 4590, 3976, 3180, 2250, 2329, 3919, 5171, 3330, 2506, 3126, 3434, 223, 1272, 1304, 2738, 3311, 1290, 3073, 3199, 5388, 1989, 2828, 1431, 2509, 1643, 3373, 2821, 1188, 2859, 1955, 510, 1486, 595, 2764, 2793, 2298, 708, 1768, 5056, 5179, 4869, 2794, 2360, 4895, 1094, 5372, 2311, 2488, 1066, 2618, 429, 571, 2244, 2290, 1380, 2387, 68, 2439, 1878, 3749, 4145, 3746, 4125, 1315, 2150, 4656, 348, 770, 3019, 2275, 587, 315, 4120, 36, 2855, 3651, 2566, 4293, 640, 1490, 4054, 4959, 1835, 2354, 3522, 4901, 1243, 1571, 3332, 652, 2068, 1808, 5156, 1114, 4716, 2121, 5117, 4747, 4593, 451, 3953, 2782, 2461, 5091, 4920, 4668, 3397, 5247, 1260, 297, 2704, 3504, 3203, 2900, 384, 157, 4868, 3488, 5245, 3173, 1647, 3273, 1192, 3908, 38, 3992, 749, 5294, 3848, 860, 2479, 2459, 867, 3218, 4838, 4482, 20, 1521, 1641, 122, 3118, 2063, 2400, 3519, 1063, 2035, 3442, 2890, 1763, 2119, 5400, 1961, 4854, 2292, 2772, 527, 4917, 4955, 2172, 1186, 4006, 1388, 4382, 4717, 2798, 831, 1206, 189, 5149, 4021, 507, 3599, 3197, 5148, 539, 2171, 2575, 1615, 4032, 2592, 5425, 350, 201, 2074, 3364, 3764, 2122, 3738, 1086, 4460, 400, 63, 1662, 286, 291, 693, 3484, 2629, 4674, 2334, 1913, 4762, 2824, 4767, 4750, 4965, 1785, 2069, 583, 1797, 5051, 4848, 2634, 1507, 4085, 5159, 3279, 3927, 4, 550, 5447, 207, 2799, 551, 5144, 2563, 146, 4989, 4400, 2113, 434, 27, 4129, 3768, 3668, 3459, 3091, 1215, 4091, 1681, 2872, 4014, 4194, 779, 4029, 3756, 4760, 2476, 1749, 4658, 4871, 4348, 2757, 646, 1897, 2195, 316, 716, 4208, 5383, 825, 5370, 3078, 3778, 1702, 3984, 3847, 1150, 4300, 649, 4808, 3775, 4935, 3159, 687, 1223, 946, 4538, 4535, 3077, 5359, 780, 477, 2524, 371, 5142, 3611, 62, 1069, 4193, 883, 4130, 4328, 622, 4974, 1436, 4519, 1762, 4238, 3012, 3554, 4026, 3342, 4182, 5410, 1407, 2736, 913, 4045, 182, 1382, 3625, 1351, 3839, 3583, 2938, 46, 829, 5326, 2230, 612, 5021, 3121, 1127, 3006, 1852, 329, 118, 3794, 4081, 72, 1330, 519, 1195, 2017, 1920, 314, 1129, 3544, 1000, 282, 4041, 2857, 324, 2210, 5283, 2272, 4438, 10, 5341, 4447, 5120, 4167, 1047, 742, 4222, 2916, 3377, 2533, 2707, 2819, 42, 3054, 703, 1519, 1891, 1740, 2997, 347, 5190, 3489, 4284, 833, 4467, 2603, 4198, 4987, 4303, 2483, 435, 4121, 2536, 3048, 2561, 4425, 3177, 2774, 5313, 5078, 1804, 2780, 317, 1372, 1842, 2517, 35, 4283, 3692, 794, 4047, 4496, 4319, 1623, 896, 4416, 3383, 2217, 2330, 2026, 2565, 890, 1423, 3773, 2941, 4926, 2977, 256, 2755, 3724, 1697, 3141, 3189, 2520, 402, 1159, 1593, 508, 1536, 2376, 2842, 691, 3596, 2321, 1576, 5411, 2201, 2532, 4138, 4631, 3815, 4657, 2905, 3472, 4518, 4823, 4810, 2892, 4073, 2806, 3715, 31, 2372, 1782, 2133, 1893, 3932, 4602, 3997, 1607, 1238, 4296, 1350, 4498, 4735, 1489, 4877, 845, 1630, 3469, 4143, 4002, 106, 2773, 2881, 287, 2062, 1757, 4230, 1627, 830, 563, 1196, 2460, 5333, 2472, 1067, 1377, 4844, 3515, 4552, 958, 4347, 1170, 1543, 3120, 2239, 28, 4909, 3026, 515, 3293, 1948, 4948, 76, 970, 840, 4011, 2675, 4050, 37, 108, 4651, 3319, 3660, 5160, 4768, 1911, 5345, 23, 4419, 1815, 447, 581, 4426, 893, 2756, 1864, 4418, 4444, 1411, 3446, 3278, 1618, 4786, 3998, 2055, 2795, 4841, 1599, 1044, 2418, 2206, 1394, 3409, 4428, 5301, 5139, 4504, 3974, 4123, 2414, 3527, 4244, 4985, 3310, 3975, 1318, 952, 4822, 3414, 2223, 1506, 627, 3094, 1236, 4642, 2481, 1629, 4509, 4265, 3829, 4149, 3249, 426, 3817, 2571, 3894, 4662, 744, 4561, 1926, 3576, 2655, 1714, 2072, 1559, 3358, 4741, 2526, 2896, 5132, 613, 4331, 1969, 1727, 1293, 871, 5264, 4669, 1505, 1095]",300,750,1,False,750
344,numeric,numeric,5,True,True,True,"{2: 151, 1: 172, 5: 122, 3: 154, 4: 141, 0: 10}","[4097, 1548, 5419, 4731, 3902, 3380, 4432, 3710, 3542, 3991, 4880, 2494, 2930, 1237, 5356, 235, 4127, 3911, 217, 3274, 932, 1468, 2624, 2837, 3687, 1483, 2116, 3691, 4885, 1822, 1115, 1952, 4887, 876, 2002, 4576, 3443, 5286, 2441, 4713, 121, 2388, 292, 5439, 83, 4206, 4866, 1120, 5436, 1558, 1312, 2596, 3921, 1887, 388, 2130, 1360, 1525, 4673, 4770, 3790, 1675, 2897, 556, 4577, 4946, 2628, 1915, 2862, 5186, 4722, 3211, 2127, 2225, 352, 1392, 1877, 2901, 1025, 4799, 1285, 2739, 5107, 4436, 415, 2864, 15, 2351, 4600, 2046, 3401, 650, 3938, 1545, 226, 4522, 992, 5069, 534, 18, 335, 3566, 3064, 2698, 989, 123, 1932, 4178, 3670, 4847, 1514, 2273, 1786, 574, 2856, 3256, 618, 4694, 5405, 4404, 2676, 3762, 5255, 3755, 2485, 5321, 536, 233, 3760, 1837, 4431, 3948, 5252, 3797, 1538, 13, 1387, 1886, 1994, 2954, 4108, 3432, 3881, 4477, 2919, 4613, 5175, 714, 1719, 4590, 3976, 3180, 2250, 2329, 3919, 5171, 3330, 2506, 3126, 3434, 223, 1272, 1304, 2738, 3311, 1290, 3073, 3199, 5388, 1989, 2828, 1431, 2509, 1643, 3373, 2821, 1188, 2859, 1955, 510, 1486, 595, 2764, 2793, 2298, 708, 1768, 5056, 5179, 4869, 2794, 2360, 4895, 1094, 5372, 2311, 2488, 1066, 2618, 429, 571, 2244, 2290, 1380, 2387, 68, 2439, 1878, 3749, 4145, 3746, 4125, 1315, 2150, 4656, 348, 770, 3019, 2275, 587, 315, 4120, 36, 2855, 3651, 2566, 4293, 640, 1490, 4054, 4959, 1835, 2354, 3522, 4901, 1243, 1571, 3332, 652, 2068, 1808, 5156, 1114, 4716, 2121, 5117, 4747, 4593, 451, 3953, 2782, 2461, 5091, 4920, 4668, 3397, 5247, 1260, 297, 2704, 3504, 3203, 2900, 384, 157, 4868, 3488, 5245, 3173, 1647, 3273, 1192, 3908, 38, 3992, 749, 5294, 3848, 860, 2479, 2459, 867, 3218, 4838, 4482, 20, 1521, 1641, 122, 3118, 2063, 2400, 3519, 1063, 2035, 3442, 2890, 1763, 2119, 5400, 1961, 4854, 2292, 2772, 527, 4917, 4955, 2172, 1186, 4006, 1388, 4382, 4717, 2798, 831, 1206, 189, 5149, 4021, 507, 3599, 3197, 5148, 539, 2171, 2575, 1615, 4032, 2592, 5425, 350, 201, 2074, 3364, 3764, 2122, 3738, 1086, 4460, 400, 63, 1662, 286, 291, 693, 3484, 2629, 4674, 2334, 1913, 4762, 2824, 4767, 4750, 4965, 1785, 2069, 583, 1797, 5051, 4848, 2634, 1507, 4085, 5159, 3279, 3927, 4, 550, 5447, 207, 2799, 551, 5144, 2563, 146, 4989, 4400, 2113, 434, 27, 4129, 3768, 3668, 3459, 3091, 1215, 4091, 1681, 2872, 4014, 4194, 779, 4029, 3756, 4760, 2476, 1749, 4658, 4871, 4348, 2757, 646, 1897, 2195, 316, 716, 4208, 5383, 825, 5370, 3078, 3778, 1702, 3984, 3847, 1150, 4300, 649, 4808, 3775, 4935, 3159, 687, 1223, 946, 4538, 4535, 3077, 5359, 780, 477, 2524, 371, 5142, 3611, 62, 1069, 4193, 883, 4130, 4328, 622, 4974, 1436, 4519, 1762, 4238, 3012, 3554, 4026, 3342, 4182, 5410, 1407, 2736, 913, 4045, 182, 1382, 3625, 1351, 3839, 3583, 2938, 46, 829, 5326, 2230, 612, 5021, 3121, 1127, 3006, 1852, 329, 118, 3794, 4081, 72, 1330, 519, 1195, 2017, 1920, 314, 1129, 3544, 1000, 282, 4041, 2857, 324, 2210, 5283, 2272, 4438, 10, 5341, 4447, 5120, 4167, 1047, 742, 4222, 2916, 3377, 2533, 2707, 2819, 42, 3054, 703, 1519, 1891, 1740, 2997, 347, 5190, 3489, 4284, 833, 4467, 2603, 4198, 4987, 4303, 2483, 435, 4121, 2536, 3048, 2561, 4425, 3177, 2774, 5313, 5078, 1804, 2780, 317, 1372, 1842, 2517, 35, 4283, 3692, 794, 4047, 4496, 4319, 1623, 896, 4416, 3383, 2217, 2330, 2026, 2565, 890, 1423, 3773, 2941, 4926, 2977, 256, 2755, 3724, 1697, 3141, 3189, 2520, 402, 1159, 1593, 508, 1536, 2376, 2842, 691, 3596, 2321, 1576, 5411, 2201, 2532, 4138, 4631, 3815, 4657, 2905, 3472, 4518, 4823, 4810, 2892, 4073, 2806, 3715, 31, 2372, 1782, 2133, 1893, 3932, 4602, 3997, 1607, 1238, 4296, 1350, 4498, 4735, 1489, 4877, 845, 1630, 3469, 4143, 4002, 106, 2773, 2881, 287, 2062, 1757, 4230, 1627, 830, 563, 1196, 2460, 5333, 2472, 1067, 1377, 4844, 3515, 4552, 958, 4347, 1170, 1543, 3120, 2239, 28, 4909, 3026, 515, 3293, 1948, 4948, 76, 970, 840, 4011, 2675, 4050, 37, 108, 4651, 3319, 3660, 5160, 4768, 1911, 5345, 23, 4419, 1815, 447, 581, 4426, 893, 2756, 1864, 4418, 4444, 1411, 3446, 3278, 1618, 4786, 3998, 2055, 2795, 4841, 1599, 1044, 2418, 2206, 1394, 3409, 4428, 5301, 5139, 4504, 3974, 4123, 2414, 3527, 4244, 4985, 3310, 3975, 1318, 952, 4822, 3414, 2223, 1506, 627, 3094, 1236, 4642, 2481, 1629, 4509, 4265, 3829, 4149, 3249, 426, 3817, 2571, 3894, 4662, 744, 4561, 1926, 3576, 2655, 1714, 2072, 1559, 3358, 4741, 2526, 2896, 5132, 613, 4331, 1969, 1727, 1293, 871, 5264, 4669, 1505, 1095]",344,750,1,False,750
68,numeric,numeric,5,True,True,True,"{2: 151, 1: 172, 5: 122, 3: 154, 4: 141, 0: 10}","[4097, 1548, 5419, 4731, 3902, 3380, 4432, 3710, 3542, 3991, 4880, 2494, 2930, 1237, 5356, 235, 4127, 3911, 217, 3274, 932, 1468, 2624, 2837, 3687, 1483, 2116, 3691, 4885, 1822, 1115, 1952, 4887, 876, 2002, 4576, 3443, 5286, 2441, 4713, 121, 2388, 292, 5439, 83, 4206, 4866, 1120, 5436, 1558, 1312, 2596, 3921, 1887, 388, 2130, 1360, 1525, 4673, 4770, 3790, 1675, 2897, 556, 4577, 4946, 2628, 1915, 2862, 5186, 4722, 3211, 2127, 2225, 352, 1392, 1877, 2901, 1025, 4799, 1285, 2739, 5107, 4436, 415, 2864, 15, 2351, 4600, 2046, 3401, 650, 3938, 1545, 226, 4522, 992, 5069, 534, 18, 335, 3566, 3064, 2698, 989, 123, 1932, 4178, 3670, 4847, 1514, 2273, 1786, 574, 2856, 3256, 618, 4694, 5405, 4404, 2676, 3762, 5255, 3755, 2485, 5321, 536, 233, 3760, 1837, 4431, 3948, 5252, 3797, 1538, 13, 1387, 1886, 1994, 2954, 4108, 3432, 3881, 4477, 2919, 4613, 5175, 714, 1719, 4590, 3976, 3180, 2250, 2329, 3919, 5171, 3330, 2506, 3126, 3434, 223, 1272, 1304, 2738, 3311, 1290, 3073, 3199, 5388, 1989, 2828, 1431, 2509, 1643, 3373, 2821, 1188, 2859, 1955, 510, 1486, 595, 2764, 2793, 2298, 708, 1768, 5056, 5179, 4869, 2794, 2360, 4895, 1094, 5372, 2311, 2488, 1066, 2618, 429, 571, 2244, 2290, 1380, 2387, 68, 2439, 1878, 3749, 4145, 3746, 4125, 1315, 2150, 4656, 348, 770, 3019, 2275, 587, 315, 4120, 36, 2855, 3651, 2566, 4293, 640, 1490, 4054, 4959, 1835, 2354, 3522, 4901, 1243, 1571, 3332, 652, 2068, 1808, 5156, 1114, 4716, 2121, 5117, 4747, 4593, 451, 3953, 2782, 2461, 5091, 4920, 4668, 3397, 5247, 1260, 297, 2704, 3504, 3203, 2900, 384, 157, 4868, 3488, 5245, 3173, 1647, 3273, 1192, 3908, 38, 3992, 749, 5294, 3848, 860, 2479, 2459, 867, 3218, 4838, 4482, 20, 1521, 1641, 122, 3118, 2063, 2400, 3519, 1063, 2035, 3442, 2890, 1763, 2119, 5400, 1961, 4854, 2292, 2772, 527, 4917, 4955, 2172, 1186, 4006, 1388, 4382, 4717, 2798, 831, 1206, 189, 5149, 4021, 507, 3599, 3197, 5148, 539, 2171, 2575, 1615, 4032, 2592, 5425, 350, 201, 2074, 3364, 3764, 2122, 3738, 1086, 4460, 400, 63, 1662, 286, 291, 693, 3484, 2629, 4674, 2334, 1913, 4762, 2824, 4767, 4750, 4965, 1785, 2069, 583, 1797, 5051, 4848, 2634, 1507, 4085, 5159, 3279, 3927, 4, 550, 5447, 207, 2799, 551, 5144, 2563, 146, 4989, 4400, 2113, 434, 27, 4129, 3768, 3668, 3459, 3091, 1215, 4091, 1681, 2872, 4014, 4194, 779, 4029, 3756, 4760, 2476, 1749, 4658, 4871, 4348, 2757, 646, 1897, 2195, 316, 716, 4208, 5383, 825, 5370, 3078, 3778, 1702, 3984, 3847, 1150, 4300, 649, 4808, 3775, 4935, 3159, 687, 1223, 946, 4538, 4535, 3077, 5359, 780, 477, 2524, 371, 5142, 3611, 62, 1069, 4193, 883, 4130, 4328, 622, 4974, 1436, 4519, 1762, 4238, 3012, 3554, 4026, 3342, 4182, 5410, 1407, 2736, 913, 4045, 182, 1382, 3625, 1351, 3839, 3583, 2938, 46, 829, 5326, 2230, 612, 5021, 3121, 1127, 3006, 1852, 329, 118, 3794, 4081, 72, 1330, 519, 1195, 2017, 1920, 314, 1129, 3544, 1000, 282, 4041, 2857, 324, 2210, 5283, 2272, 4438, 10, 5341, 4447, 5120, 4167, 1047, 742, 4222, 2916, 3377, 2533, 2707, 2819, 42, 3054, 703, 1519, 1891, 1740, 2997, 347, 5190, 3489, 4284, 833, 4467, 2603, 4198, 4987, 4303, 2483, 435, 4121, 2536, 3048, 2561, 4425, 3177, 2774, 5313, 5078, 1804, 2780, 317, 1372, 1842, 2517, 35, 4283, 3692, 794, 4047, 4496, 4319, 1623, 896, 4416, 3383, 2217, 2330, 2026, 2565, 890, 1423, 3773, 2941, 4926, 2977, 256, 2755, 3724, 1697, 3141, 3189, 2520, 402, 1159, 1593, 508, 1536, 2376, 2842, 691, 3596, 2321, 1576, 5411, 2201, 2532, 4138, 4631, 3815, 4657, 2905, 3472, 4518, 4823, 4810, 2892, 4073, 2806, 3715, 31, 2372, 1782, 2133, 1893, 3932, 4602, 3997, 1607, 1238, 4296, 1350, 4498, 4735, 1489, 4877, 845, 1630, 3469, 4143, 4002, 106, 2773, 2881, 287, 2062, 1757, 4230, 1627, 830, 563, 1196, 2460, 5333, 2472, 1067, 1377, 4844, 3515, 4552, 958, 4347, 1170, 1543, 3120, 2239, 28, 4909, 3026, 515, 3293, 1948, 4948, 76, 970, 840, 4011, 2675, 4050, 37, 108, 4651, 3319, 3660, 5160, 4768, 1911, 5345, 23, 4419, 1815, 447, 581, 4426, 893, 2756, 1864, 4418, 4444, 1411, 3446, 3278, 1618, 4786, 3998, 2055, 2795, 4841, 1599, 1044, 2418, 2206, 1394, 3409, 4428, 5301, 5139, 4504, 3974, 4123, 2414, 3527, 4244, 4985, 3310, 3975, 1318, 952, 4822, 3414, 2223, 1506, 627, 3094, 1236, 4642, 2481, 1629, 4509, 4265, 3829, 4149, 3249, 426, 3817, 2571, 3894, 4662, 744, 4561, 1926, 3576, 2655, 1714, 2072, 1559, 3358, 4741, 2526, 2896, 5132, 613, 4331, 1969, 1727, 1293, 871, 5264, 4669, 1505, 1095]",68,750,1,False,750
472,numeric,entity,1,True,False,True,"{2: 151, 1: 172, 5: 122, 3: 154, 4: 141, 0: 10}","[4097, 1548, 5419, 4731, 3902, 3380, 4432, 3710, 3542, 3991, 4880, 2494, 2930, 1237, 5356, 235, 4127, 3911, 217, 3274, 932, 1468, 2624, 2837, 3687, 1483, 2116, 3691, 4885, 1822, 1115, 1952, 4887, 876, 2002, 4576, 3443, 5286, 2441, 4713, 121, 2388, 292, 5439, 83, 4206, 4866, 1120, 5436, 1558, 1312, 2596, 3921, 1887, 388, 2130, 1360, 1525, 4673, 4770, 3790, 1675, 2897, 556, 4577, 4946, 2628, 1915, 2862, 5186, 4722, 3211, 2127, 2225, 352, 1392, 1877, 2901, 1025, 4799, 1285, 2739, 5107, 4436, 415, 2864, 15, 2351, 4600, 2046, 3401, 650, 3938, 1545, 226, 4522, 992, 5069, 534, 18, 335, 3566, 3064, 2698, 989, 123, 1932, 4178, 3670, 4847, 1514, 2273, 1786, 574, 2856, 3256, 618, 4694, 5405, 4404, 2676, 3762, 5255, 3755, 2485, 5321, 536, 233, 3760, 1837, 4431, 3948, 5252, 3797, 1538, 13, 1387, 1886, 1994, 2954, 4108, 3432, 3881, 4477, 2919, 4613, 5175, 714, 1719, 4590, 3976, 3180, 2250, 2329, 3919, 5171, 3330, 2506, 3126, 3434, 223, 1272, 1304, 2738, 3311, 1290, 3073, 3199, 5388, 1989, 2828, 1431, 2509, 1643, 3373, 2821, 1188, 2859, 1955, 510, 1486, 595, 2764, 2793, 2298, 708, 1768, 5056, 5179, 4869, 2794, 2360, 4895, 1094, 5372, 2311, 2488, 1066, 2618, 429, 571, 2244, 2290, 1380, 2387, 68, 2439, 1878, 3749, 4145, 3746, 4125, 1315, 2150, 4656, 348, 770, 3019, 2275, 587, 315, 4120, 36, 2855, 3651, 2566, 4293, 640, 1490, 4054, 4959, 1835, 2354, 3522, 4901, 1243, 1571, 3332, 652, 2068, 1808, 5156, 1114, 4716, 2121, 5117, 4747, 4593, 451, 3953, 2782, 2461, 5091, 4920, 4668, 3397, 5247, 1260, 297, 2704, 3504, 3203, 2900, 384, 157, 4868, 3488, 5245, 3173, 1647, 3273, 1192, 3908, 38, 3992, 749, 5294, 3848, 860, 2479, 2459, 867, 3218, 4838, 4482, 20, 1521, 1641, 122, 3118, 2063, 2400, 3519, 1063, 2035, 3442, 2890, 1763, 2119, 5400, 1961, 4854, 2292, 2772, 527, 4917, 4955, 2172, 1186, 4006, 1388, 4382, 4717, 2798, 831, 1206, 189, 5149, 4021, 507, 3599, 3197, 5148, 539, 2171, 2575, 1615, 4032, 2592, 5425, 350, 201, 2074, 3364, 3764, 2122, 3738, 1086, 4460, 400, 63, 1662, 286, 291, 693, 3484, 2629, 4674, 2334, 1913, 4762, 2824, 4767, 4750, 4965, 1785, 2069, 583, 1797, 5051, 4848, 2634, 1507, 4085, 5159, 3279, 3927, 4, 550, 5447, 207, 2799, 551, 5144, 2563, 146, 4989, 4400, 2113, 434, 27, 4129, 3768, 3668, 3459, 3091, 1215, 4091, 1681, 2872, 4014, 4194, 779, 4029, 3756, 4760, 2476, 1749, 4658, 4871, 4348, 2757, 646, 1897, 2195, 316, 716, 4208, 5383, 825, 5370, 3078, 3778, 1702, 3984, 3847, 1150, 4300, 649, 4808, 3775, 4935, 3159, 687, 1223, 946, 4538, 4535, 3077, 5359, 780, 477, 2524, 371, 5142, 3611, 62, 1069, 4193, 883, 4130, 4328, 622, 4974, 1436, 4519, 1762, 4238, 3012, 3554, 4026, 3342, 4182, 5410, 1407, 2736, 913, 4045, 182, 1382, 3625, 1351, 3839, 3583, 2938, 46, 829, 5326, 2230, 612, 5021, 3121, 1127, 3006, 1852, 329, 118, 3794, 4081, 72, 1330, 519, 1195, 2017, 1920, 314, 1129, 3544, 1000, 282, 4041, 2857, 324, 2210, 5283, 2272, 4438, 10, 5341, 4447, 5120, 4167, 1047, 742, 4222, 2916, 3377, 2533, 2707, 2819, 42, 3054, 703, 1519, 1891, 1740, 2997, 347, 5190, 3489, 4284, 833, 4467, 2603, 4198, 4987, 4303, 2483, 435, 4121, 2536, 3048, 2561, 4425, 3177, 2774, 5313, 5078, 1804, 2780, 317, 1372, 1842, 2517, 35, 4283, 3692, 794, 4047, 4496, 4319, 1623, 896, 4416, 3383, 2217, 2330, 2026, 2565, 890, 1423, 3773, 2941, 4926, 2977, 256, 2755, 3724, 1697, 3141, 3189, 2520, 402, 1159, 1593, 508, 1536, 2376, 2842, 691, 3596, 2321, 1576, 5411, 2201, 2532, 4138, 4631, 3815, 4657, 2905, 3472, 4518, 4823, 4810, 2892, 4073, 2806, 3715, 31, 2372, 1782, 2133, 1893, 3932, 4602, 3997, 1607, 1238, 4296, 1350, 4498, 4735, 1489, 4877, 845, 1630, 3469, 4143, 4002, 106, 2773, 2881, 287, 2062, 1757, 4230, 1627, 830, 563, 1196, 2460, 5333, 2472, 1067, 1377, 4844, 3515, 4552, 958, 4347, 1170, 1543, 3120, 2239, 28, 4909, 3026, 515, 3293, 1948, 4948, 76, 970, 840, 4011, 2675, 4050, 37, 108, 4651, 3319, 3660, 5160, 4768, 1911, 5345, 23, 4419, 1815, 447, 581, 4426, 893, 2756, 1864, 4418, 4444, 1411, 3446, 3278, 1618, 4786, 3998, 2055, 2795, 4841, 1599, 1044, 2418, 2206, 1394, 3409, 4428, 5301, 5139, 4504, 3974, 4123, 2414, 3527, 4244, 4985, 3310, 3975, 1318, 952, 4822, 3414, 2223, 1506, 627, 3094, 1236, 4642, 2481, 1629, 4509, 4265, 3829, 4149, 3249, 426, 3817, 2571, 3894, 4662, 744, 4561, 1926, 3576, 2655, 1714, 2072, 1559, 3358, 4741, 2526, 2896, 5132, 613, 4331, 1969, 1727, 1293, 871, 5264, 4669, 1505, 1095]",472,750,1,False,750
24,description,description,2,True,True,True,"{2: 151, 1: 172, 5: 122, 3: 154, 4: 141, 0: 10}","[4097, 1548, 5419, 4731, 3902, 3380, 4432, 3710, 3542, 3991, 4880, 2494, 2930, 1237, 5356, 235, 4127, 3911, 217, 3274, 932, 1468, 2624, 2837, 3687, 1483, 2116, 3691, 4885, 1822, 1115, 1952, 4887, 876, 2002, 4576, 3443, 5286, 2441, 4713, 121, 2388, 292, 5439, 83, 4206, 4866, 1120, 5436, 1558, 1312, 2596, 3921, 1887, 388, 2130, 1360, 1525, 4673, 4770, 3790, 1675, 2897, 556, 4577, 4946, 2628, 1915, 2862, 5186, 4722, 3211, 2127, 2225, 352, 1392, 1877, 2901, 1025, 4799, 1285, 2739, 5107, 4436, 415, 2864, 15, 2351, 4600, 2046, 3401, 650, 3938, 1545, 226, 4522, 992, 5069, 534, 18, 335, 3566, 3064, 2698, 989, 123, 1932, 4178, 3670, 4847, 1514, 2273, 1786, 574, 2856, 3256, 618, 4694, 5405, 4404, 2676, 3762, 5255, 3755, 2485, 5321, 536, 233, 3760, 1837, 4431, 3948, 5252, 3797, 1538, 13, 1387, 1886, 1994, 2954, 4108, 3432, 3881, 4477, 2919, 4613, 5175, 714, 1719, 4590, 3976, 3180, 2250, 2329, 3919, 5171, 3330, 2506, 3126, 3434, 223, 1272, 1304, 2738, 3311, 1290, 3073, 3199, 5388, 1989, 2828, 1431, 2509, 1643, 3373, 2821, 1188, 2859, 1955, 510, 1486, 595, 2764, 2793, 2298, 708, 1768, 5056, 5179, 4869, 2794, 2360, 4895, 1094, 5372, 2311, 2488, 1066, 2618, 429, 571, 2244, 2290, 1380, 2387, 68, 2439, 1878, 3749, 4145, 3746, 4125, 1315, 2150, 4656, 348, 770, 3019, 2275, 587, 315, 4120, 36, 2855, 3651, 2566, 4293, 640, 1490, 4054, 4959, 1835, 2354, 3522, 4901, 1243, 1571, 3332, 652, 2068, 1808, 5156, 1114, 4716, 2121, 5117, 4747, 4593, 451, 3953, 2782, 2461, 5091, 4920, 4668, 3397, 5247, 1260, 297, 2704, 3504, 3203, 2900, 384, 157, 4868, 3488, 5245, 3173, 1647, 3273, 1192, 3908, 38, 3992, 749, 5294, 3848, 860, 2479, 2459, 867, 3218, 4838, 4482, 20, 1521, 1641, 122, 3118, 2063, 2400, 3519, 1063, 2035, 3442, 2890, 1763, 2119, 5400, 1961, 4854, 2292, 2772, 527, 4917, 4955, 2172, 1186, 4006, 1388, 4382, 4717, 2798, 831, 1206, 189, 5149, 4021, 507, 3599, 3197, 5148, 539, 2171, 2575, 1615, 4032, 2592, 5425, 350, 201, 2074, 3364, 3764, 2122, 3738, 1086, 4460, 400, 63, 1662, 286, 291, 693, 3484, 2629, 4674, 2334, 1913, 4762, 2824, 4767, 4750, 4965, 1785, 2069, 583, 1797, 5051, 4848, 2634, 1507, 4085, 5159, 3279, 3927, 4, 550, 5447, 207, 2799, 551, 5144, 2563, 146, 4989, 4400, 2113, 434, 27, 4129, 3768, 3668, 3459, 3091, 1215, 4091, 1681, 2872, 4014, 4194, 779, 4029, 3756, 4760, 2476, 1749, 4658, 4871, 4348, 2757, 646, 1897, 2195, 316, 716, 4208, 5383, 825, 5370, 3078, 3778, 1702, 3984, 3847, 1150, 4300, 649, 4808, 3775, 4935, 3159, 687, 1223, 946, 4538, 4535, 3077, 5359, 780, 477, 2524, 371, 5142, 3611, 62, 1069, 4193, 883, 4130, 4328, 622, 4974, 1436, 4519, 1762, 4238, 3012, 3554, 4026, 3342, 4182, 5410, 1407, 2736, 913, 4045, 182, 1382, 3625, 1351, 3839, 3583, 2938, 46, 829, 5326, 2230, 612, 5021, 3121, 1127, 3006, 1852, 329, 118, 3794, 4081, 72, 1330, 519, 1195, 2017, 1920, 314, 1129, 3544, 1000, 282, 4041, 2857, 324, 2210, 5283, 2272, 4438, 10, 5341, 4447, 5120, 4167, 1047, 742, 4222, 2916, 3377, 2533, 2707, 2819, 42, 3054, 703, 1519, 1891, 1740, 2997, 347, 5190, 3489, 4284, 833, 4467, 2603, 4198, 4987, 4303, 2483, 435, 4121, 2536, 3048, 2561, 4425, 3177, 2774, 5313, 5078, 1804, 2780, 317, 1372, 1842, 2517, 35, 4283, 3692, 794, 4047, 4496, 4319, 1623, 896, 4416, 3383, 2217, 2330, 2026, 2565, 890, 1423, 3773, 2941, 4926, 2977, 256, 2755, 3724, 1697, 3141, 3189, 2520, 402, 1159, 1593, 508, 1536, 2376, 2842, 691, 3596, 2321, 1576, 5411, 2201, 2532, 4138, 4631, 3815, 4657, 2905, 3472, 4518, 4823, 4810, 2892, 4073, 2806, 3715, 31, 2372, 1782, 2133, 1893, 3932, 4602, 3997, 1607, 1238, 4296, 1350, 4498, 4735, 1489, 4877, 845, 1630, 3469, 4143, 4002, 106, 2773, 2881, 287, 2062, 1757, 4230, 1627, 830, 563, 1196, 2460, 5333, 2472, 1067, 1377, 4844, 3515, 4552, 958, 4347, 1170, 1543, 3120, 2239, 28, 4909, 3026, 515, 3293, 1948, 4948, 76, 970, 840, 4011, 2675, 4050, 37, 108, 4651, 3319, 3660, 5160, 4768, 1911, 5345, 23, 4419, 1815, 447, 581, 4426, 893, 2756, 1864, 4418, 4444, 1411, 3446, 3278, 1618, 4786, 3998, 2055, 2795, 4841, 1599, 1044, 2418, 2206, 1394, 3409, 4428, 5301, 5139, 4504, 3974, 4123, 2414, 3527, 4244, 4985, 3310, 3975, 1318, 952, 4822, 3414, 2223, 1506, 627, 3094, 1236, 4642, 2481, 1629, 4509, 4265, 3829, 4149, 3249, 426, 3817, 2571, 3894, 4662, 744, 4561, 1926, 3576, 2655, 1714, 2072, 1559, 3358, 4741, 2526, 2896, 5132, 613, 4331, 1969, 1727, 1293, 871, 5264, 4669, 1505, 1095]",24,750,1,False,750
427,location,location,4,True,True,True,"{2: 151, 1: 172, 5: 122, 3: 154, 4: 141, 0: 10}","[4097, 1548, 5419, 4731, 3902, 3380, 4432, 3710, 3542, 3991, 4880, 2494, 2930, 1237, 5356, 235, 4127, 3911, 217, 3274, 932, 1468, 2624, 2837, 3687, 1483, 2116, 3691, 4885, 1822, 1115, 1952, 4887, 876, 2002, 4576, 3443, 5286, 2441, 4713, 121, 2388, 292, 5439, 83, 4206, 4866, 1120, 5436, 1558, 1312, 2596, 3921, 1887, 388, 2130, 1360, 1525, 4673, 4770, 3790, 1675, 2897, 556, 4577, 4946, 2628, 1915, 2862, 5186, 4722, 3211, 2127, 2225, 352, 1392, 1877, 2901, 1025, 4799, 1285, 2739, 5107, 4436, 415, 2864, 15, 2351, 4600, 2046, 3401, 650, 3938, 1545, 226, 4522, 992, 5069, 534, 18, 335, 3566, 3064, 2698, 989, 123, 1932, 4178, 3670, 4847, 1514, 2273, 1786, 574, 2856, 3256, 618, 4694, 5405, 4404, 2676, 3762, 5255, 3755, 2485, 5321, 536, 233, 3760, 1837, 4431, 3948, 5252, 3797, 1538, 13, 1387, 1886, 1994, 2954, 4108, 3432, 3881, 4477, 2919, 4613, 5175, 714, 1719, 4590, 3976, 3180, 2250, 2329, 3919, 5171, 3330, 2506, 3126, 3434, 223, 1272, 1304, 2738, 3311, 1290, 3073, 3199, 5388, 1989, 2828, 1431, 2509, 1643, 3373, 2821, 1188, 2859, 1955, 510, 1486, 595, 2764, 2793, 2298, 708, 1768, 5056, 5179, 4869, 2794, 2360, 4895, 1094, 5372, 2311, 2488, 1066, 2618, 429, 571, 2244, 2290, 1380, 2387, 68, 2439, 1878, 3749, 4145, 3746, 4125, 1315, 2150, 4656, 348, 770, 3019, 2275, 587, 315, 4120, 36, 2855, 3651, 2566, 4293, 640, 1490, 4054, 4959, 1835, 2354, 3522, 4901, 1243, 1571, 3332, 652, 2068, 1808, 5156, 1114, 4716, 2121, 5117, 4747, 4593, 451, 3953, 2782, 2461, 5091, 4920, 4668, 3397, 5247, 1260, 297, 2704, 3504, 3203, 2900, 384, 157, 4868, 3488, 5245, 3173, 1647, 3273, 1192, 3908, 38, 3992, 749, 5294, 3848, 860, 2479, 2459, 867, 3218, 4838, 4482, 20, 1521, 1641, 122, 3118, 2063, 2400, 3519, 1063, 2035, 3442, 2890, 1763, 2119, 5400, 1961, 4854, 2292, 2772, 527, 4917, 4955, 2172, 1186, 4006, 1388, 4382, 4717, 2798, 831, 1206, 189, 5149, 4021, 507, 3599, 3197, 5148, 539, 2171, 2575, 1615, 4032, 2592, 5425, 350, 201, 2074, 3364, 3764, 2122, 3738, 1086, 4460, 400, 63, 1662, 286, 291, 693, 3484, 2629, 4674, 2334, 1913, 4762, 2824, 4767, 4750, 4965, 1785, 2069, 583, 1797, 5051, 4848, 2634, 1507, 4085, 5159, 3279, 3927, 4, 550, 5447, 207, 2799, 551, 5144, 2563, 146, 4989, 4400, 2113, 434, 27, 4129, 3768, 3668, 3459, 3091, 1215, 4091, 1681, 2872, 4014, 4194, 779, 4029, 3756, 4760, 2476, 1749, 4658, 4871, 4348, 2757, 646, 1897, 2195, 316, 716, 4208, 5383, 825, 5370, 3078, 3778, 1702, 3984, 3847, 1150, 4300, 649, 4808, 3775, 4935, 3159, 687, 1223, 946, 4538, 4535, 3077, 5359, 780, 477, 2524, 371, 5142, 3611, 62, 1069, 4193, 883, 4130, 4328, 622, 4974, 1436, 4519, 1762, 4238, 3012, 3554, 4026, 3342, 4182, 5410, 1407, 2736, 913, 4045, 182, 1382, 3625, 1351, 3839, 3583, 2938, 46, 829, 5326, 2230, 612, 5021, 3121, 1127, 3006, 1852, 329, 118, 3794, 4081, 72, 1330, 519, 1195, 2017, 1920, 314, 1129, 3544, 1000, 282, 4041, 2857, 324, 2210, 5283, 2272, 4438, 10, 5341, 4447, 5120, 4167, 1047, 742, 4222, 2916, 3377, 2533, 2707, 2819, 42, 3054, 703, 1519, 1891, 1740, 2997, 347, 5190, 3489, 4284, 833, 4467, 2603, 4198, 4987, 4303, 2483, 435, 4121, 2536, 3048, 2561, 4425, 3177, 2774, 5313, 5078, 1804, 2780, 317, 1372, 1842, 2517, 35, 4283, 3692, 794, 4047, 4496, 4319, 1623, 896, 4416, 3383, 2217, 2330, 2026, 2565, 890, 1423, 3773, 2941, 4926, 2977, 256, 2755, 3724, 1697, 3141, 3189, 2520, 402, 1159, 1593, 508, 1536, 2376, 2842, 691, 3596, 2321, 1576, 5411, 2201, 2532, 4138, 4631, 3815, 4657, 2905, 3472, 4518, 4823, 4810, 2892, 4073, 2806, 3715, 31, 2372, 1782, 2133, 1893, 3932, 4602, 3997, 1607, 1238, 4296, 1350, 4498, 4735, 1489, 4877, 845, 1630, 3469, 4143, 4002, 106, 2773, 2881, 287, 2062, 1757, 4230, 1627, 830, 563, 1196, 2460, 5333, 2472, 1067, 1377, 4844, 3515, 4552, 958, 4347, 1170, 1543, 3120, 2239, 28, 4909, 3026, 515, 3293, 1948, 4948, 76, 970, 840, 4011, 2675, 4050, 37, 108, 4651, 3319, 3660, 5160, 4768, 1911, 5345, 23, 4419, 1815, 447, 581, 4426, 893, 2756, 1864, 4418, 4444, 1411, 3446, 3278, 1618, 4786, 3998, 2055, 2795, 4841, 1599, 1044, 2418, 2206, 1394, 3409, 4428, 5301, 5139, 4504, 3974, 4123, 2414, 3527, 4244, 4985, 3310, 3975, 1318, 952, 4822, 3414, 2223, 1506, 627, 3094, 1236, 4642, 2481, 1629, 4509, 4265, 3829, 4149, 3249, 426, 3817, 2571, 3894, 4662, 744, 4561, 1926, 3576, 2655, 1714, 2072, 1559, 3358, 4741, 2526, 2896, 5132, 613, 4331, 1969, 1727, 1293, 871, 5264, 4669, 1505, 1095]",427,750,1,False,750
474,numeric,entity,1,True,False,True,"{2: 151, 1: 172, 5: 122, 3: 154, 4: 141, 0: 10}","[4097, 1548, 5419, 4731, 3902, 3380, 4432, 3710, 3542, 3991, 4880, 2494, 2930, 1237, 5356, 235, 4127, 3911, 217, 3274, 932, 1468, 2624, 2837, 3687, 1483, 2116, 3691, 4885, 1822, 1115, 1952, 4887, 876, 2002, 4576, 3443, 5286, 2441, 4713, 121, 2388, 292, 5439, 83, 4206, 4866, 1120, 5436, 1558, 1312, 2596, 3921, 1887, 388, 2130, 1360, 1525, 4673, 4770, 3790, 1675, 2897, 556, 4577, 4946, 2628, 1915, 2862, 5186, 4722, 3211, 2127, 2225, 352, 1392, 1877, 2901, 1025, 4799, 1285, 2739, 5107, 4436, 415, 2864, 15, 2351, 4600, 2046, 3401, 650, 3938, 1545, 226, 4522, 992, 5069, 534, 18, 335, 3566, 3064, 2698, 989, 123, 1932, 4178, 3670, 4847, 1514, 2273, 1786, 574, 2856, 3256, 618, 4694, 5405, 4404, 2676, 3762, 5255, 3755, 2485, 5321, 536, 233, 3760, 1837, 4431, 3948, 5252, 3797, 1538, 13, 1387, 1886, 1994, 2954, 4108, 3432, 3881, 4477, 2919, 4613, 5175, 714, 1719, 4590, 3976, 3180, 2250, 2329, 3919, 5171, 3330, 2506, 3126, 3434, 223, 1272, 1304, 2738, 3311, 1290, 3073, 3199, 5388, 1989, 2828, 1431, 2509, 1643, 3373, 2821, 1188, 2859, 1955, 510, 1486, 595, 2764, 2793, 2298, 708, 1768, 5056, 5179, 4869, 2794, 2360, 4895, 1094, 5372, 2311, 2488, 1066, 2618, 429, 571, 2244, 2290, 1380, 2387, 68, 2439, 1878, 3749, 4145, 3746, 4125, 1315, 2150, 4656, 348, 770, 3019, 2275, 587, 315, 4120, 36, 2855, 3651, 2566, 4293, 640, 1490, 4054, 4959, 1835, 2354, 3522, 4901, 1243, 1571, 3332, 652, 2068, 1808, 5156, 1114, 4716, 2121, 5117, 4747, 4593, 451, 3953, 2782, 2461, 5091, 4920, 4668, 3397, 5247, 1260, 297, 2704, 3504, 3203, 2900, 384, 157, 4868, 3488, 5245, 3173, 1647, 3273, 1192, 3908, 38, 3992, 749, 5294, 3848, 860, 2479, 2459, 867, 3218, 4838, 4482, 20, 1521, 1641, 122, 3118, 2063, 2400, 3519, 1063, 2035, 3442, 2890, 1763, 2119, 5400, 1961, 4854, 2292, 2772, 527, 4917, 4955, 2172, 1186, 4006, 1388, 4382, 4717, 2798, 831, 1206, 189, 5149, 4021, 507, 3599, 3197, 5148, 539, 2171, 2575, 1615, 4032, 2592, 5425, 350, 201, 2074, 3364, 3764, 2122, 3738, 1086, 4460, 400, 63, 1662, 286, 291, 693, 3484, 2629, 4674, 2334, 1913, 4762, 2824, 4767, 4750, 4965, 1785, 2069, 583, 1797, 5051, 4848, 2634, 1507, 4085, 5159, 3279, 3927, 4, 550, 5447, 207, 2799, 551, 5144, 2563, 146, 4989, 4400, 2113, 434, 27, 4129, 3768, 3668, 3459, 3091, 1215, 4091, 1681, 2872, 4014, 4194, 779, 4029, 3756, 4760, 2476, 1749, 4658, 4871, 4348, 2757, 646, 1897, 2195, 316, 716, 4208, 5383, 825, 5370, 3078, 3778, 1702, 3984, 3847, 1150, 4300, 649, 4808, 3775, 4935, 3159, 687, 1223, 946, 4538, 4535, 3077, 5359, 780, 477, 2524, 371, 5142, 3611, 62, 1069, 4193, 883, 4130, 4328, 622, 4974, 1436, 4519, 1762, 4238, 3012, 3554, 4026, 3342, 4182, 5410, 1407, 2736, 913, 4045, 182, 1382, 3625, 1351, 3839, 3583, 2938, 46, 829, 5326, 2230, 612, 5021, 3121, 1127, 3006, 1852, 329, 118, 3794, 4081, 72, 1330, 519, 1195, 2017, 1920, 314, 1129, 3544, 1000, 282, 4041, 2857, 324, 2210, 5283, 2272, 4438, 10, 5341, 4447, 5120, 4167, 1047, 742, 4222, 2916, 3377, 2533, 2707, 2819, 42, 3054, 703, 1519, 1891, 1740, 2997, 347, 5190, 3489, 4284, 833, 4467, 2603, 4198, 4987, 4303, 2483, 435, 4121, 2536, 3048, 2561, 4425, 3177, 2774, 5313, 5078, 1804, 2780, 317, 1372, 1842, 2517, 35, 4283, 3692, 794, 4047, 4496, 4319, 1623, 896, 4416, 3383, 2217, 2330, 2026, 2565, 890, 1423, 3773, 2941, 4926, 2977, 256, 2755, 3724, 1697, 3141, 3189, 2520, 402, 1159, 1593, 508, 1536, 2376, 2842, 691, 3596, 2321, 1576, 5411, 2201, 2532, 4138, 4631, 3815, 4657, 2905, 3472, 4518, 4823, 4810, 2892, 4073, 2806, 3715, 31, 2372, 1782, 2133, 1893, 3932, 4602, 3997, 1607, 1238, 4296, 1350, 4498, 4735, 1489, 4877, 845, 1630, 3469, 4143, 4002, 106, 2773, 2881, 287, 2062, 1757, 4230, 1627, 830, 563, 1196, 2460, 5333, 2472, 1067, 1377, 4844, 3515, 4552, 958, 4347, 1170, 1543, 3120, 2239, 28, 4909, 3026, 515, 3293, 1948, 4948, 76, 970, 840, 4011, 2675, 4050, 37, 108, 4651, 3319, 3660, 5160, 4768, 1911, 5345, 23, 4419, 1815, 447, 581, 4426, 893, 2756, 1864, 4418, 4444, 1411, 3446, 3278, 1618, 4786, 3998, 2055, 2795, 4841, 1599, 1044, 2418, 2206, 1394, 3409, 4428, 5301, 5139, 4504, 3974, 4123, 2414, 3527, 4244, 4985, 3310, 3975, 1318, 952, 4822, 3414, 2223, 1506, 627, 3094, 1236, 4642, 2481, 1629, 4509, 4265, 3829, 4149, 3249, 426, 3817, 2571, 3894, 4662, 744, 4561, 1926, 3576, 2655, 1714, 2072, 1559, 3358, 4741, 2526, 2896, 5132, 613, 4331, 1969, 1727, 1293, 871, 5264, 4669, 1505, 1095]",474,750,1,False,750
312,numeric,numeric,5,True,True,True,"{2: 151, 1: 172, 5: 122, 3: 154, 4: 141, 0: 10}","[4097, 1548, 5419, 4731, 3902, 3380, 4432, 3710, 3542, 3991, 4880, 2494, 2930, 1237, 5356, 235, 4127, 3911, 217, 3274, 932, 1468, 2624, 2837, 3687, 1483, 2116, 3691, 4885, 1822, 1115, 1952, 4887, 876, 2002, 4576, 3443, 5286, 2441, 4713, 121, 2388, 292, 5439, 83, 4206, 4866, 1120, 5436, 1558, 1312, 2596, 3921, 1887, 388, 2130, 1360, 1525, 4673, 4770, 3790, 1675, 2897, 556, 4577, 4946, 2628, 1915, 2862, 5186, 4722, 3211, 2127, 2225, 352, 1392, 1877, 2901, 1025, 4799, 1285, 2739, 5107, 4436, 415, 2864, 15, 2351, 4600, 2046, 3401, 650, 3938, 1545, 226, 4522, 992, 5069, 534, 18, 335, 3566, 3064, 2698, 989, 123, 1932, 4178, 3670, 4847, 1514, 2273, 1786, 574, 2856, 3256, 618, 4694, 5405, 4404, 2676, 3762, 5255, 3755, 2485, 5321, 536, 233, 3760, 1837, 4431, 3948, 5252, 3797, 1538, 13, 1387, 1886, 1994, 2954, 4108, 3432, 3881, 4477, 2919, 4613, 5175, 714, 1719, 4590, 3976, 3180, 2250, 2329, 3919, 5171, 3330, 2506, 3126, 3434, 223, 1272, 1304, 2738, 3311, 1290, 3073, 3199, 5388, 1989, 2828, 1431, 2509, 1643, 3373, 2821, 1188, 2859, 1955, 510, 1486, 595, 2764, 2793, 2298, 708, 1768, 5056, 5179, 4869, 2794, 2360, 4895, 1094, 5372, 2311, 2488, 1066, 2618, 429, 571, 2244, 2290, 1380, 2387, 68, 2439, 1878, 3749, 4145, 3746, 4125, 1315, 2150, 4656, 348, 770, 3019, 2275, 587, 315, 4120, 36, 2855, 3651, 2566, 4293, 640, 1490, 4054, 4959, 1835, 2354, 3522, 4901, 1243, 1571, 3332, 652, 2068, 1808, 5156, 1114, 4716, 2121, 5117, 4747, 4593, 451, 3953, 2782, 2461, 5091, 4920, 4668, 3397, 5247, 1260, 297, 2704, 3504, 3203, 2900, 384, 157, 4868, 3488, 5245, 3173, 1647, 3273, 1192, 3908, 38, 3992, 749, 5294, 3848, 860, 2479, 2459, 867, 3218, 4838, 4482, 20, 1521, 1641, 122, 3118, 2063, 2400, 3519, 1063, 2035, 3442, 2890, 1763, 2119, 5400, 1961, 4854, 2292, 2772, 527, 4917, 4955, 2172, 1186, 4006, 1388, 4382, 4717, 2798, 831, 1206, 189, 5149, 4021, 507, 3599, 3197, 5148, 539, 2171, 2575, 1615, 4032, 2592, 5425, 350, 201, 2074, 3364, 3764, 2122, 3738, 1086, 4460, 400, 63, 1662, 286, 291, 693, 3484, 2629, 4674, 2334, 1913, 4762, 2824, 4767, 4750, 4965, 1785, 2069, 583, 1797, 5051, 4848, 2634, 1507, 4085, 5159, 3279, 3927, 4, 550, 5447, 207, 2799, 551, 5144, 2563, 146, 4989, 4400, 2113, 434, 27, 4129, 3768, 3668, 3459, 3091, 1215, 4091, 1681, 2872, 4014, 4194, 779, 4029, 3756, 4760, 2476, 1749, 4658, 4871, 4348, 2757, 646, 1897, 2195, 316, 716, 4208, 5383, 825, 5370, 3078, 3778, 1702, 3984, 3847, 1150, 4300, 649, 4808, 3775, 4935, 3159, 687, 1223, 946, 4538, 4535, 3077, 5359, 780, 477, 2524, 371, 5142, 3611, 62, 1069, 4193, 883, 4130, 4328, 622, 4974, 1436, 4519, 1762, 4238, 3012, 3554, 4026, 3342, 4182, 5410, 1407, 2736, 913, 4045, 182, 1382, 3625, 1351, 3839, 3583, 2938, 46, 829, 5326, 2230, 612, 5021, 3121, 1127, 3006, 1852, 329, 118, 3794, 4081, 72, 1330, 519, 1195, 2017, 1920, 314, 1129, 3544, 1000, 282, 4041, 2857, 324, 2210, 5283, 2272, 4438, 10, 5341, 4447, 5120, 4167, 1047, 742, 4222, 2916, 3377, 2533, 2707, 2819, 42, 3054, 703, 1519, 1891, 1740, 2997, 347, 5190, 3489, 4284, 833, 4467, 2603, 4198, 4987, 4303, 2483, 435, 4121, 2536, 3048, 2561, 4425, 3177, 2774, 5313, 5078, 1804, 2780, 317, 1372, 1842, 2517, 35, 4283, 3692, 794, 4047, 4496, 4319, 1623, 896, 4416, 3383, 2217, 2330, 2026, 2565, 890, 1423, 3773, 2941, 4926, 2977, 256, 2755, 3724, 1697, 3141, 3189, 2520, 402, 1159, 1593, 508, 1536, 2376, 2842, 691, 3596, 2321, 1576, 5411, 2201, 2532, 4138, 4631, 3815, 4657, 2905, 3472, 4518, 4823, 4810, 2892, 4073, 2806, 3715, 31, 2372, 1782, 2133, 1893, 3932, 4602, 3997, 1607, 1238, 4296, 1350, 4498, 4735, 1489, 4877, 845, 1630, 3469, 4143, 4002, 106, 2773, 2881, 287, 2062, 1757, 4230, 1627, 830, 563, 1196, 2460, 5333, 2472, 1067, 1377, 4844, 3515, 4552, 958, 4347, 1170, 1543, 3120, 2239, 28, 4909, 3026, 515, 3293, 1948, 4948, 76, 970, 840, 4011, 2675, 4050, 37, 108, 4651, 3319, 3660, 5160, 4768, 1911, 5345, 23, 4419, 1815, 447, 581, 4426, 893, 2756, 1864, 4418, 4444, 1411, 3446, 3278, 1618, 4786, 3998, 2055, 2795, 4841, 1599, 1044, 2418, 2206, 1394, 3409, 4428, 5301, 5139, 4504, 3974, 4123, 2414, 3527, 4244, 4985, 3310, 3975, 1318, 952, 4822, 3414, 2223, 1506, 627, 3094, 1236, 4642, 2481, 1629, 4509, 4265, 3829, 4149, 3249, 426, 3817, 2571, 3894, 4662, 744, 4561, 1926, 3576, 2655, 1714, 2072, 1559, 3358, 4741, 2526, 2896, 5132, 613, 4331, 1969, 1727, 1293, 871, 5264, 4669, 1505, 1095]",312,750,1,False,750
315,description,description,2,True,True,True,"{2: 151, 1: 172, 5: 122, 3: 154, 4: 141, 0: 10}","[4097, 1548, 5419, 4731, 3902, 3380, 4432, 3710, 3542, 3991, 4880, 2494, 2930, 1237, 5356, 235, 4127, 3911, 217, 3274, 932, 1468, 2624, 2837, 3687, 1483, 2116, 3691, 4885, 1822, 1115, 1952, 4887, 876, 2002, 4576, 3443, 5286, 2441, 4713, 121, 2388, 292, 5439, 83, 4206, 4866, 1120, 5436, 1558, 1312, 2596, 3921, 1887, 388, 2130, 1360, 1525, 4673, 4770, 3790, 1675, 2897, 556, 4577, 4946, 2628, 1915, 2862, 5186, 4722, 3211, 2127, 2225, 352, 1392, 1877, 2901, 1025, 4799, 1285, 2739, 5107, 4436, 415, 2864, 15, 2351, 4600, 2046, 3401, 650, 3938, 1545, 226, 4522, 992, 5069, 534, 18, 335, 3566, 3064, 2698, 989, 123, 1932, 4178, 3670, 4847, 1514, 2273, 1786, 574, 2856, 3256, 618, 4694, 5405, 4404, 2676, 3762, 5255, 3755, 2485, 5321, 536, 233, 3760, 1837, 4431, 3948, 5252, 3797, 1538, 13, 1387, 1886, 1994, 2954, 4108, 3432, 3881, 4477, 2919, 4613, 5175, 714, 1719, 4590, 3976, 3180, 2250, 2329, 3919, 5171, 3330, 2506, 3126, 3434, 223, 1272, 1304, 2738, 3311, 1290, 3073, 3199, 5388, 1989, 2828, 1431, 2509, 1643, 3373, 2821, 1188, 2859, 1955, 510, 1486, 595, 2764, 2793, 2298, 708, 1768, 5056, 5179, 4869, 2794, 2360, 4895, 1094, 5372, 2311, 2488, 1066, 2618, 429, 571, 2244, 2290, 1380, 2387, 68, 2439, 1878, 3749, 4145, 3746, 4125, 1315, 2150, 4656, 348, 770, 3019, 2275, 587, 315, 4120, 36, 2855, 3651, 2566, 4293, 640, 1490, 4054, 4959, 1835, 2354, 3522, 4901, 1243, 1571, 3332, 652, 2068, 1808, 5156, 1114, 4716, 2121, 5117, 4747, 4593, 451, 3953, 2782, 2461, 5091, 4920, 4668, 3397, 5247, 1260, 297, 2704, 3504, 3203, 2900, 384, 157, 4868, 3488, 5245, 3173, 1647, 3273, 1192, 3908, 38, 3992, 749, 5294, 3848, 860, 2479, 2459, 867, 3218, 4838, 4482, 20, 1521, 1641, 122, 3118, 2063, 2400, 3519, 1063, 2035, 3442, 2890, 1763, 2119, 5400, 1961, 4854, 2292, 2772, 527, 4917, 4955, 2172, 1186, 4006, 1388, 4382, 4717, 2798, 831, 1206, 189, 5149, 4021, 507, 3599, 3197, 5148, 539, 2171, 2575, 1615, 4032, 2592, 5425, 350, 201, 2074, 3364, 3764, 2122, 3738, 1086, 4460, 400, 63, 1662, 286, 291, 693, 3484, 2629, 4674, 2334, 1913, 4762, 2824, 4767, 4750, 4965, 1785, 2069, 583, 1797, 5051, 4848, 2634, 1507, 4085, 5159, 3279, 3927, 4, 550, 5447, 207, 2799, 551, 5144, 2563, 146, 4989, 4400, 2113, 434, 27, 4129, 3768, 3668, 3459, 3091, 1215, 4091, 1681, 2872, 4014, 4194, 779, 4029, 3756, 4760, 2476, 1749, 4658, 4871, 4348, 2757, 646, 1897, 2195, 316, 716, 4208, 5383, 825, 5370, 3078, 3778, 1702, 3984, 3847, 1150, 4300, 649, 4808, 3775, 4935, 3159, 687, 1223, 946, 4538, 4535, 3077, 5359, 780, 477, 2524, 371, 5142, 3611, 62, 1069, 4193, 883, 4130, 4328, 622, 4974, 1436, 4519, 1762, 4238, 3012, 3554, 4026, 3342, 4182, 5410, 1407, 2736, 913, 4045, 182, 1382, 3625, 1351, 3839, 3583, 2938, 46, 829, 5326, 2230, 612, 5021, 3121, 1127, 3006, 1852, 329, 118, 3794, 4081, 72, 1330, 519, 1195, 2017, 1920, 314, 1129, 3544, 1000, 282, 4041, 2857, 324, 2210, 5283, 2272, 4438, 10, 5341, 4447, 5120, 4167, 1047, 742, 4222, 2916, 3377, 2533, 2707, 2819, 42, 3054, 703, 1519, 1891, 1740, 2997, 347, 5190, 3489, 4284, 833, 4467, 2603, 4198, 4987, 4303, 2483, 435, 4121, 2536, 3048, 2561, 4425, 3177, 2774, 5313, 5078, 1804, 2780, 317, 1372, 1842, 2517, 35, 4283, 3692, 794, 4047, 4496, 4319, 1623, 896, 4416, 3383, 2217, 2330, 2026, 2565, 890, 1423, 3773, 2941, 4926, 2977, 256, 2755, 3724, 1697, 3141, 3189, 2520, 402, 1159, 1593, 508, 1536, 2376, 2842, 691, 3596, 2321, 1576, 5411, 2201, 2532, 4138, 4631, 3815, 4657, 2905, 3472, 4518, 4823, 4810, 2892, 4073, 2806, 3715, 31, 2372, 1782, 2133, 1893, 3932, 4602, 3997, 1607, 1238, 4296, 1350, 4498, 4735, 1489, 4877, 845, 1630, 3469, 4143, 4002, 106, 2773, 2881, 287, 2062, 1757, 4230, 1627, 830, 563, 1196, 2460, 5333, 2472, 1067, 1377, 4844, 3515, 4552, 958, 4347, 1170, 1543, 3120, 2239, 28, 4909, 3026, 515, 3293, 1948, 4948, 76, 970, 840, 4011, 2675, 4050, 37, 108, 4651, 3319, 3660, 5160, 4768, 1911, 5345, 23, 4419, 1815, 447, 581, 4426, 893, 2756, 1864, 4418, 4444, 1411, 3446, 3278, 1618, 4786, 3998, 2055, 2795, 4841, 1599, 1044, 2418, 2206, 1394, 3409, 4428, 5301, 5139, 4504, 3974, 4123, 2414, 3527, 4244, 4985, 3310, 3975, 1318, 952, 4822, 3414, 2223, 1506, 627, 3094, 1236, 4642, 2481, 1629, 4509, 4265, 3829, 4149, 3249, 426, 3817, 2571, 3894, 4662, 744, 4561, 1926, 3576, 2655, 1714, 2072, 1559, 3358, 4741, 2526, 2896, 5132, 613, 4331, 1969, 1727, 1293, 871, 5264, 4669, 1505, 1095]",315,750,1,False,750
138,numeric,human,3,True,False,True,"{2: 151, 1: 172, 5: 122, 3: 154, 4: 141, 0: 10}","[4097, 1548, 5419, 4731, 3902, 3380, 4432, 3710, 3542, 3991, 4880, 2494, 2930, 1237, 5356, 235, 4127, 3911, 217, 3274, 932, 1468, 2624, 2837, 3687, 1483, 2116, 3691, 4885, 1822, 1115, 1952, 4887, 876, 2002, 4576, 3443, 5286, 2441, 4713, 121, 2388, 292, 5439, 83, 4206, 4866, 1120, 5436, 1558, 1312, 2596, 3921, 1887, 388, 2130, 1360, 1525, 4673, 4770, 3790, 1675, 2897, 556, 4577, 4946, 2628, 1915, 2862, 5186, 4722, 3211, 2127, 2225, 352, 1392, 1877, 2901, 1025, 4799, 1285, 2739, 5107, 4436, 415, 2864, 15, 2351, 4600, 2046, 3401, 650, 3938, 1545, 226, 4522, 992, 5069, 534, 18, 335, 3566, 3064, 2698, 989, 123, 1932, 4178, 3670, 4847, 1514, 2273, 1786, 574, 2856, 3256, 618, 4694, 5405, 4404, 2676, 3762, 5255, 3755, 2485, 5321, 536, 233, 3760, 1837, 4431, 3948, 5252, 3797, 1538, 13, 1387, 1886, 1994, 2954, 4108, 3432, 3881, 4477, 2919, 4613, 5175, 714, 1719, 4590, 3976, 3180, 2250, 2329, 3919, 5171, 3330, 2506, 3126, 3434, 223, 1272, 1304, 2738, 3311, 1290, 3073, 3199, 5388, 1989, 2828, 1431, 2509, 1643, 3373, 2821, 1188, 2859, 1955, 510, 1486, 595, 2764, 2793, 2298, 708, 1768, 5056, 5179, 4869, 2794, 2360, 4895, 1094, 5372, 2311, 2488, 1066, 2618, 429, 571, 2244, 2290, 1380, 2387, 68, 2439, 1878, 3749, 4145, 3746, 4125, 1315, 2150, 4656, 348, 770, 3019, 2275, 587, 315, 4120, 36, 2855, 3651, 2566, 4293, 640, 1490, 4054, 4959, 1835, 2354, 3522, 4901, 1243, 1571, 3332, 652, 2068, 1808, 5156, 1114, 4716, 2121, 5117, 4747, 4593, 451, 3953, 2782, 2461, 5091, 4920, 4668, 3397, 5247, 1260, 297, 2704, 3504, 3203, 2900, 384, 157, 4868, 3488, 5245, 3173, 1647, 3273, 1192, 3908, 38, 3992, 749, 5294, 3848, 860, 2479, 2459, 867, 3218, 4838, 4482, 20, 1521, 1641, 122, 3118, 2063, 2400, 3519, 1063, 2035, 3442, 2890, 1763, 2119, 5400, 1961, 4854, 2292, 2772, 527, 4917, 4955, 2172, 1186, 4006, 1388, 4382, 4717, 2798, 831, 1206, 189, 5149, 4021, 507, 3599, 3197, 5148, 539, 2171, 2575, 1615, 4032, 2592, 5425, 350, 201, 2074, 3364, 3764, 2122, 3738, 1086, 4460, 400, 63, 1662, 286, 291, 693, 3484, 2629, 4674, 2334, 1913, 4762, 2824, 4767, 4750, 4965, 1785, 2069, 583, 1797, 5051, 4848, 2634, 1507, 4085, 5159, 3279, 3927, 4, 550, 5447, 207, 2799, 551, 5144, 2563, 146, 4989, 4400, 2113, 434, 27, 4129, 3768, 3668, 3459, 3091, 1215, 4091, 1681, 2872, 4014, 4194, 779, 4029, 3756, 4760, 2476, 1749, 4658, 4871, 4348, 2757, 646, 1897, 2195, 316, 716, 4208, 5383, 825, 5370, 3078, 3778, 1702, 3984, 3847, 1150, 4300, 649, 4808, 3775, 4935, 3159, 687, 1223, 946, 4538, 4535, 3077, 5359, 780, 477, 2524, 371, 5142, 3611, 62, 1069, 4193, 883, 4130, 4328, 622, 4974, 1436, 4519, 1762, 4238, 3012, 3554, 4026, 3342, 4182, 5410, 1407, 2736, 913, 4045, 182, 1382, 3625, 1351, 3839, 3583, 2938, 46, 829, 5326, 2230, 612, 5021, 3121, 1127, 3006, 1852, 329, 118, 3794, 4081, 72, 1330, 519, 1195, 2017, 1920, 314, 1129, 3544, 1000, 282, 4041, 2857, 324, 2210, 5283, 2272, 4438, 10, 5341, 4447, 5120, 4167, 1047, 742, 4222, 2916, 3377, 2533, 2707, 2819, 42, 3054, 703, 1519, 1891, 1740, 2997, 347, 5190, 3489, 4284, 833, 4467, 2603, 4198, 4987, 4303, 2483, 435, 4121, 2536, 3048, 2561, 4425, 3177, 2774, 5313, 5078, 1804, 2780, 317, 1372, 1842, 2517, 35, 4283, 3692, 794, 4047, 4496, 4319, 1623, 896, 4416, 3383, 2217, 2330, 2026, 2565, 890, 1423, 3773, 2941, 4926, 2977, 256, 2755, 3724, 1697, 3141, 3189, 2520, 402, 1159, 1593, 508, 1536, 2376, 2842, 691, 3596, 2321, 1576, 5411, 2201, 2532, 4138, 4631, 3815, 4657, 2905, 3472, 4518, 4823, 4810, 2892, 4073, 2806, 3715, 31, 2372, 1782, 2133, 1893, 3932, 4602, 3997, 1607, 1238, 4296, 1350, 4498, 4735, 1489, 4877, 845, 1630, 3469, 4143, 4002, 106, 2773, 2881, 287, 2062, 1757, 4230, 1627, 830, 563, 1196, 2460, 5333, 2472, 1067, 1377, 4844, 3515, 4552, 958, 4347, 1170, 1543, 3120, 2239, 28, 4909, 3026, 515, 3293, 1948, 4948, 76, 970, 840, 4011, 2675, 4050, 37, 108, 4651, 3319, 3660, 5160, 4768, 1911, 5345, 23, 4419, 1815, 447, 581, 4426, 893, 2756, 1864, 4418, 4444, 1411, 3446, 3278, 1618, 4786, 3998, 2055, 2795, 4841, 1599, 1044, 2418, 2206, 1394, 3409, 4428, 5301, 5139, 4504, 3974, 4123, 2414, 3527, 4244, 4985, 3310, 3975, 1318, 952, 4822, 3414, 2223, 1506, 627, 3094, 1236, 4642, 2481, 1629, 4509, 4265, 3829, 4149, 3249, 426, 3817, 2571, 3894, 4662, 744, 4561, 1926, 3576, 2655, 1714, 2072, 1559, 3358, 4741, 2526, 2896, 5132, 613, 4331, 1969, 1727, 1293, 871, 5264, 4669, 1505, 1095]",138,750,1,False,750
297,numeric,numeric,5,True,True,True,"{2: 151, 1: 172, 5: 122, 3: 154, 4: 141, 0: 10}","[4097, 1548, 5419, 4731, 3902, 3380, 4432, 3710, 3542, 3991, 4880, 2494, 2930, 1237, 5356, 235, 4127, 3911, 217, 3274, 932, 1468, 2624, 2837, 3687, 1483, 2116, 3691, 4885, 1822, 1115, 1952, 4887, 876, 2002, 4576, 3443, 5286, 2441, 4713, 121, 2388, 292, 5439, 83, 4206, 4866, 1120, 5436, 1558, 1312, 2596, 3921, 1887, 388, 2130, 1360, 1525, 4673, 4770, 3790, 1675, 2897, 556, 4577, 4946, 2628, 1915, 2862, 5186, 4722, 3211, 2127, 2225, 352, 1392, 1877, 2901, 1025, 4799, 1285, 2739, 5107, 4436, 415, 2864, 15, 2351, 4600, 2046, 3401, 650, 3938, 1545, 226, 4522, 992, 5069, 534, 18, 335, 3566, 3064, 2698, 989, 123, 1932, 4178, 3670, 4847, 1514, 2273, 1786, 574, 2856, 3256, 618, 4694, 5405, 4404, 2676, 3762, 5255, 3755, 2485, 5321, 536, 233, 3760, 1837, 4431, 3948, 5252, 3797, 1538, 13, 1387, 1886, 1994, 2954, 4108, 3432, 3881, 4477, 2919, 4613, 5175, 714, 1719, 4590, 3976, 3180, 2250, 2329, 3919, 5171, 3330, 2506, 3126, 3434, 223, 1272, 1304, 2738, 3311, 1290, 3073, 3199, 5388, 1989, 2828, 1431, 2509, 1643, 3373, 2821, 1188, 2859, 1955, 510, 1486, 595, 2764, 2793, 2298, 708, 1768, 5056, 5179, 4869, 2794, 2360, 4895, 1094, 5372, 2311, 2488, 1066, 2618, 429, 571, 2244, 2290, 1380, 2387, 68, 2439, 1878, 3749, 4145, 3746, 4125, 1315, 2150, 4656, 348, 770, 3019, 2275, 587, 315, 4120, 36, 2855, 3651, 2566, 4293, 640, 1490, 4054, 4959, 1835, 2354, 3522, 4901, 1243, 1571, 3332, 652, 2068, 1808, 5156, 1114, 4716, 2121, 5117, 4747, 4593, 451, 3953, 2782, 2461, 5091, 4920, 4668, 3397, 5247, 1260, 297, 2704, 3504, 3203, 2900, 384, 157, 4868, 3488, 5245, 3173, 1647, 3273, 1192, 3908, 38, 3992, 749, 5294, 3848, 860, 2479, 2459, 867, 3218, 4838, 4482, 20, 1521, 1641, 122, 3118, 2063, 2400, 3519, 1063, 2035, 3442, 2890, 1763, 2119, 5400, 1961, 4854, 2292, 2772, 527, 4917, 4955, 2172, 1186, 4006, 1388, 4382, 4717, 2798, 831, 1206, 189, 5149, 4021, 507, 3599, 3197, 5148, 539, 2171, 2575, 1615, 4032, 2592, 5425, 350, 201, 2074, 3364, 3764, 2122, 3738, 1086, 4460, 400, 63, 1662, 286, 291, 693, 3484, 2629, 4674, 2334, 1913, 4762, 2824, 4767, 4750, 4965, 1785, 2069, 583, 1797, 5051, 4848, 2634, 1507, 4085, 5159, 3279, 3927, 4, 550, 5447, 207, 2799, 551, 5144, 2563, 146, 4989, 4400, 2113, 434, 27, 4129, 3768, 3668, 3459, 3091, 1215, 4091, 1681, 2872, 4014, 4194, 779, 4029, 3756, 4760, 2476, 1749, 4658, 4871, 4348, 2757, 646, 1897, 2195, 316, 716, 4208, 5383, 825, 5370, 3078, 3778, 1702, 3984, 3847, 1150, 4300, 649, 4808, 3775, 4935, 3159, 687, 1223, 946, 4538, 4535, 3077, 5359, 780, 477, 2524, 371, 5142, 3611, 62, 1069, 4193, 883, 4130, 4328, 622, 4974, 1436, 4519, 1762, 4238, 3012, 3554, 4026, 3342, 4182, 5410, 1407, 2736, 913, 4045, 182, 1382, 3625, 1351, 3839, 3583, 2938, 46, 829, 5326, 2230, 612, 5021, 3121, 1127, 3006, 1852, 329, 118, 3794, 4081, 72, 1330, 519, 1195, 2017, 1920, 314, 1129, 3544, 1000, 282, 4041, 2857, 324, 2210, 5283, 2272, 4438, 10, 5341, 4447, 5120, 4167, 1047, 742, 4222, 2916, 3377, 2533, 2707, 2819, 42, 3054, 703, 1519, 1891, 1740, 2997, 347, 5190, 3489, 4284, 833, 4467, 2603, 4198, 4987, 4303, 2483, 435, 4121, 2536, 3048, 2561, 4425, 3177, 2774, 5313, 5078, 1804, 2780, 317, 1372, 1842, 2517, 35, 4283, 3692, 794, 4047, 4496, 4319, 1623, 896, 4416, 3383, 2217, 2330, 2026, 2565, 890, 1423, 3773, 2941, 4926, 2977, 256, 2755, 3724, 1697, 3141, 3189, 2520, 402, 1159, 1593, 508, 1536, 2376, 2842, 691, 3596, 2321, 1576, 5411, 2201, 2532, 4138, 4631, 3815, 4657, 2905, 3472, 4518, 4823, 4810, 2892, 4073, 2806, 3715, 31, 2372, 1782, 2133, 1893, 3932, 4602, 3997, 1607, 1238, 4296, 1350, 4498, 4735, 1489, 4877, 845, 1630, 3469, 4143, 4002, 106, 2773, 2881, 287, 2062, 1757, 4230, 1627, 830, 563, 1196, 2460, 5333, 2472, 1067, 1377, 4844, 3515, 4552, 958, 4347, 1170, 1543, 3120, 2239, 28, 4909, 3026, 515, 3293, 1948, 4948, 76, 970, 840, 4011, 2675, 4050, 37, 108, 4651, 3319, 3660, 5160, 4768, 1911, 5345, 23, 4419, 1815, 447, 581, 4426, 893, 2756, 1864, 4418, 4444, 1411, 3446, 3278, 1618, 4786, 3998, 2055, 2795, 4841, 1599, 1044, 2418, 2206, 1394, 3409, 4428, 5301, 5139, 4504, 3974, 4123, 2414, 3527, 4244, 4985, 3310, 3975, 1318, 952, 4822, 3414, 2223, 1506, 627, 3094, 1236, 4642, 2481, 1629, 4509, 4265, 3829, 4149, 3249, 426, 3817, 2571, 3894, 4662, 744, 4561, 1926, 3576, 2655, 1714, 2072, 1559, 3358, 4741, 2526, 2896, 5132, 613, 4331, 1969, 1727, 1293, 871, 5264, 4669, 1505, 1095]",297,750,1,False,750
255,numeric,location,4,True,False,True,"{2: 151, 1: 172, 5: 122, 3: 154, 4: 141, 0: 10}","[4097, 1548, 5419, 4731, 3902, 3380, 4432, 3710, 3542, 3991, 4880, 2494, 2930, 1237, 5356, 235, 4127, 3911, 217, 3274, 932, 1468, 2624, 2837, 3687, 1483, 2116, 3691, 4885, 1822, 1115, 1952, 4887, 876, 2002, 4576, 3443, 5286, 2441, 4713, 121, 2388, 292, 5439, 83, 4206, 4866, 1120, 5436, 1558, 1312, 2596, 3921, 1887, 388, 2130, 1360, 1525, 4673, 4770, 3790, 1675, 2897, 556, 4577, 4946, 2628, 1915, 2862, 5186, 4722, 3211, 2127, 2225, 352, 1392, 1877, 2901, 1025, 4799, 1285, 2739, 5107, 4436, 415, 2864, 15, 2351, 4600, 2046, 3401, 650, 3938, 1545, 226, 4522, 992, 5069, 534, 18, 335, 3566, 3064, 2698, 989, 123, 1932, 4178, 3670, 4847, 1514, 2273, 1786, 574, 2856, 3256, 618, 4694, 5405, 4404, 2676, 3762, 5255, 3755, 2485, 5321, 536, 233, 3760, 1837, 4431, 3948, 5252, 3797, 1538, 13, 1387, 1886, 1994, 2954, 4108, 3432, 3881, 4477, 2919, 4613, 5175, 714, 1719, 4590, 3976, 3180, 2250, 2329, 3919, 5171, 3330, 2506, 3126, 3434, 223, 1272, 1304, 2738, 3311, 1290, 3073, 3199, 5388, 1989, 2828, 1431, 2509, 1643, 3373, 2821, 1188, 2859, 1955, 510, 1486, 595, 2764, 2793, 2298, 708, 1768, 5056, 5179, 4869, 2794, 2360, 4895, 1094, 5372, 2311, 2488, 1066, 2618, 429, 571, 2244, 2290, 1380, 2387, 68, 2439, 1878, 3749, 4145, 3746, 4125, 1315, 2150, 4656, 348, 770, 3019, 2275, 587, 315, 4120, 36, 2855, 3651, 2566, 4293, 640, 1490, 4054, 4959, 1835, 2354, 3522, 4901, 1243, 1571, 3332, 652, 2068, 1808, 5156, 1114, 4716, 2121, 5117, 4747, 4593, 451, 3953, 2782, 2461, 5091, 4920, 4668, 3397, 5247, 1260, 297, 2704, 3504, 3203, 2900, 384, 157, 4868, 3488, 5245, 3173, 1647, 3273, 1192, 3908, 38, 3992, 749, 5294, 3848, 860, 2479, 2459, 867, 3218, 4838, 4482, 20, 1521, 1641, 122, 3118, 2063, 2400, 3519, 1063, 2035, 3442, 2890, 1763, 2119, 5400, 1961, 4854, 2292, 2772, 527, 4917, 4955, 2172, 1186, 4006, 1388, 4382, 4717, 2798, 831, 1206, 189, 5149, 4021, 507, 3599, 3197, 5148, 539, 2171, 2575, 1615, 4032, 2592, 5425, 350, 201, 2074, 3364, 3764, 2122, 3738, 1086, 4460, 400, 63, 1662, 286, 291, 693, 3484, 2629, 4674, 2334, 1913, 4762, 2824, 4767, 4750, 4965, 1785, 2069, 583, 1797, 5051, 4848, 2634, 1507, 4085, 5159, 3279, 3927, 4, 550, 5447, 207, 2799, 551, 5144, 2563, 146, 4989, 4400, 2113, 434, 27, 4129, 3768, 3668, 3459, 3091, 1215, 4091, 1681, 2872, 4014, 4194, 779, 4029, 3756, 4760, 2476, 1749, 4658, 4871, 4348, 2757, 646, 1897, 2195, 316, 716, 4208, 5383, 825, 5370, 3078, 3778, 1702, 3984, 3847, 1150, 4300, 649, 4808, 3775, 4935, 3159, 687, 1223, 946, 4538, 4535, 3077, 5359, 780, 477, 2524, 371, 5142, 3611, 62, 1069, 4193, 883, 4130, 4328, 622, 4974, 1436, 4519, 1762, 4238, 3012, 3554, 4026, 3342, 4182, 5410, 1407, 2736, 913, 4045, 182, 1382, 3625, 1351, 3839, 3583, 2938, 46, 829, 5326, 2230, 612, 5021, 3121, 1127, 3006, 1852, 329, 118, 3794, 4081, 72, 1330, 519, 1195, 2017, 1920, 314, 1129, 3544, 1000, 282, 4041, 2857, 324, 2210, 5283, 2272, 4438, 10, 5341, 4447, 5120, 4167, 1047, 742, 4222, 2916, 3377, 2533, 2707, 2819, 42, 3054, 703, 1519, 1891, 1740, 2997, 347, 5190, 3489, 4284, 833, 4467, 2603, 4198, 4987, 4303, 2483, 435, 4121, 2536, 3048, 2561, 4425, 3177, 2774, 5313, 5078, 1804, 2780, 317, 1372, 1842, 2517, 35, 4283, 3692, 794, 4047, 4496, 4319, 1623, 896, 4416, 3383, 2217, 2330, 2026, 2565, 890, 1423, 3773, 2941, 4926, 2977, 256, 2755, 3724, 1697, 3141, 3189, 2520, 402, 1159, 1593, 508, 1536, 2376, 2842, 691, 3596, 2321, 1576, 5411, 2201, 2532, 4138, 4631, 3815, 4657, 2905, 3472, 4518, 4823, 4810, 2892, 4073, 2806, 3715, 31, 2372, 1782, 2133, 1893, 3932, 4602, 3997, 1607, 1238, 4296, 1350, 4498, 4735, 1489, 4877, 845, 1630, 3469, 4143, 4002, 106, 2773, 2881, 287, 2062, 1757, 4230, 1627, 830, 563, 1196, 2460, 5333, 2472, 1067, 1377, 4844, 3515, 4552, 958, 4347, 1170, 1543, 3120, 2239, 28, 4909, 3026, 515, 3293, 1948, 4948, 76, 970, 840, 4011, 2675, 4050, 37, 108, 4651, 3319, 3660, 5160, 4768, 1911, 5345, 23, 4419, 1815, 447, 581, 4426, 893, 2756, 1864, 4418, 4444, 1411, 3446, 3278, 1618, 4786, 3998, 2055, 2795, 4841, 1599, 1044, 2418, 2206, 1394, 3409, 4428, 5301, 5139, 4504, 3974, 4123, 2414, 3527, 4244, 4985, 3310, 3975, 1318, 952, 4822, 3414, 2223, 1506, 627, 3094, 1236, 4642, 2481, 1629, 4509, 4265, 3829, 4149, 3249, 426, 3817, 2571, 3894, 4662, 744, 4561, 1926, 3576, 2655, 1714, 2072, 1559, 3358, 4741, 2526, 2896, 5132, 613, 4331, 1969, 1727, 1293, 871, 5264, 4669, 1505, 1095]",255,750,1,False,750
166,numeric,numeric,5,True,True,True,"{2: 151, 1: 172, 5: 122, 3: 154, 4: 141, 0: 10}","[4097, 1548, 5419, 4731, 3902, 3380, 4432, 3710, 3542, 3991, 4880, 2494, 2930, 1237, 5356, 235, 4127, 3911, 217, 3274, 932, 1468, 2624, 2837, 3687, 1483, 2116, 3691, 4885, 1822, 1115, 1952, 4887, 876, 2002, 4576, 3443, 5286, 2441, 4713, 121, 2388, 292, 5439, 83, 4206, 4866, 1120, 5436, 1558, 1312, 2596, 3921, 1887, 388, 2130, 1360, 1525, 4673, 4770, 3790, 1675, 2897, 556, 4577, 4946, 2628, 1915, 2862, 5186, 4722, 3211, 2127, 2225, 352, 1392, 1877, 2901, 1025, 4799, 1285, 2739, 5107, 4436, 415, 2864, 15, 2351, 4600, 2046, 3401, 650, 3938, 1545, 226, 4522, 992, 5069, 534, 18, 335, 3566, 3064, 2698, 989, 123, 1932, 4178, 3670, 4847, 1514, 2273, 1786, 574, 2856, 3256, 618, 4694, 5405, 4404, 2676, 3762, 5255, 3755, 2485, 5321, 536, 233, 3760, 1837, 4431, 3948, 5252, 3797, 1538, 13, 1387, 1886, 1994, 2954, 4108, 3432, 3881, 4477, 2919, 4613, 5175, 714, 1719, 4590, 3976, 3180, 2250, 2329, 3919, 5171, 3330, 2506, 3126, 3434, 223, 1272, 1304, 2738, 3311, 1290, 3073, 3199, 5388, 1989, 2828, 1431, 2509, 1643, 3373, 2821, 1188, 2859, 1955, 510, 1486, 595, 2764, 2793, 2298, 708, 1768, 5056, 5179, 4869, 2794, 2360, 4895, 1094, 5372, 2311, 2488, 1066, 2618, 429, 571, 2244, 2290, 1380, 2387, 68, 2439, 1878, 3749, 4145, 3746, 4125, 1315, 2150, 4656, 348, 770, 3019, 2275, 587, 315, 4120, 36, 2855, 3651, 2566, 4293, 640, 1490, 4054, 4959, 1835, 2354, 3522, 4901, 1243, 1571, 3332, 652, 2068, 1808, 5156, 1114, 4716, 2121, 5117, 4747, 4593, 451, 3953, 2782, 2461, 5091, 4920, 4668, 3397, 5247, 1260, 297, 2704, 3504, 3203, 2900, 384, 157, 4868, 3488, 5245, 3173, 1647, 3273, 1192, 3908, 38, 3992, 749, 5294, 3848, 860, 2479, 2459, 867, 3218, 4838, 4482, 20, 1521, 1641, 122, 3118, 2063, 2400, 3519, 1063, 2035, 3442, 2890, 1763, 2119, 5400, 1961, 4854, 2292, 2772, 527, 4917, 4955, 2172, 1186, 4006, 1388, 4382, 4717, 2798, 831, 1206, 189, 5149, 4021, 507, 3599, 3197, 5148, 539, 2171, 2575, 1615, 4032, 2592, 5425, 350, 201, 2074, 3364, 3764, 2122, 3738, 1086, 4460, 400, 63, 1662, 286, 291, 693, 3484, 2629, 4674, 2334, 1913, 4762, 2824, 4767, 4750, 4965, 1785, 2069, 583, 1797, 5051, 4848, 2634, 1507, 4085, 5159, 3279, 3927, 4, 550, 5447, 207, 2799, 551, 5144, 2563, 146, 4989, 4400, 2113, 434, 27, 4129, 3768, 3668, 3459, 3091, 1215, 4091, 1681, 2872, 4014, 4194, 779, 4029, 3756, 4760, 2476, 1749, 4658, 4871, 4348, 2757, 646, 1897, 2195, 316, 716, 4208, 5383, 825, 5370, 3078, 3778, 1702, 3984, 3847, 1150, 4300, 649, 4808, 3775, 4935, 3159, 687, 1223, 946, 4538, 4535, 3077, 5359, 780, 477, 2524, 371, 5142, 3611, 62, 1069, 4193, 883, 4130, 4328, 622, 4974, 1436, 4519, 1762, 4238, 3012, 3554, 4026, 3342, 4182, 5410, 1407, 2736, 913, 4045, 182, 1382, 3625, 1351, 3839, 3583, 2938, 46, 829, 5326, 2230, 612, 5021, 3121, 1127, 3006, 1852, 329, 118, 3794, 4081, 72, 1330, 519, 1195, 2017, 1920, 314, 1129, 3544, 1000, 282, 4041, 2857, 324, 2210, 5283, 2272, 4438, 10, 5341, 4447, 5120, 4167, 1047, 742, 4222, 2916, 3377, 2533, 2707, 2819, 42, 3054, 703, 1519, 1891, 1740, 2997, 347, 5190, 3489, 4284, 833, 4467, 2603, 4198, 4987, 4303, 2483, 435, 4121, 2536, 3048, 2561, 4425, 3177, 2774, 5313, 5078, 1804, 2780, 317, 1372, 1842, 2517, 35, 4283, 3692, 794, 4047, 4496, 4319, 1623, 896, 4416, 3383, 2217, 2330, 2026, 2565, 890, 1423, 3773, 2941, 4926, 2977, 256, 2755, 3724, 1697, 3141, 3189, 2520, 402, 1159, 1593, 508, 1536, 2376, 2842, 691, 3596, 2321, 1576, 5411, 2201, 2532, 4138, 4631, 3815, 4657, 2905, 3472, 4518, 4823, 4810, 2892, 4073, 2806, 3715, 31, 2372, 1782, 2133, 1893, 3932, 4602, 3997, 1607, 1238, 4296, 1350, 4498, 4735, 1489, 4877, 845, 1630, 3469, 4143, 4002, 106, 2773, 2881, 287, 2062, 1757, 4230, 1627, 830, 563, 1196, 2460, 5333, 2472, 1067, 1377, 4844, 3515, 4552, 958, 4347, 1170, 1543, 3120, 2239, 28, 4909, 3026, 515, 3293, 1948, 4948, 76, 970, 840, 4011, 2675, 4050, 37, 108, 4651, 3319, 3660, 5160, 4768, 1911, 5345, 23, 4419, 1815, 447, 581, 4426, 893, 2756, 1864, 4418, 4444, 1411, 3446, 3278, 1618, 4786, 3998, 2055, 2795, 4841, 1599, 1044, 2418, 2206, 1394, 3409, 4428, 5301, 5139, 4504, 3974, 4123, 2414, 3527, 4244, 4985, 3310, 3975, 1318, 952, 4822, 3414, 2223, 1506, 627, 3094, 1236, 4642, 2481, 1629, 4509, 4265, 3829, 4149, 3249, 426, 3817, 2571, 3894, 4662, 744, 4561, 1926, 3576, 2655, 1714, 2072, 1559, 3358, 4741, 2526, 2896, 5132, 613, 4331, 1969, 1727, 1293, 871, 5264, 4669, 1505, 1095]",166,750,1,False,750
6,numeric,human,3,True,False,True,"{2: 151, 1: 172, 5: 122, 3: 154, 4: 141, 0: 10}","[4097, 1548, 5419, 4731, 3902, 3380, 4432, 3710, 3542, 3991, 4880, 2494, 2930, 1237, 5356, 235, 4127, 3911, 217, 3274, 932, 1468, 2624, 2837, 3687, 1483, 2116, 3691, 4885, 1822, 1115, 1952, 4887, 876, 2002, 4576, 3443, 5286, 2441, 4713, 121, 2388, 292, 5439, 83, 4206, 4866, 1120, 5436, 1558, 1312, 2596, 3921, 1887, 388, 2130, 1360, 1525, 4673, 4770, 3790, 1675, 2897, 556, 4577, 4946, 2628, 1915, 2862, 5186, 4722, 3211, 2127, 2225, 352, 1392, 1877, 2901, 1025, 4799, 1285, 2739, 5107, 4436, 415, 2864, 15, 2351, 4600, 2046, 3401, 650, 3938, 1545, 226, 4522, 992, 5069, 534, 18, 335, 3566, 3064, 2698, 989, 123, 1932, 4178, 3670, 4847, 1514, 2273, 1786, 574, 2856, 3256, 618, 4694, 5405, 4404, 2676, 3762, 5255, 3755, 2485, 5321, 536, 233, 3760, 1837, 4431, 3948, 5252, 3797, 1538, 13, 1387, 1886, 1994, 2954, 4108, 3432, 3881, 4477, 2919, 4613, 5175, 714, 1719, 4590, 3976, 3180, 2250, 2329, 3919, 5171, 3330, 2506, 3126, 3434, 223, 1272, 1304, 2738, 3311, 1290, 3073, 3199, 5388, 1989, 2828, 1431, 2509, 1643, 3373, 2821, 1188, 2859, 1955, 510, 1486, 595, 2764, 2793, 2298, 708, 1768, 5056, 5179, 4869, 2794, 2360, 4895, 1094, 5372, 2311, 2488, 1066, 2618, 429, 571, 2244, 2290, 1380, 2387, 68, 2439, 1878, 3749, 4145, 3746, 4125, 1315, 2150, 4656, 348, 770, 3019, 2275, 587, 315, 4120, 36, 2855, 3651, 2566, 4293, 640, 1490, 4054, 4959, 1835, 2354, 3522, 4901, 1243, 1571, 3332, 652, 2068, 1808, 5156, 1114, 4716, 2121, 5117, 4747, 4593, 451, 3953, 2782, 2461, 5091, 4920, 4668, 3397, 5247, 1260, 297, 2704, 3504, 3203, 2900, 384, 157, 4868, 3488, 5245, 3173, 1647, 3273, 1192, 3908, 38, 3992, 749, 5294, 3848, 860, 2479, 2459, 867, 3218, 4838, 4482, 20, 1521, 1641, 122, 3118, 2063, 2400, 3519, 1063, 2035, 3442, 2890, 1763, 2119, 5400, 1961, 4854, 2292, 2772, 527, 4917, 4955, 2172, 1186, 4006, 1388, 4382, 4717, 2798, 831, 1206, 189, 5149, 4021, 507, 3599, 3197, 5148, 539, 2171, 2575, 1615, 4032, 2592, 5425, 350, 201, 2074, 3364, 3764, 2122, 3738, 1086, 4460, 400, 63, 1662, 286, 291, 693, 3484, 2629, 4674, 2334, 1913, 4762, 2824, 4767, 4750, 4965, 1785, 2069, 583, 1797, 5051, 4848, 2634, 1507, 4085, 5159, 3279, 3927, 4, 550, 5447, 207, 2799, 551, 5144, 2563, 146, 4989, 4400, 2113, 434, 27, 4129, 3768, 3668, 3459, 3091, 1215, 4091, 1681, 2872, 4014, 4194, 779, 4029, 3756, 4760, 2476, 1749, 4658, 4871, 4348, 2757, 646, 1897, 2195, 316, 716, 4208, 5383, 825, 5370, 3078, 3778, 1702, 3984, 3847, 1150, 4300, 649, 4808, 3775, 4935, 3159, 687, 1223, 946, 4538, 4535, 3077, 5359, 780, 477, 2524, 371, 5142, 3611, 62, 1069, 4193, 883, 4130, 4328, 622, 4974, 1436, 4519, 1762, 4238, 3012, 3554, 4026, 3342, 4182, 5410, 1407, 2736, 913, 4045, 182, 1382, 3625, 1351, 3839, 3583, 2938, 46, 829, 5326, 2230, 612, 5021, 3121, 1127, 3006, 1852, 329, 118, 3794, 4081, 72, 1330, 519, 1195, 2017, 1920, 314, 1129, 3544, 1000, 282, 4041, 2857, 324, 2210, 5283, 2272, 4438, 10, 5341, 4447, 5120, 4167, 1047, 742, 4222, 2916, 3377, 2533, 2707, 2819, 42, 3054, 703, 1519, 1891, 1740, 2997, 347, 5190, 3489, 4284, 833, 4467, 2603, 4198, 4987, 4303, 2483, 435, 4121, 2536, 3048, 2561, 4425, 3177, 2774, 5313, 5078, 1804, 2780, 317, 1372, 1842, 2517, 35, 4283, 3692, 794, 4047, 4496, 4319, 1623, 896, 4416, 3383, 2217, 2330, 2026, 2565, 890, 1423, 3773, 2941, 4926, 2977, 256, 2755, 3724, 1697, 3141, 3189, 2520, 402, 1159, 1593, 508, 1536, 2376, 2842, 691, 3596, 2321, 1576, 5411, 2201, 2532, 4138, 4631, 3815, 4657, 2905, 3472, 4518, 4823, 4810, 2892, 4073, 2806, 3715, 31, 2372, 1782, 2133, 1893, 3932, 4602, 3997, 1607, 1238, 4296, 1350, 4498, 4735, 1489, 4877, 845, 1630, 3469, 4143, 4002, 106, 2773, 2881, 287, 2062, 1757, 4230, 1627, 830, 563, 1196, 2460, 5333, 2472, 1067, 1377, 4844, 3515, 4552, 958, 4347, 1170, 1543, 3120, 2239, 28, 4909, 3026, 515, 3293, 1948, 4948, 76, 970, 840, 4011, 2675, 4050, 37, 108, 4651, 3319, 3660, 5160, 4768, 1911, 5345, 23, 4419, 1815, 447, 581, 4426, 893, 2756, 1864, 4418, 4444, 1411, 3446, 3278, 1618, 4786, 3998, 2055, 2795, 4841, 1599, 1044, 2418, 2206, 1394, 3409, 4428, 5301, 5139, 4504, 3974, 4123, 2414, 3527, 4244, 4985, 3310, 3975, 1318, 952, 4822, 3414, 2223, 1506, 627, 3094, 1236, 4642, 2481, 1629, 4509, 4265, 3829, 4149, 3249, 426, 3817, 2571, 3894, 4662, 744, 4561, 1926, 3576, 2655, 1714, 2072, 1559, 3358, 4741, 2526, 2896, 5132, 613, 4331, 1969, 1727, 1293, 871, 5264, 4669, 1505, 1095]",6,750,1,False,750
248,description,description,2,True,True,True,"{2: 151, 1: 172, 5: 122, 3: 154, 4: 141, 0: 10}","[4097, 1548, 5419, 4731, 3902, 3380, 4432, 3710, 3542, 3991, 4880, 2494, 2930, 1237, 5356, 235, 4127, 3911, 217, 3274, 932, 1468, 2624, 2837, 3687, 1483, 2116, 3691, 4885, 1822, 1115, 1952, 4887, 876, 2002, 4576, 3443, 5286, 2441, 4713, 121, 2388, 292, 5439, 83, 4206, 4866, 1120, 5436, 1558, 1312, 2596, 3921, 1887, 388, 2130, 1360, 1525, 4673, 4770, 3790, 1675, 2897, 556, 4577, 4946, 2628, 1915, 2862, 5186, 4722, 3211, 2127, 2225, 352, 1392, 1877, 2901, 1025, 4799, 1285, 2739, 5107, 4436, 415, 2864, 15, 2351, 4600, 2046, 3401, 650, 3938, 1545, 226, 4522, 992, 5069, 534, 18, 335, 3566, 3064, 2698, 989, 123, 1932, 4178, 3670, 4847, 1514, 2273, 1786, 574, 2856, 3256, 618, 4694, 5405, 4404, 2676, 3762, 5255, 3755, 2485, 5321, 536, 233, 3760, 1837, 4431, 3948, 5252, 3797, 1538, 13, 1387, 1886, 1994, 2954, 4108, 3432, 3881, 4477, 2919, 4613, 5175, 714, 1719, 4590, 3976, 3180, 2250, 2329, 3919, 5171, 3330, 2506, 3126, 3434, 223, 1272, 1304, 2738, 3311, 1290, 3073, 3199, 5388, 1989, 2828, 1431, 2509, 1643, 3373, 2821, 1188, 2859, 1955, 510, 1486, 595, 2764, 2793, 2298, 708, 1768, 5056, 5179, 4869, 2794, 2360, 4895, 1094, 5372, 2311, 2488, 1066, 2618, 429, 571, 2244, 2290, 1380, 2387, 68, 2439, 1878, 3749, 4145, 3746, 4125, 1315, 2150, 4656, 348, 770, 3019, 2275, 587, 315, 4120, 36, 2855, 3651, 2566, 4293, 640, 1490, 4054, 4959, 1835, 2354, 3522, 4901, 1243, 1571, 3332, 652, 2068, 1808, 5156, 1114, 4716, 2121, 5117, 4747, 4593, 451, 3953, 2782, 2461, 5091, 4920, 4668, 3397, 5247, 1260, 297, 2704, 3504, 3203, 2900, 384, 157, 4868, 3488, 5245, 3173, 1647, 3273, 1192, 3908, 38, 3992, 749, 5294, 3848, 860, 2479, 2459, 867, 3218, 4838, 4482, 20, 1521, 1641, 122, 3118, 2063, 2400, 3519, 1063, 2035, 3442, 2890, 1763, 2119, 5400, 1961, 4854, 2292, 2772, 527, 4917, 4955, 2172, 1186, 4006, 1388, 4382, 4717, 2798, 831, 1206, 189, 5149, 4021, 507, 3599, 3197, 5148, 539, 2171, 2575, 1615, 4032, 2592, 5425, 350, 201, 2074, 3364, 3764, 2122, 3738, 1086, 4460, 400, 63, 1662, 286, 291, 693, 3484, 2629, 4674, 2334, 1913, 4762, 2824, 4767, 4750, 4965, 1785, 2069, 583, 1797, 5051, 4848, 2634, 1507, 4085, 5159, 3279, 3927, 4, 550, 5447, 207, 2799, 551, 5144, 2563, 146, 4989, 4400, 2113, 434, 27, 4129, 3768, 3668, 3459, 3091, 1215, 4091, 1681, 2872, 4014, 4194, 779, 4029, 3756, 4760, 2476, 1749, 4658, 4871, 4348, 2757, 646, 1897, 2195, 316, 716, 4208, 5383, 825, 5370, 3078, 3778, 1702, 3984, 3847, 1150, 4300, 649, 4808, 3775, 4935, 3159, 687, 1223, 946, 4538, 4535, 3077, 5359, 780, 477, 2524, 371, 5142, 3611, 62, 1069, 4193, 883, 4130, 4328, 622, 4974, 1436, 4519, 1762, 4238, 3012, 3554, 4026, 3342, 4182, 5410, 1407, 2736, 913, 4045, 182, 1382, 3625, 1351, 3839, 3583, 2938, 46, 829, 5326, 2230, 612, 5021, 3121, 1127, 3006, 1852, 329, 118, 3794, 4081, 72, 1330, 519, 1195, 2017, 1920, 314, 1129, 3544, 1000, 282, 4041, 2857, 324, 2210, 5283, 2272, 4438, 10, 5341, 4447, 5120, 4167, 1047, 742, 4222, 2916, 3377, 2533, 2707, 2819, 42, 3054, 703, 1519, 1891, 1740, 2997, 347, 5190, 3489, 4284, 833, 4467, 2603, 4198, 4987, 4303, 2483, 435, 4121, 2536, 3048, 2561, 4425, 3177, 2774, 5313, 5078, 1804, 2780, 317, 1372, 1842, 2517, 35, 4283, 3692, 794, 4047, 4496, 4319, 1623, 896, 4416, 3383, 2217, 2330, 2026, 2565, 890, 1423, 3773, 2941, 4926, 2977, 256, 2755, 3724, 1697, 3141, 3189, 2520, 402, 1159, 1593, 508, 1536, 2376, 2842, 691, 3596, 2321, 1576, 5411, 2201, 2532, 4138, 4631, 3815, 4657, 2905, 3472, 4518, 4823, 4810, 2892, 4073, 2806, 3715, 31, 2372, 1782, 2133, 1893, 3932, 4602, 3997, 1607, 1238, 4296, 1350, 4498, 4735, 1489, 4877, 845, 1630, 3469, 4143, 4002, 106, 2773, 2881, 287, 2062, 1757, 4230, 1627, 830, 563, 1196, 2460, 5333, 2472, 1067, 1377, 4844, 3515, 4552, 958, 4347, 1170, 1543, 3120, 2239, 28, 4909, 3026, 515, 3293, 1948, 4948, 76, 970, 840, 4011, 2675, 4050, 37, 108, 4651, 3319, 3660, 5160, 4768, 1911, 5345, 23, 4419, 1815, 447, 581, 4426, 893, 2756, 1864, 4418, 4444, 1411, 3446, 3278, 1618, 4786, 3998, 2055, 2795, 4841, 1599, 1044, 2418, 2206, 1394, 3409, 4428, 5301, 5139, 4504, 3974, 4123, 2414, 3527, 4244, 4985, 3310, 3975, 1318, 952, 4822, 3414, 2223, 1506, 627, 3094, 1236, 4642, 2481, 1629, 4509, 4265, 3829, 4149, 3249, 426, 3817, 2571, 3894, 4662, 744, 4561, 1926, 3576, 2655, 1714, 2072, 1559, 3358, 4741, 2526, 2896, 5132, 613, 4331, 1969, 1727, 1293, 871, 5264, 4669, 1505, 1095]",248,750,1,False,750
240,numeric,location,4,True,False,True,"{2: 151, 1: 172, 5: 122, 3: 154, 4: 141, 0: 10}","[4097, 1548, 5419, 4731, 3902, 3380, 4432, 3710, 3542, 3991, 4880, 2494, 2930, 1237, 5356, 235, 4127, 3911, 217, 3274, 932, 1468, 2624, 2837, 3687, 1483, 2116, 3691, 4885, 1822, 1115, 1952, 4887, 876, 2002, 4576, 3443, 5286, 2441, 4713, 121, 2388, 292, 5439, 83, 4206, 4866, 1120, 5436, 1558, 1312, 2596, 3921, 1887, 388, 2130, 1360, 1525, 4673, 4770, 3790, 1675, 2897, 556, 4577, 4946, 2628, 1915, 2862, 5186, 4722, 3211, 2127, 2225, 352, 1392, 1877, 2901, 1025, 4799, 1285, 2739, 5107, 4436, 415, 2864, 15, 2351, 4600, 2046, 3401, 650, 3938, 1545, 226, 4522, 992, 5069, 534, 18, 335, 3566, 3064, 2698, 989, 123, 1932, 4178, 3670, 4847, 1514, 2273, 1786, 574, 2856, 3256, 618, 4694, 5405, 4404, 2676, 3762, 5255, 3755, 2485, 5321, 536, 233, 3760, 1837, 4431, 3948, 5252, 3797, 1538, 13, 1387, 1886, 1994, 2954, 4108, 3432, 3881, 4477, 2919, 4613, 5175, 714, 1719, 4590, 3976, 3180, 2250, 2329, 3919, 5171, 3330, 2506, 3126, 3434, 223, 1272, 1304, 2738, 3311, 1290, 3073, 3199, 5388, 1989, 2828, 1431, 2509, 1643, 3373, 2821, 1188, 2859, 1955, 510, 1486, 595, 2764, 2793, 2298, 708, 1768, 5056, 5179, 4869, 2794, 2360, 4895, 1094, 5372, 2311, 2488, 1066, 2618, 429, 571, 2244, 2290, 1380, 2387, 68, 2439, 1878, 3749, 4145, 3746, 4125, 1315, 2150, 4656, 348, 770, 3019, 2275, 587, 315, 4120, 36, 2855, 3651, 2566, 4293, 640, 1490, 4054, 4959, 1835, 2354, 3522, 4901, 1243, 1571, 3332, 652, 2068, 1808, 5156, 1114, 4716, 2121, 5117, 4747, 4593, 451, 3953, 2782, 2461, 5091, 4920, 4668, 3397, 5247, 1260, 297, 2704, 3504, 3203, 2900, 384, 157, 4868, 3488, 5245, 3173, 1647, 3273, 1192, 3908, 38, 3992, 749, 5294, 3848, 860, 2479, 2459, 867, 3218, 4838, 4482, 20, 1521, 1641, 122, 3118, 2063, 2400, 3519, 1063, 2035, 3442, 2890, 1763, 2119, 5400, 1961, 4854, 2292, 2772, 527, 4917, 4955, 2172, 1186, 4006, 1388, 4382, 4717, 2798, 831, 1206, 189, 5149, 4021, 507, 3599, 3197, 5148, 539, 2171, 2575, 1615, 4032, 2592, 5425, 350, 201, 2074, 3364, 3764, 2122, 3738, 1086, 4460, 400, 63, 1662, 286, 291, 693, 3484, 2629, 4674, 2334, 1913, 4762, 2824, 4767, 4750, 4965, 1785, 2069, 583, 1797, 5051, 4848, 2634, 1507, 4085, 5159, 3279, 3927, 4, 550, 5447, 207, 2799, 551, 5144, 2563, 146, 4989, 4400, 2113, 434, 27, 4129, 3768, 3668, 3459, 3091, 1215, 4091, 1681, 2872, 4014, 4194, 779, 4029, 3756, 4760, 2476, 1749, 4658, 4871, 4348, 2757, 646, 1897, 2195, 316, 716, 4208, 5383, 825, 5370, 3078, 3778, 1702, 3984, 3847, 1150, 4300, 649, 4808, 3775, 4935, 3159, 687, 1223, 946, 4538, 4535, 3077, 5359, 780, 477, 2524, 371, 5142, 3611, 62, 1069, 4193, 883, 4130, 4328, 622, 4974, 1436, 4519, 1762, 4238, 3012, 3554, 4026, 3342, 4182, 5410, 1407, 2736, 913, 4045, 182, 1382, 3625, 1351, 3839, 3583, 2938, 46, 829, 5326, 2230, 612, 5021, 3121, 1127, 3006, 1852, 329, 118, 3794, 4081, 72, 1330, 519, 1195, 2017, 1920, 314, 1129, 3544, 1000, 282, 4041, 2857, 324, 2210, 5283, 2272, 4438, 10, 5341, 4447, 5120, 4167, 1047, 742, 4222, 2916, 3377, 2533, 2707, 2819, 42, 3054, 703, 1519, 1891, 1740, 2997, 347, 5190, 3489, 4284, 833, 4467, 2603, 4198, 4987, 4303, 2483, 435, 4121, 2536, 3048, 2561, 4425, 3177, 2774, 5313, 5078, 1804, 2780, 317, 1372, 1842, 2517, 35, 4283, 3692, 794, 4047, 4496, 4319, 1623, 896, 4416, 3383, 2217, 2330, 2026, 2565, 890, 1423, 3773, 2941, 4926, 2977, 256, 2755, 3724, 1697, 3141, 3189, 2520, 402, 1159, 1593, 508, 1536, 2376, 2842, 691, 3596, 2321, 1576, 5411, 2201, 2532, 4138, 4631, 3815, 4657, 2905, 3472, 4518, 4823, 4810, 2892, 4073, 2806, 3715, 31, 2372, 1782, 2133, 1893, 3932, 4602, 3997, 1607, 1238, 4296, 1350, 4498, 4735, 1489, 4877, 845, 1630, 3469, 4143, 4002, 106, 2773, 2881, 287, 2062, 1757, 4230, 1627, 830, 563, 1196, 2460, 5333, 2472, 1067, 1377, 4844, 3515, 4552, 958, 4347, 1170, 1543, 3120, 2239, 28, 4909, 3026, 515, 3293, 1948, 4948, 76, 970, 840, 4011, 2675, 4050, 37, 108, 4651, 3319, 3660, 5160, 4768, 1911, 5345, 23, 4419, 1815, 447, 581, 4426, 893, 2756, 1864, 4418, 4444, 1411, 3446, 3278, 1618, 4786, 3998, 2055, 2795, 4841, 1599, 1044, 2418, 2206, 1394, 3409, 4428, 5301, 5139, 4504, 3974, 4123, 2414, 3527, 4244, 4985, 3310, 3975, 1318, 952, 4822, 3414, 2223, 1506, 627, 3094, 1236, 4642, 2481, 1629, 4509, 4265, 3829, 4149, 3249, 426, 3817, 2571, 3894, 4662, 744, 4561, 1926, 3576, 2655, 1714, 2072, 1559, 3358, 4741, 2526, 2896, 5132, 613, 4331, 1969, 1727, 1293, 871, 5264, 4669, 1505, 1095]",240,750,1,False,750
299,numeric,entity,1,True,False,True,"{2: 151, 1: 172, 5: 122, 3: 154, 4: 141, 0: 10}","[4097, 1548, 5419, 4731, 3902, 3380, 4432, 3710, 3542, 3991, 4880, 2494, 2930, 1237, 5356, 235, 4127, 3911, 217, 3274, 932, 1468, 2624, 2837, 3687, 1483, 2116, 3691, 4885, 1822, 1115, 1952, 4887, 876, 2002, 4576, 3443, 5286, 2441, 4713, 121, 2388, 292, 5439, 83, 4206, 4866, 1120, 5436, 1558, 1312, 2596, 3921, 1887, 388, 2130, 1360, 1525, 4673, 4770, 3790, 1675, 2897, 556, 4577, 4946, 2628, 1915, 2862, 5186, 4722, 3211, 2127, 2225, 352, 1392, 1877, 2901, 1025, 4799, 1285, 2739, 5107, 4436, 415, 2864, 15, 2351, 4600, 2046, 3401, 650, 3938, 1545, 226, 4522, 992, 5069, 534, 18, 335, 3566, 3064, 2698, 989, 123, 1932, 4178, 3670, 4847, 1514, 2273, 1786, 574, 2856, 3256, 618, 4694, 5405, 4404, 2676, 3762, 5255, 3755, 2485, 5321, 536, 233, 3760, 1837, 4431, 3948, 5252, 3797, 1538, 13, 1387, 1886, 1994, 2954, 4108, 3432, 3881, 4477, 2919, 4613, 5175, 714, 1719, 4590, 3976, 3180, 2250, 2329, 3919, 5171, 3330, 2506, 3126, 3434, 223, 1272, 1304, 2738, 3311, 1290, 3073, 3199, 5388, 1989, 2828, 1431, 2509, 1643, 3373, 2821, 1188, 2859, 1955, 510, 1486, 595, 2764, 2793, 2298, 708, 1768, 5056, 5179, 4869, 2794, 2360, 4895, 1094, 5372, 2311, 2488, 1066, 2618, 429, 571, 2244, 2290, 1380, 2387, 68, 2439, 1878, 3749, 4145, 3746, 4125, 1315, 2150, 4656, 348, 770, 3019, 2275, 587, 315, 4120, 36, 2855, 3651, 2566, 4293, 640, 1490, 4054, 4959, 1835, 2354, 3522, 4901, 1243, 1571, 3332, 652, 2068, 1808, 5156, 1114, 4716, 2121, 5117, 4747, 4593, 451, 3953, 2782, 2461, 5091, 4920, 4668, 3397, 5247, 1260, 297, 2704, 3504, 3203, 2900, 384, 157, 4868, 3488, 5245, 3173, 1647, 3273, 1192, 3908, 38, 3992, 749, 5294, 3848, 860, 2479, 2459, 867, 3218, 4838, 4482, 20, 1521, 1641, 122, 3118, 2063, 2400, 3519, 1063, 2035, 3442, 2890, 1763, 2119, 5400, 1961, 4854, 2292, 2772, 527, 4917, 4955, 2172, 1186, 4006, 1388, 4382, 4717, 2798, 831, 1206, 189, 5149, 4021, 507, 3599, 3197, 5148, 539, 2171, 2575, 1615, 4032, 2592, 5425, 350, 201, 2074, 3364, 3764, 2122, 3738, 1086, 4460, 400, 63, 1662, 286, 291, 693, 3484, 2629, 4674, 2334, 1913, 4762, 2824, 4767, 4750, 4965, 1785, 2069, 583, 1797, 5051, 4848, 2634, 1507, 4085, 5159, 3279, 3927, 4, 550, 5447, 207, 2799, 551, 5144, 2563, 146, 4989, 4400, 2113, 434, 27, 4129, 3768, 3668, 3459, 3091, 1215, 4091, 1681, 2872, 4014, 4194, 779, 4029, 3756, 4760, 2476, 1749, 4658, 4871, 4348, 2757, 646, 1897, 2195, 316, 716, 4208, 5383, 825, 5370, 3078, 3778, 1702, 3984, 3847, 1150, 4300, 649, 4808, 3775, 4935, 3159, 687, 1223, 946, 4538, 4535, 3077, 5359, 780, 477, 2524, 371, 5142, 3611, 62, 1069, 4193, 883, 4130, 4328, 622, 4974, 1436, 4519, 1762, 4238, 3012, 3554, 4026, 3342, 4182, 5410, 1407, 2736, 913, 4045, 182, 1382, 3625, 1351, 3839, 3583, 2938, 46, 829, 5326, 2230, 612, 5021, 3121, 1127, 3006, 1852, 329, 118, 3794, 4081, 72, 1330, 519, 1195, 2017, 1920, 314, 1129, 3544, 1000, 282, 4041, 2857, 324, 2210, 5283, 2272, 4438, 10, 5341, 4447, 5120, 4167, 1047, 742, 4222, 2916, 3377, 2533, 2707, 2819, 42, 3054, 703, 1519, 1891, 1740, 2997, 347, 5190, 3489, 4284, 833, 4467, 2603, 4198, 4987, 4303, 2483, 435, 4121, 2536, 3048, 2561, 4425, 3177, 2774, 5313, 5078, 1804, 2780, 317, 1372, 1842, 2517, 35, 4283, 3692, 794, 4047, 4496, 4319, 1623, 896, 4416, 3383, 2217, 2330, 2026, 2565, 890, 1423, 3773, 2941, 4926, 2977, 256, 2755, 3724, 1697, 3141, 3189, 2520, 402, 1159, 1593, 508, 1536, 2376, 2842, 691, 3596, 2321, 1576, 5411, 2201, 2532, 4138, 4631, 3815, 4657, 2905, 3472, 4518, 4823, 4810, 2892, 4073, 2806, 3715, 31, 2372, 1782, 2133, 1893, 3932, 4602, 3997, 1607, 1238, 4296, 1350, 4498, 4735, 1489, 4877, 845, 1630, 3469, 4143, 4002, 106, 2773, 2881, 287, 2062, 1757, 4230, 1627, 830, 563, 1196, 2460, 5333, 2472, 1067, 1377, 4844, 3515, 4552, 958, 4347, 1170, 1543, 3120, 2239, 28, 4909, 3026, 515, 3293, 1948, 4948, 76, 970, 840, 4011, 2675, 4050, 37, 108, 4651, 3319, 3660, 5160, 4768, 1911, 5345, 23, 4419, 1815, 447, 581, 4426, 893, 2756, 1864, 4418, 4444, 1411, 3446, 3278, 1618, 4786, 3998, 2055, 2795, 4841, 1599, 1044, 2418, 2206, 1394, 3409, 4428, 5301, 5139, 4504, 3974, 4123, 2414, 3527, 4244, 4985, 3310, 3975, 1318, 952, 4822, 3414, 2223, 1506, 627, 3094, 1236, 4642, 2481, 1629, 4509, 4265, 3829, 4149, 3249, 426, 3817, 2571, 3894, 4662, 744, 4561, 1926, 3576, 2655, 1714, 2072, 1559, 3358, 4741, 2526, 2896, 5132, 613, 4331, 1969, 1727, 1293, 871, 5264, 4669, 1505, 1095]",299,750,1,False,750
1,numeric,location,4,True,False,True,"{2: 151, 1: 172, 5: 122, 3: 154, 4: 141, 0: 10}","[4097, 1548, 5419, 4731, 3902, 3380, 4432, 3710, 3542, 3991, 4880, 2494, 2930, 1237, 5356, 235, 4127, 3911, 217, 3274, 932, 1468, 2624, 2837, 3687, 1483, 2116, 3691, 4885, 1822, 1115, 1952, 4887, 876, 2002, 4576, 3443, 5286, 2441, 4713, 121, 2388, 292, 5439, 83, 4206, 4866, 1120, 5436, 1558, 1312, 2596, 3921, 1887, 388, 2130, 1360, 1525, 4673, 4770, 3790, 1675, 2897, 556, 4577, 4946, 2628, 1915, 2862, 5186, 4722, 3211, 2127, 2225, 352, 1392, 1877, 2901, 1025, 4799, 1285, 2739, 5107, 4436, 415, 2864, 15, 2351, 4600, 2046, 3401, 650, 3938, 1545, 226, 4522, 992, 5069, 534, 18, 335, 3566, 3064, 2698, 989, 123, 1932, 4178, 3670, 4847, 1514, 2273, 1786, 574, 2856, 3256, 618, 4694, 5405, 4404, 2676, 3762, 5255, 3755, 2485, 5321, 536, 233, 3760, 1837, 4431, 3948, 5252, 3797, 1538, 13, 1387, 1886, 1994, 2954, 4108, 3432, 3881, 4477, 2919, 4613, 5175, 714, 1719, 4590, 3976, 3180, 2250, 2329, 3919, 5171, 3330, 2506, 3126, 3434, 223, 1272, 1304, 2738, 3311, 1290, 3073, 3199, 5388, 1989, 2828, 1431, 2509, 1643, 3373, 2821, 1188, 2859, 1955, 510, 1486, 595, 2764, 2793, 2298, 708, 1768, 5056, 5179, 4869, 2794, 2360, 4895, 1094, 5372, 2311, 2488, 1066, 2618, 429, 571, 2244, 2290, 1380, 2387, 68, 2439, 1878, 3749, 4145, 3746, 4125, 1315, 2150, 4656, 348, 770, 3019, 2275, 587, 315, 4120, 36, 2855, 3651, 2566, 4293, 640, 1490, 4054, 4959, 1835, 2354, 3522, 4901, 1243, 1571, 3332, 652, 2068, 1808, 5156, 1114, 4716, 2121, 5117, 4747, 4593, 451, 3953, 2782, 2461, 5091, 4920, 4668, 3397, 5247, 1260, 297, 2704, 3504, 3203, 2900, 384, 157, 4868, 3488, 5245, 3173, 1647, 3273, 1192, 3908, 38, 3992, 749, 5294, 3848, 860, 2479, 2459, 867, 3218, 4838, 4482, 20, 1521, 1641, 122, 3118, 2063, 2400, 3519, 1063, 2035, 3442, 2890, 1763, 2119, 5400, 1961, 4854, 2292, 2772, 527, 4917, 4955, 2172, 1186, 4006, 1388, 4382, 4717, 2798, 831, 1206, 189, 5149, 4021, 507, 3599, 3197, 5148, 539, 2171, 2575, 1615, 4032, 2592, 5425, 350, 201, 2074, 3364, 3764, 2122, 3738, 1086, 4460, 400, 63, 1662, 286, 291, 693, 3484, 2629, 4674, 2334, 1913, 4762, 2824, 4767, 4750, 4965, 1785, 2069, 583, 1797, 5051, 4848, 2634, 1507, 4085, 5159, 3279, 3927, 4, 550, 5447, 207, 2799, 551, 5144, 2563, 146, 4989, 4400, 2113, 434, 27, 4129, 3768, 3668, 3459, 3091, 1215, 4091, 1681, 2872, 4014, 4194, 779, 4029, 3756, 4760, 2476, 1749, 4658, 4871, 4348, 2757, 646, 1897, 2195, 316, 716, 4208, 5383, 825, 5370, 3078, 3778, 1702, 3984, 3847, 1150, 4300, 649, 4808, 3775, 4935, 3159, 687, 1223, 946, 4538, 4535, 3077, 5359, 780, 477, 2524, 371, 5142, 3611, 62, 1069, 4193, 883, 4130, 4328, 622, 4974, 1436, 4519, 1762, 4238, 3012, 3554, 4026, 3342, 4182, 5410, 1407, 2736, 913, 4045, 182, 1382, 3625, 1351, 3839, 3583, 2938, 46, 829, 5326, 2230, 612, 5021, 3121, 1127, 3006, 1852, 329, 118, 3794, 4081, 72, 1330, 519, 1195, 2017, 1920, 314, 1129, 3544, 1000, 282, 4041, 2857, 324, 2210, 5283, 2272, 4438, 10, 5341, 4447, 5120, 4167, 1047, 742, 4222, 2916, 3377, 2533, 2707, 2819, 42, 3054, 703, 1519, 1891, 1740, 2997, 347, 5190, 3489, 4284, 833, 4467, 2603, 4198, 4987, 4303, 2483, 435, 4121, 2536, 3048, 2561, 4425, 3177, 2774, 5313, 5078, 1804, 2780, 317, 1372, 1842, 2517, 35, 4283, 3692, 794, 4047, 4496, 4319, 1623, 896, 4416, 3383, 2217, 2330, 2026, 2565, 890, 1423, 3773, 2941, 4926, 2977, 256, 2755, 3724, 1697, 3141, 3189, 2520, 402, 1159, 1593, 508, 1536, 2376, 2842, 691, 3596, 2321, 1576, 5411, 2201, 2532, 4138, 4631, 3815, 4657, 2905, 3472, 4518, 4823, 4810, 2892, 4073, 2806, 3715, 31, 2372, 1782, 2133, 1893, 3932, 4602, 3997, 1607, 1238, 4296, 1350, 4498, 4735, 1489, 4877, 845, 1630, 3469, 4143, 4002, 106, 2773, 2881, 287, 2062, 1757, 4230, 1627, 830, 563, 1196, 2460, 5333, 2472, 1067, 1377, 4844, 3515, 4552, 958, 4347, 1170, 1543, 3120, 2239, 28, 4909, 3026, 515, 3293, 1948, 4948, 76, 970, 840, 4011, 2675, 4050, 37, 108, 4651, 3319, 3660, 5160, 4768, 1911, 5345, 23, 4419, 1815, 447, 581, 4426, 893, 2756, 1864, 4418, 4444, 1411, 3446, 3278, 1618, 4786, 3998, 2055, 2795, 4841, 1599, 1044, 2418, 2206, 1394, 3409, 4428, 5301, 5139, 4504, 3974, 4123, 2414, 3527, 4244, 4985, 3310, 3975, 1318, 952, 4822, 3414, 2223, 1506, 627, 3094, 1236, 4642, 2481, 1629, 4509, 4265, 3829, 4149, 3249, 426, 3817, 2571, 3894, 4662, 744, 4561, 1926, 3576, 2655, 1714, 2072, 1559, 3358, 4741, 2526, 2896, 5132, 613, 4331, 1969, 1727, 1293, 871, 5264, 4669, 1505, 1095]",1,750,1,False,750
403,numeric,abbre,0,True,False,True,"{2: 151, 1: 172, 5: 122, 3: 154, 4: 141, 0: 10}","[4097, 1548, 5419, 4731, 3902, 3380, 4432, 3710, 3542, 3991, 4880, 2494, 2930, 1237, 5356, 235, 4127, 3911, 217, 3274, 932, 1468, 2624, 2837, 3687, 1483, 2116, 3691, 4885, 1822, 1115, 1952, 4887, 876, 2002, 4576, 3443, 5286, 2441, 4713, 121, 2388, 292, 5439, 83, 4206, 4866, 1120, 5436, 1558, 1312, 2596, 3921, 1887, 388, 2130, 1360, 1525, 4673, 4770, 3790, 1675, 2897, 556, 4577, 4946, 2628, 1915, 2862, 5186, 4722, 3211, 2127, 2225, 352, 1392, 1877, 2901, 1025, 4799, 1285, 2739, 5107, 4436, 415, 2864, 15, 2351, 4600, 2046, 3401, 650, 3938, 1545, 226, 4522, 992, 5069, 534, 18, 335, 3566, 3064, 2698, 989, 123, 1932, 4178, 3670, 4847, 1514, 2273, 1786, 574, 2856, 3256, 618, 4694, 5405, 4404, 2676, 3762, 5255, 3755, 2485, 5321, 536, 233, 3760, 1837, 4431, 3948, 5252, 3797, 1538, 13, 1387, 1886, 1994, 2954, 4108, 3432, 3881, 4477, 2919, 4613, 5175, 714, 1719, 4590, 3976, 3180, 2250, 2329, 3919, 5171, 3330, 2506, 3126, 3434, 223, 1272, 1304, 2738, 3311, 1290, 3073, 3199, 5388, 1989, 2828, 1431, 2509, 1643, 3373, 2821, 1188, 2859, 1955, 510, 1486, 595, 2764, 2793, 2298, 708, 1768, 5056, 5179, 4869, 2794, 2360, 4895, 1094, 5372, 2311, 2488, 1066, 2618, 429, 571, 2244, 2290, 1380, 2387, 68, 2439, 1878, 3749, 4145, 3746, 4125, 1315, 2150, 4656, 348, 770, 3019, 2275, 587, 315, 4120, 36, 2855, 3651, 2566, 4293, 640, 1490, 4054, 4959, 1835, 2354, 3522, 4901, 1243, 1571, 3332, 652, 2068, 1808, 5156, 1114, 4716, 2121, 5117, 4747, 4593, 451, 3953, 2782, 2461, 5091, 4920, 4668, 3397, 5247, 1260, 297, 2704, 3504, 3203, 2900, 384, 157, 4868, 3488, 5245, 3173, 1647, 3273, 1192, 3908, 38, 3992, 749, 5294, 3848, 860, 2479, 2459, 867, 3218, 4838, 4482, 20, 1521, 1641, 122, 3118, 2063, 2400, 3519, 1063, 2035, 3442, 2890, 1763, 2119, 5400, 1961, 4854, 2292, 2772, 527, 4917, 4955, 2172, 1186, 4006, 1388, 4382, 4717, 2798, 831, 1206, 189, 5149, 4021, 507, 3599, 3197, 5148, 539, 2171, 2575, 1615, 4032, 2592, 5425, 350, 201, 2074, 3364, 3764, 2122, 3738, 1086, 4460, 400, 63, 1662, 286, 291, 693, 3484, 2629, 4674, 2334, 1913, 4762, 2824, 4767, 4750, 4965, 1785, 2069, 583, 1797, 5051, 4848, 2634, 1507, 4085, 5159, 3279, 3927, 4, 550, 5447, 207, 2799, 551, 5144, 2563, 146, 4989, 4400, 2113, 434, 27, 4129, 3768, 3668, 3459, 3091, 1215, 4091, 1681, 2872, 4014, 4194, 779, 4029, 3756, 4760, 2476, 1749, 4658, 4871, 4348, 2757, 646, 1897, 2195, 316, 716, 4208, 5383, 825, 5370, 3078, 3778, 1702, 3984, 3847, 1150, 4300, 649, 4808, 3775, 4935, 3159, 687, 1223, 946, 4538, 4535, 3077, 5359, 780, 477, 2524, 371, 5142, 3611, 62, 1069, 4193, 883, 4130, 4328, 622, 4974, 1436, 4519, 1762, 4238, 3012, 3554, 4026, 3342, 4182, 5410, 1407, 2736, 913, 4045, 182, 1382, 3625, 1351, 3839, 3583, 2938, 46, 829, 5326, 2230, 612, 5021, 3121, 1127, 3006, 1852, 329, 118, 3794, 4081, 72, 1330, 519, 1195, 2017, 1920, 314, 1129, 3544, 1000, 282, 4041, 2857, 324, 2210, 5283, 2272, 4438, 10, 5341, 4447, 5120, 4167, 1047, 742, 4222, 2916, 3377, 2533, 2707, 2819, 42, 3054, 703, 1519, 1891, 1740, 2997, 347, 5190, 3489, 4284, 833, 4467, 2603, 4198, 4987, 4303, 2483, 435, 4121, 2536, 3048, 2561, 4425, 3177, 2774, 5313, 5078, 1804, 2780, 317, 1372, 1842, 2517, 35, 4283, 3692, 794, 4047, 4496, 4319, 1623, 896, 4416, 3383, 2217, 2330, 2026, 2565, 890, 1423, 3773, 2941, 4926, 2977, 256, 2755, 3724, 1697, 3141, 3189, 2520, 402, 1159, 1593, 508, 1536, 2376, 2842, 691, 3596, 2321, 1576, 5411, 2201, 2532, 4138, 4631, 3815, 4657, 2905, 3472, 4518, 4823, 4810, 2892, 4073, 2806, 3715, 31, 2372, 1782, 2133, 1893, 3932, 4602, 3997, 1607, 1238, 4296, 1350, 4498, 4735, 1489, 4877, 845, 1630, 3469, 4143, 4002, 106, 2773, 2881, 287, 2062, 1757, 4230, 1627, 830, 563, 1196, 2460, 5333, 2472, 1067, 1377, 4844, 3515, 4552, 958, 4347, 1170, 1543, 3120, 2239, 28, 4909, 3026, 515, 3293, 1948, 4948, 76, 970, 840, 4011, 2675, 4050, 37, 108, 4651, 3319, 3660, 5160, 4768, 1911, 5345, 23, 4419, 1815, 447, 581, 4426, 893, 2756, 1864, 4418, 4444, 1411, 3446, 3278, 1618, 4786, 3998, 2055, 2795, 4841, 1599, 1044, 2418, 2206, 1394, 3409, 4428, 5301, 5139, 4504, 3974, 4123, 2414, 3527, 4244, 4985, 3310, 3975, 1318, 952, 4822, 3414, 2223, 1506, 627, 3094, 1236, 4642, 2481, 1629, 4509, 4265, 3829, 4149, 3249, 426, 3817, 2571, 3894, 4662, 744, 4561, 1926, 3576, 2655, 1714, 2072, 1559, 3358, 4741, 2526, 2896, 5132, 613, 4331, 1969, 1727, 1293, 871, 5264, 4669, 1505, 1095]",403,750,1,False,750
316,human,human,3,True,True,True,"{2: 151, 1: 172, 5: 122, 3: 154, 4: 141, 0: 10}","[4097, 1548, 5419, 4731, 3902, 3380, 4432, 3710, 3542, 3991, 4880, 2494, 2930, 1237, 5356, 235, 4127, 3911, 217, 3274, 932, 1468, 2624, 2837, 3687, 1483, 2116, 3691, 4885, 1822, 1115, 1952, 4887, 876, 2002, 4576, 3443, 5286, 2441, 4713, 121, 2388, 292, 5439, 83, 4206, 4866, 1120, 5436, 1558, 1312, 2596, 3921, 1887, 388, 2130, 1360, 1525, 4673, 4770, 3790, 1675, 2897, 556, 4577, 4946, 2628, 1915, 2862, 5186, 4722, 3211, 2127, 2225, 352, 1392, 1877, 2901, 1025, 4799, 1285, 2739, 5107, 4436, 415, 2864, 15, 2351, 4600, 2046, 3401, 650, 3938, 1545, 226, 4522, 992, 5069, 534, 18, 335, 3566, 3064, 2698, 989, 123, 1932, 4178, 3670, 4847, 1514, 2273, 1786, 574, 2856, 3256, 618, 4694, 5405, 4404, 2676, 3762, 5255, 3755, 2485, 5321, 536, 233, 3760, 1837, 4431, 3948, 5252, 3797, 1538, 13, 1387, 1886, 1994, 2954, 4108, 3432, 3881, 4477, 2919, 4613, 5175, 714, 1719, 4590, 3976, 3180, 2250, 2329, 3919, 5171, 3330, 2506, 3126, 3434, 223, 1272, 1304, 2738, 3311, 1290, 3073, 3199, 5388, 1989, 2828, 1431, 2509, 1643, 3373, 2821, 1188, 2859, 1955, 510, 1486, 595, 2764, 2793, 2298, 708, 1768, 5056, 5179, 4869, 2794, 2360, 4895, 1094, 5372, 2311, 2488, 1066, 2618, 429, 571, 2244, 2290, 1380, 2387, 68, 2439, 1878, 3749, 4145, 3746, 4125, 1315, 2150, 4656, 348, 770, 3019, 2275, 587, 315, 4120, 36, 2855, 3651, 2566, 4293, 640, 1490, 4054, 4959, 1835, 2354, 3522, 4901, 1243, 1571, 3332, 652, 2068, 1808, 5156, 1114, 4716, 2121, 5117, 4747, 4593, 451, 3953, 2782, 2461, 5091, 4920, 4668, 3397, 5247, 1260, 297, 2704, 3504, 3203, 2900, 384, 157, 4868, 3488, 5245, 3173, 1647, 3273, 1192, 3908, 38, 3992, 749, 5294, 3848, 860, 2479, 2459, 867, 3218, 4838, 4482, 20, 1521, 1641, 122, 3118, 2063, 2400, 3519, 1063, 2035, 3442, 2890, 1763, 2119, 5400, 1961, 4854, 2292, 2772, 527, 4917, 4955, 2172, 1186, 4006, 1388, 4382, 4717, 2798, 831, 1206, 189, 5149, 4021, 507, 3599, 3197, 5148, 539, 2171, 2575, 1615, 4032, 2592, 5425, 350, 201, 2074, 3364, 3764, 2122, 3738, 1086, 4460, 400, 63, 1662, 286, 291, 693, 3484, 2629, 4674, 2334, 1913, 4762, 2824, 4767, 4750, 4965, 1785, 2069, 583, 1797, 5051, 4848, 2634, 1507, 4085, 5159, 3279, 3927, 4, 550, 5447, 207, 2799, 551, 5144, 2563, 146, 4989, 4400, 2113, 434, 27, 4129, 3768, 3668, 3459, 3091, 1215, 4091, 1681, 2872, 4014, 4194, 779, 4029, 3756, 4760, 2476, 1749, 4658, 4871, 4348, 2757, 646, 1897, 2195, 316, 716, 4208, 5383, 825, 5370, 3078, 3778, 1702, 3984, 3847, 1150, 4300, 649, 4808, 3775, 4935, 3159, 687, 1223, 946, 4538, 4535, 3077, 5359, 780, 477, 2524, 371, 5142, 3611, 62, 1069, 4193, 883, 4130, 4328, 622, 4974, 1436, 4519, 1762, 4238, 3012, 3554, 4026, 3342, 4182, 5410, 1407, 2736, 913, 4045, 182, 1382, 3625, 1351, 3839, 3583, 2938, 46, 829, 5326, 2230, 612, 5021, 3121, 1127, 3006, 1852, 329, 118, 3794, 4081, 72, 1330, 519, 1195, 2017, 1920, 314, 1129, 3544, 1000, 282, 4041, 2857, 324, 2210, 5283, 2272, 4438, 10, 5341, 4447, 5120, 4167, 1047, 742, 4222, 2916, 3377, 2533, 2707, 2819, 42, 3054, 703, 1519, 1891, 1740, 2997, 347, 5190, 3489, 4284, 833, 4467, 2603, 4198, 4987, 4303, 2483, 435, 4121, 2536, 3048, 2561, 4425, 3177, 2774, 5313, 5078, 1804, 2780, 317, 1372, 1842, 2517, 35, 4283, 3692, 794, 4047, 4496, 4319, 1623, 896, 4416, 3383, 2217, 2330, 2026, 2565, 890, 1423, 3773, 2941, 4926, 2977, 256, 2755, 3724, 1697, 3141, 3189, 2520, 402, 1159, 1593, 508, 1536, 2376, 2842, 691, 3596, 2321, 1576, 5411, 2201, 2532, 4138, 4631, 3815, 4657, 2905, 3472, 4518, 4823, 4810, 2892, 4073, 2806, 3715, 31, 2372, 1782, 2133, 1893, 3932, 4602, 3997, 1607, 1238, 4296, 1350, 4498, 4735, 1489, 4877, 845, 1630, 3469, 4143, 4002, 106, 2773, 2881, 287, 2062, 1757, 4230, 1627, 830, 563, 1196, 2460, 5333, 2472, 1067, 1377, 4844, 3515, 4552, 958, 4347, 1170, 1543, 3120, 2239, 28, 4909, 3026, 515, 3293, 1948, 4948, 76, 970, 840, 4011, 2675, 4050, 37, 108, 4651, 3319, 3660, 5160, 4768, 1911, 5345, 23, 4419, 1815, 447, 581, 4426, 893, 2756, 1864, 4418, 4444, 1411, 3446, 3278, 1618, 4786, 3998, 2055, 2795, 4841, 1599, 1044, 2418, 2206, 1394, 3409, 4428, 5301, 5139, 4504, 3974, 4123, 2414, 3527, 4244, 4985, 3310, 3975, 1318, 952, 4822, 3414, 2223, 1506, 627, 3094, 1236, 4642, 2481, 1629, 4509, 4265, 3829, 4149, 3249, 426, 3817, 2571, 3894, 4662, 744, 4561, 1926, 3576, 2655, 1714, 2072, 1559, 3358, 4741, 2526, 2896, 5132, 613, 4331, 1969, 1727, 1293, 871, 5264, 4669, 1505, 1095]",316,750,1,False,750
115,human,human,3,True,True,True,"{2: 151, 1: 172, 5: 122, 3: 154, 4: 141, 0: 10}","[4097, 1548, 5419, 4731, 3902, 3380, 4432, 3710, 3542, 3991, 4880, 2494, 2930, 1237, 5356, 235, 4127, 3911, 217, 3274, 932, 1468, 2624, 2837, 3687, 1483, 2116, 3691, 4885, 1822, 1115, 1952, 4887, 876, 2002, 4576, 3443, 5286, 2441, 4713, 121, 2388, 292, 5439, 83, 4206, 4866, 1120, 5436, 1558, 1312, 2596, 3921, 1887, 388, 2130, 1360, 1525, 4673, 4770, 3790, 1675, 2897, 556, 4577, 4946, 2628, 1915, 2862, 5186, 4722, 3211, 2127, 2225, 352, 1392, 1877, 2901, 1025, 4799, 1285, 2739, 5107, 4436, 415, 2864, 15, 2351, 4600, 2046, 3401, 650, 3938, 1545, 226, 4522, 992, 5069, 534, 18, 335, 3566, 3064, 2698, 989, 123, 1932, 4178, 3670, 4847, 1514, 2273, 1786, 574, 2856, 3256, 618, 4694, 5405, 4404, 2676, 3762, 5255, 3755, 2485, 5321, 536, 233, 3760, 1837, 4431, 3948, 5252, 3797, 1538, 13, 1387, 1886, 1994, 2954, 4108, 3432, 3881, 4477, 2919, 4613, 5175, 714, 1719, 4590, 3976, 3180, 2250, 2329, 3919, 5171, 3330, 2506, 3126, 3434, 223, 1272, 1304, 2738, 3311, 1290, 3073, 3199, 5388, 1989, 2828, 1431, 2509, 1643, 3373, 2821, 1188, 2859, 1955, 510, 1486, 595, 2764, 2793, 2298, 708, 1768, 5056, 5179, 4869, 2794, 2360, 4895, 1094, 5372, 2311, 2488, 1066, 2618, 429, 571, 2244, 2290, 1380, 2387, 68, 2439, 1878, 3749, 4145, 3746, 4125, 1315, 2150, 4656, 348, 770, 3019, 2275, 587, 315, 4120, 36, 2855, 3651, 2566, 4293, 640, 1490, 4054, 4959, 1835, 2354, 3522, 4901, 1243, 1571, 3332, 652, 2068, 1808, 5156, 1114, 4716, 2121, 5117, 4747, 4593, 451, 3953, 2782, 2461, 5091, 4920, 4668, 3397, 5247, 1260, 297, 2704, 3504, 3203, 2900, 384, 157, 4868, 3488, 5245, 3173, 1647, 3273, 1192, 3908, 38, 3992, 749, 5294, 3848, 860, 2479, 2459, 867, 3218, 4838, 4482, 20, 1521, 1641, 122, 3118, 2063, 2400, 3519, 1063, 2035, 3442, 2890, 1763, 2119, 5400, 1961, 4854, 2292, 2772, 527, 4917, 4955, 2172, 1186, 4006, 1388, 4382, 4717, 2798, 831, 1206, 189, 5149, 4021, 507, 3599, 3197, 5148, 539, 2171, 2575, 1615, 4032, 2592, 5425, 350, 201, 2074, 3364, 3764, 2122, 3738, 1086, 4460, 400, 63, 1662, 286, 291, 693, 3484, 2629, 4674, 2334, 1913, 4762, 2824, 4767, 4750, 4965, 1785, 2069, 583, 1797, 5051, 4848, 2634, 1507, 4085, 5159, 3279, 3927, 4, 550, 5447, 207, 2799, 551, 5144, 2563, 146, 4989, 4400, 2113, 434, 27, 4129, 3768, 3668, 3459, 3091, 1215, 4091, 1681, 2872, 4014, 4194, 779, 4029, 3756, 4760, 2476, 1749, 4658, 4871, 4348, 2757, 646, 1897, 2195, 316, 716, 4208, 5383, 825, 5370, 3078, 3778, 1702, 3984, 3847, 1150, 4300, 649, 4808, 3775, 4935, 3159, 687, 1223, 946, 4538, 4535, 3077, 5359, 780, 477, 2524, 371, 5142, 3611, 62, 1069, 4193, 883, 4130, 4328, 622, 4974, 1436, 4519, 1762, 4238, 3012, 3554, 4026, 3342, 4182, 5410, 1407, 2736, 913, 4045, 182, 1382, 3625, 1351, 3839, 3583, 2938, 46, 829, 5326, 2230, 612, 5021, 3121, 1127, 3006, 1852, 329, 118, 3794, 4081, 72, 1330, 519, 1195, 2017, 1920, 314, 1129, 3544, 1000, 282, 4041, 2857, 324, 2210, 5283, 2272, 4438, 10, 5341, 4447, 5120, 4167, 1047, 742, 4222, 2916, 3377, 2533, 2707, 2819, 42, 3054, 703, 1519, 1891, 1740, 2997, 347, 5190, 3489, 4284, 833, 4467, 2603, 4198, 4987, 4303, 2483, 435, 4121, 2536, 3048, 2561, 4425, 3177, 2774, 5313, 5078, 1804, 2780, 317, 1372, 1842, 2517, 35, 4283, 3692, 794, 4047, 4496, 4319, 1623, 896, 4416, 3383, 2217, 2330, 2026, 2565, 890, 1423, 3773, 2941, 4926, 2977, 256, 2755, 3724, 1697, 3141, 3189, 2520, 402, 1159, 1593, 508, 1536, 2376, 2842, 691, 3596, 2321, 1576, 5411, 2201, 2532, 4138, 4631, 3815, 4657, 2905, 3472, 4518, 4823, 4810, 2892, 4073, 2806, 3715, 31, 2372, 1782, 2133, 1893, 3932, 4602, 3997, 1607, 1238, 4296, 1350, 4498, 4735, 1489, 4877, 845, 1630, 3469, 4143, 4002, 106, 2773, 2881, 287, 2062, 1757, 4230, 1627, 830, 563, 1196, 2460, 5333, 2472, 1067, 1377, 4844, 3515, 4552, 958, 4347, 1170, 1543, 3120, 2239, 28, 4909, 3026, 515, 3293, 1948, 4948, 76, 970, 840, 4011, 2675, 4050, 37, 108, 4651, 3319, 3660, 5160, 4768, 1911, 5345, 23, 4419, 1815, 447, 581, 4426, 893, 2756, 1864, 4418, 4444, 1411, 3446, 3278, 1618, 4786, 3998, 2055, 2795, 4841, 1599, 1044, 2418, 2206, 1394, 3409, 4428, 5301, 5139, 4504, 3974, 4123, 2414, 3527, 4244, 4985, 3310, 3975, 1318, 952, 4822, 3414, 2223, 1506, 627, 3094, 1236, 4642, 2481, 1629, 4509, 4265, 3829, 4149, 3249, 426, 3817, 2571, 3894, 4662, 744, 4561, 1926, 3576, 2655, 1714, 2072, 1559, 3358, 4741, 2526, 2896, 5132, 613, 4331, 1969, 1727, 1293, 871, 5264, 4669, 1505, 1095]",115,750,1,False,750
356,numeric,numeric,5,True,True,True,"{2: 151, 1: 172, 5: 122, 3: 154, 4: 141, 0: 10}","[4097, 1548, 5419, 4731, 3902, 3380, 4432, 3710, 3542, 3991, 4880, 2494, 2930, 1237, 5356, 235, 4127, 3911, 217, 3274, 932, 1468, 2624, 2837, 3687, 1483, 2116, 3691, 4885, 1822, 1115, 1952, 4887, 876, 2002, 4576, 3443, 5286, 2441, 4713, 121, 2388, 292, 5439, 83, 4206, 4866, 1120, 5436, 1558, 1312, 2596, 3921, 1887, 388, 2130, 1360, 1525, 4673, 4770, 3790, 1675, 2897, 556, 4577, 4946, 2628, 1915, 2862, 5186, 4722, 3211, 2127, 2225, 352, 1392, 1877, 2901, 1025, 4799, 1285, 2739, 5107, 4436, 415, 2864, 15, 2351, 4600, 2046, 3401, 650, 3938, 1545, 226, 4522, 992, 5069, 534, 18, 335, 3566, 3064, 2698, 989, 123, 1932, 4178, 3670, 4847, 1514, 2273, 1786, 574, 2856, 3256, 618, 4694, 5405, 4404, 2676, 3762, 5255, 3755, 2485, 5321, 536, 233, 3760, 1837, 4431, 3948, 5252, 3797, 1538, 13, 1387, 1886, 1994, 2954, 4108, 3432, 3881, 4477, 2919, 4613, 5175, 714, 1719, 4590, 3976, 3180, 2250, 2329, 3919, 5171, 3330, 2506, 3126, 3434, 223, 1272, 1304, 2738, 3311, 1290, 3073, 3199, 5388, 1989, 2828, 1431, 2509, 1643, 3373, 2821, 1188, 2859, 1955, 510, 1486, 595, 2764, 2793, 2298, 708, 1768, 5056, 5179, 4869, 2794, 2360, 4895, 1094, 5372, 2311, 2488, 1066, 2618, 429, 571, 2244, 2290, 1380, 2387, 68, 2439, 1878, 3749, 4145, 3746, 4125, 1315, 2150, 4656, 348, 770, 3019, 2275, 587, 315, 4120, 36, 2855, 3651, 2566, 4293, 640, 1490, 4054, 4959, 1835, 2354, 3522, 4901, 1243, 1571, 3332, 652, 2068, 1808, 5156, 1114, 4716, 2121, 5117, 4747, 4593, 451, 3953, 2782, 2461, 5091, 4920, 4668, 3397, 5247, 1260, 297, 2704, 3504, 3203, 2900, 384, 157, 4868, 3488, 5245, 3173, 1647, 3273, 1192, 3908, 38, 3992, 749, 5294, 3848, 860, 2479, 2459, 867, 3218, 4838, 4482, 20, 1521, 1641, 122, 3118, 2063, 2400, 3519, 1063, 2035, 3442, 2890, 1763, 2119, 5400, 1961, 4854, 2292, 2772, 527, 4917, 4955, 2172, 1186, 4006, 1388, 4382, 4717, 2798, 831, 1206, 189, 5149, 4021, 507, 3599, 3197, 5148, 539, 2171, 2575, 1615, 4032, 2592, 5425, 350, 201, 2074, 3364, 3764, 2122, 3738, 1086, 4460, 400, 63, 1662, 286, 291, 693, 3484, 2629, 4674, 2334, 1913, 4762, 2824, 4767, 4750, 4965, 1785, 2069, 583, 1797, 5051, 4848, 2634, 1507, 4085, 5159, 3279, 3927, 4, 550, 5447, 207, 2799, 551, 5144, 2563, 146, 4989, 4400, 2113, 434, 27, 4129, 3768, 3668, 3459, 3091, 1215, 4091, 1681, 2872, 4014, 4194, 779, 4029, 3756, 4760, 2476, 1749, 4658, 4871, 4348, 2757, 646, 1897, 2195, 316, 716, 4208, 5383, 825, 5370, 3078, 3778, 1702, 3984, 3847, 1150, 4300, 649, 4808, 3775, 4935, 3159, 687, 1223, 946, 4538, 4535, 3077, 5359, 780, 477, 2524, 371, 5142, 3611, 62, 1069, 4193, 883, 4130, 4328, 622, 4974, 1436, 4519, 1762, 4238, 3012, 3554, 4026, 3342, 4182, 5410, 1407, 2736, 913, 4045, 182, 1382, 3625, 1351, 3839, 3583, 2938, 46, 829, 5326, 2230, 612, 5021, 3121, 1127, 3006, 1852, 329, 118, 3794, 4081, 72, 1330, 519, 1195, 2017, 1920, 314, 1129, 3544, 1000, 282, 4041, 2857, 324, 2210, 5283, 2272, 4438, 10, 5341, 4447, 5120, 4167, 1047, 742, 4222, 2916, 3377, 2533, 2707, 2819, 42, 3054, 703, 1519, 1891, 1740, 2997, 347, 5190, 3489, 4284, 833, 4467, 2603, 4198, 4987, 4303, 2483, 435, 4121, 2536, 3048, 2561, 4425, 3177, 2774, 5313, 5078, 1804, 2780, 317, 1372, 1842, 2517, 35, 4283, 3692, 794, 4047, 4496, 4319, 1623, 896, 4416, 3383, 2217, 2330, 2026, 2565, 890, 1423, 3773, 2941, 4926, 2977, 256, 2755, 3724, 1697, 3141, 3189, 2520, 402, 1159, 1593, 508, 1536, 2376, 2842, 691, 3596, 2321, 1576, 5411, 2201, 2532, 4138, 4631, 3815, 4657, 2905, 3472, 4518, 4823, 4810, 2892, 4073, 2806, 3715, 31, 2372, 1782, 2133, 1893, 3932, 4602, 3997, 1607, 1238, 4296, 1350, 4498, 4735, 1489, 4877, 845, 1630, 3469, 4143, 4002, 106, 2773, 2881, 287, 2062, 1757, 4230, 1627, 830, 563, 1196, 2460, 5333, 2472, 1067, 1377, 4844, 3515, 4552, 958, 4347, 1170, 1543, 3120, 2239, 28, 4909, 3026, 515, 3293, 1948, 4948, 76, 970, 840, 4011, 2675, 4050, 37, 108, 4651, 3319, 3660, 5160, 4768, 1911, 5345, 23, 4419, 1815, 447, 581, 4426, 893, 2756, 1864, 4418, 4444, 1411, 3446, 3278, 1618, 4786, 3998, 2055, 2795, 4841, 1599, 1044, 2418, 2206, 1394, 3409, 4428, 5301, 5139, 4504, 3974, 4123, 2414, 3527, 4244, 4985, 3310, 3975, 1318, 952, 4822, 3414, 2223, 1506, 627, 3094, 1236, 4642, 2481, 1629, 4509, 4265, 3829, 4149, 3249, 426, 3817, 2571, 3894, 4662, 744, 4561, 1926, 3576, 2655, 1714, 2072, 1559, 3358, 4741, 2526, 2896, 5132, 613, 4331, 1969, 1727, 1293, 871, 5264, 4669, 1505, 1095]",356,750,1,False,750
341,numeric,entity,1,True,False,True,"{2: 151, 1: 172, 5: 122, 3: 154, 4: 141, 0: 10}","[4097, 1548, 5419, 4731, 3902, 3380, 4432, 3710, 3542, 3991, 4880, 2494, 2930, 1237, 5356, 235, 4127, 3911, 217, 3274, 932, 1468, 2624, 2837, 3687, 1483, 2116, 3691, 4885, 1822, 1115, 1952, 4887, 876, 2002, 4576, 3443, 5286, 2441, 4713, 121, 2388, 292, 5439, 83, 4206, 4866, 1120, 5436, 1558, 1312, 2596, 3921, 1887, 388, 2130, 1360, 1525, 4673, 4770, 3790, 1675, 2897, 556, 4577, 4946, 2628, 1915, 2862, 5186, 4722, 3211, 2127, 2225, 352, 1392, 1877, 2901, 1025, 4799, 1285, 2739, 5107, 4436, 415, 2864, 15, 2351, 4600, 2046, 3401, 650, 3938, 1545, 226, 4522, 992, 5069, 534, 18, 335, 3566, 3064, 2698, 989, 123, 1932, 4178, 3670, 4847, 1514, 2273, 1786, 574, 2856, 3256, 618, 4694, 5405, 4404, 2676, 3762, 5255, 3755, 2485, 5321, 536, 233, 3760, 1837, 4431, 3948, 5252, 3797, 1538, 13, 1387, 1886, 1994, 2954, 4108, 3432, 3881, 4477, 2919, 4613, 5175, 714, 1719, 4590, 3976, 3180, 2250, 2329, 3919, 5171, 3330, 2506, 3126, 3434, 223, 1272, 1304, 2738, 3311, 1290, 3073, 3199, 5388, 1989, 2828, 1431, 2509, 1643, 3373, 2821, 1188, 2859, 1955, 510, 1486, 595, 2764, 2793, 2298, 708, 1768, 5056, 5179, 4869, 2794, 2360, 4895, 1094, 5372, 2311, 2488, 1066, 2618, 429, 571, 2244, 2290, 1380, 2387, 68, 2439, 1878, 3749, 4145, 3746, 4125, 1315, 2150, 4656, 348, 770, 3019, 2275, 587, 315, 4120, 36, 2855, 3651, 2566, 4293, 640, 1490, 4054, 4959, 1835, 2354, 3522, 4901, 1243, 1571, 3332, 652, 2068, 1808, 5156, 1114, 4716, 2121, 5117, 4747, 4593, 451, 3953, 2782, 2461, 5091, 4920, 4668, 3397, 5247, 1260, 297, 2704, 3504, 3203, 2900, 384, 157, 4868, 3488, 5245, 3173, 1647, 3273, 1192, 3908, 38, 3992, 749, 5294, 3848, 860, 2479, 2459, 867, 3218, 4838, 4482, 20, 1521, 1641, 122, 3118, 2063, 2400, 3519, 1063, 2035, 3442, 2890, 1763, 2119, 5400, 1961, 4854, 2292, 2772, 527, 4917, 4955, 2172, 1186, 4006, 1388, 4382, 4717, 2798, 831, 1206, 189, 5149, 4021, 507, 3599, 3197, 5148, 539, 2171, 2575, 1615, 4032, 2592, 5425, 350, 201, 2074, 3364, 3764, 2122, 3738, 1086, 4460, 400, 63, 1662, 286, 291, 693, 3484, 2629, 4674, 2334, 1913, 4762, 2824, 4767, 4750, 4965, 1785, 2069, 583, 1797, 5051, 4848, 2634, 1507, 4085, 5159, 3279, 3927, 4, 550, 5447, 207, 2799, 551, 5144, 2563, 146, 4989, 4400, 2113, 434, 27, 4129, 3768, 3668, 3459, 3091, 1215, 4091, 1681, 2872, 4014, 4194, 779, 4029, 3756, 4760, 2476, 1749, 4658, 4871, 4348, 2757, 646, 1897, 2195, 316, 716, 4208, 5383, 825, 5370, 3078, 3778, 1702, 3984, 3847, 1150, 4300, 649, 4808, 3775, 4935, 3159, 687, 1223, 946, 4538, 4535, 3077, 5359, 780, 477, 2524, 371, 5142, 3611, 62, 1069, 4193, 883, 4130, 4328, 622, 4974, 1436, 4519, 1762, 4238, 3012, 3554, 4026, 3342, 4182, 5410, 1407, 2736, 913, 4045, 182, 1382, 3625, 1351, 3839, 3583, 2938, 46, 829, 5326, 2230, 612, 5021, 3121, 1127, 3006, 1852, 329, 118, 3794, 4081, 72, 1330, 519, 1195, 2017, 1920, 314, 1129, 3544, 1000, 282, 4041, 2857, 324, 2210, 5283, 2272, 4438, 10, 5341, 4447, 5120, 4167, 1047, 742, 4222, 2916, 3377, 2533, 2707, 2819, 42, 3054, 703, 1519, 1891, 1740, 2997, 347, 5190, 3489, 4284, 833, 4467, 2603, 4198, 4987, 4303, 2483, 435, 4121, 2536, 3048, 2561, 4425, 3177, 2774, 5313, 5078, 1804, 2780, 317, 1372, 1842, 2517, 35, 4283, 3692, 794, 4047, 4496, 4319, 1623, 896, 4416, 3383, 2217, 2330, 2026, 2565, 890, 1423, 3773, 2941, 4926, 2977, 256, 2755, 3724, 1697, 3141, 3189, 2520, 402, 1159, 1593, 508, 1536, 2376, 2842, 691, 3596, 2321, 1576, 5411, 2201, 2532, 4138, 4631, 3815, 4657, 2905, 3472, 4518, 4823, 4810, 2892, 4073, 2806, 3715, 31, 2372, 1782, 2133, 1893, 3932, 4602, 3997, 1607, 1238, 4296, 1350, 4498, 4735, 1489, 4877, 845, 1630, 3469, 4143, 4002, 106, 2773, 2881, 287, 2062, 1757, 4230, 1627, 830, 563, 1196, 2460, 5333, 2472, 1067, 1377, 4844, 3515, 4552, 958, 4347, 1170, 1543, 3120, 2239, 28, 4909, 3026, 515, 3293, 1948, 4948, 76, 970, 840, 4011, 2675, 4050, 37, 108, 4651, 3319, 3660, 5160, 4768, 1911, 5345, 23, 4419, 1815, 447, 581, 4426, 893, 2756, 1864, 4418, 4444, 1411, 3446, 3278, 1618, 4786, 3998, 2055, 2795, 4841, 1599, 1044, 2418, 2206, 1394, 3409, 4428, 5301, 5139, 4504, 3974, 4123, 2414, 3527, 4244, 4985, 3310, 3975, 1318, 952, 4822, 3414, 2223, 1506, 627, 3094, 1236, 4642, 2481, 1629, 4509, 4265, 3829, 4149, 3249, 426, 3817, 2571, 3894, 4662, 744, 4561, 1926, 3576, 2655, 1714, 2072, 1559, 3358, 4741, 2526, 2896, 5132, 613, 4331, 1969, 1727, 1293, 871, 5264, 4669, 1505, 1095]",341,750,1,False,750
13,human,human,3,True,True,True,"{2: 151, 1: 172, 5: 122, 3: 154, 4: 141, 0: 10}","[4097, 1548, 5419, 4731, 3902, 3380, 4432, 3710, 3542, 3991, 4880, 2494, 2930, 1237, 5356, 235, 4127, 3911, 217, 3274, 932, 1468, 2624, 2837, 3687, 1483, 2116, 3691, 4885, 1822, 1115, 1952, 4887, 876, 2002, 4576, 3443, 5286, 2441, 4713, 121, 2388, 292, 5439, 83, 4206, 4866, 1120, 5436, 1558, 1312, 2596, 3921, 1887, 388, 2130, 1360, 1525, 4673, 4770, 3790, 1675, 2897, 556, 4577, 4946, 2628, 1915, 2862, 5186, 4722, 3211, 2127, 2225, 352, 1392, 1877, 2901, 1025, 4799, 1285, 2739, 5107, 4436, 415, 2864, 15, 2351, 4600, 2046, 3401, 650, 3938, 1545, 226, 4522, 992, 5069, 534, 18, 335, 3566, 3064, 2698, 989, 123, 1932, 4178, 3670, 4847, 1514, 2273, 1786, 574, 2856, 3256, 618, 4694, 5405, 4404, 2676, 3762, 5255, 3755, 2485, 5321, 536, 233, 3760, 1837, 4431, 3948, 5252, 3797, 1538, 13, 1387, 1886, 1994, 2954, 4108, 3432, 3881, 4477, 2919, 4613, 5175, 714, 1719, 4590, 3976, 3180, 2250, 2329, 3919, 5171, 3330, 2506, 3126, 3434, 223, 1272, 1304, 2738, 3311, 1290, 3073, 3199, 5388, 1989, 2828, 1431, 2509, 1643, 3373, 2821, 1188, 2859, 1955, 510, 1486, 595, 2764, 2793, 2298, 708, 1768, 5056, 5179, 4869, 2794, 2360, 4895, 1094, 5372, 2311, 2488, 1066, 2618, 429, 571, 2244, 2290, 1380, 2387, 68, 2439, 1878, 3749, 4145, 3746, 4125, 1315, 2150, 4656, 348, 770, 3019, 2275, 587, 315, 4120, 36, 2855, 3651, 2566, 4293, 640, 1490, 4054, 4959, 1835, 2354, 3522, 4901, 1243, 1571, 3332, 652, 2068, 1808, 5156, 1114, 4716, 2121, 5117, 4747, 4593, 451, 3953, 2782, 2461, 5091, 4920, 4668, 3397, 5247, 1260, 297, 2704, 3504, 3203, 2900, 384, 157, 4868, 3488, 5245, 3173, 1647, 3273, 1192, 3908, 38, 3992, 749, 5294, 3848, 860, 2479, 2459, 867, 3218, 4838, 4482, 20, 1521, 1641, 122, 3118, 2063, 2400, 3519, 1063, 2035, 3442, 2890, 1763, 2119, 5400, 1961, 4854, 2292, 2772, 527, 4917, 4955, 2172, 1186, 4006, 1388, 4382, 4717, 2798, 831, 1206, 189, 5149, 4021, 507, 3599, 3197, 5148, 539, 2171, 2575, 1615, 4032, 2592, 5425, 350, 201, 2074, 3364, 3764, 2122, 3738, 1086, 4460, 400, 63, 1662, 286, 291, 693, 3484, 2629, 4674, 2334, 1913, 4762, 2824, 4767, 4750, 4965, 1785, 2069, 583, 1797, 5051, 4848, 2634, 1507, 4085, 5159, 3279, 3927, 4, 550, 5447, 207, 2799, 551, 5144, 2563, 146, 4989, 4400, 2113, 434, 27, 4129, 3768, 3668, 3459, 3091, 1215, 4091, 1681, 2872, 4014, 4194, 779, 4029, 3756, 4760, 2476, 1749, 4658, 4871, 4348, 2757, 646, 1897, 2195, 316, 716, 4208, 5383, 825, 5370, 3078, 3778, 1702, 3984, 3847, 1150, 4300, 649, 4808, 3775, 4935, 3159, 687, 1223, 946, 4538, 4535, 3077, 5359, 780, 477, 2524, 371, 5142, 3611, 62, 1069, 4193, 883, 4130, 4328, 622, 4974, 1436, 4519, 1762, 4238, 3012, 3554, 4026, 3342, 4182, 5410, 1407, 2736, 913, 4045, 182, 1382, 3625, 1351, 3839, 3583, 2938, 46, 829, 5326, 2230, 612, 5021, 3121, 1127, 3006, 1852, 329, 118, 3794, 4081, 72, 1330, 519, 1195, 2017, 1920, 314, 1129, 3544, 1000, 282, 4041, 2857, 324, 2210, 5283, 2272, 4438, 10, 5341, 4447, 5120, 4167, 1047, 742, 4222, 2916, 3377, 2533, 2707, 2819, 42, 3054, 703, 1519, 1891, 1740, 2997, 347, 5190, 3489, 4284, 833, 4467, 2603, 4198, 4987, 4303, 2483, 435, 4121, 2536, 3048, 2561, 4425, 3177, 2774, 5313, 5078, 1804, 2780, 317, 1372, 1842, 2517, 35, 4283, 3692, 794, 4047, 4496, 4319, 1623, 896, 4416, 3383, 2217, 2330, 2026, 2565, 890, 1423, 3773, 2941, 4926, 2977, 256, 2755, 3724, 1697, 3141, 3189, 2520, 402, 1159, 1593, 508, 1536, 2376, 2842, 691, 3596, 2321, 1576, 5411, 2201, 2532, 4138, 4631, 3815, 4657, 2905, 3472, 4518, 4823, 4810, 2892, 4073, 2806, 3715, 31, 2372, 1782, 2133, 1893, 3932, 4602, 3997, 1607, 1238, 4296, 1350, 4498, 4735, 1489, 4877, 845, 1630, 3469, 4143, 4002, 106, 2773, 2881, 287, 2062, 1757, 4230, 1627, 830, 563, 1196, 2460, 5333, 2472, 1067, 1377, 4844, 3515, 4552, 958, 4347, 1170, 1543, 3120, 2239, 28, 4909, 3026, 515, 3293, 1948, 4948, 76, 970, 840, 4011, 2675, 4050, 37, 108, 4651, 3319, 3660, 5160, 4768, 1911, 5345, 23, 4419, 1815, 447, 581, 4426, 893, 2756, 1864, 4418, 4444, 1411, 3446, 3278, 1618, 4786, 3998, 2055, 2795, 4841, 1599, 1044, 2418, 2206, 1394, 3409, 4428, 5301, 5139, 4504, 3974, 4123, 2414, 3527, 4244, 4985, 3310, 3975, 1318, 952, 4822, 3414, 2223, 1506, 627, 3094, 1236, 4642, 2481, 1629, 4509, 4265, 3829, 4149, 3249, 426, 3817, 2571, 3894, 4662, 744, 4561, 1926, 3576, 2655, 1714, 2072, 1559, 3358, 4741, 2526, 2896, 5132, 613, 4331, 1969, 1727, 1293, 871, 5264, 4669, 1505, 1095]",13,750,1,False,750
465,numeric,entity,1,True,False,True,"{2: 151, 1: 172, 5: 122, 3: 154, 4: 141, 0: 10}","[4097, 1548, 5419, 4731, 3902, 3380, 4432, 3710, 3542, 3991, 4880, 2494, 2930, 1237, 5356, 235, 4127, 3911, 217, 3274, 932, 1468, 2624, 2837, 3687, 1483, 2116, 3691, 4885, 1822, 1115, 1952, 4887, 876, 2002, 4576, 3443, 5286, 2441, 4713, 121, 2388, 292, 5439, 83, 4206, 4866, 1120, 5436, 1558, 1312, 2596, 3921, 1887, 388, 2130, 1360, 1525, 4673, 4770, 3790, 1675, 2897, 556, 4577, 4946, 2628, 1915, 2862, 5186, 4722, 3211, 2127, 2225, 352, 1392, 1877, 2901, 1025, 4799, 1285, 2739, 5107, 4436, 415, 2864, 15, 2351, 4600, 2046, 3401, 650, 3938, 1545, 226, 4522, 992, 5069, 534, 18, 335, 3566, 3064, 2698, 989, 123, 1932, 4178, 3670, 4847, 1514, 2273, 1786, 574, 2856, 3256, 618, 4694, 5405, 4404, 2676, 3762, 5255, 3755, 2485, 5321, 536, 233, 3760, 1837, 4431, 3948, 5252, 3797, 1538, 13, 1387, 1886, 1994, 2954, 4108, 3432, 3881, 4477, 2919, 4613, 5175, 714, 1719, 4590, 3976, 3180, 2250, 2329, 3919, 5171, 3330, 2506, 3126, 3434, 223, 1272, 1304, 2738, 3311, 1290, 3073, 3199, 5388, 1989, 2828, 1431, 2509, 1643, 3373, 2821, 1188, 2859, 1955, 510, 1486, 595, 2764, 2793, 2298, 708, 1768, 5056, 5179, 4869, 2794, 2360, 4895, 1094, 5372, 2311, 2488, 1066, 2618, 429, 571, 2244, 2290, 1380, 2387, 68, 2439, 1878, 3749, 4145, 3746, 4125, 1315, 2150, 4656, 348, 770, 3019, 2275, 587, 315, 4120, 36, 2855, 3651, 2566, 4293, 640, 1490, 4054, 4959, 1835, 2354, 3522, 4901, 1243, 1571, 3332, 652, 2068, 1808, 5156, 1114, 4716, 2121, 5117, 4747, 4593, 451, 3953, 2782, 2461, 5091, 4920, 4668, 3397, 5247, 1260, 297, 2704, 3504, 3203, 2900, 384, 157, 4868, 3488, 5245, 3173, 1647, 3273, 1192, 3908, 38, 3992, 749, 5294, 3848, 860, 2479, 2459, 867, 3218, 4838, 4482, 20, 1521, 1641, 122, 3118, 2063, 2400, 3519, 1063, 2035, 3442, 2890, 1763, 2119, 5400, 1961, 4854, 2292, 2772, 527, 4917, 4955, 2172, 1186, 4006, 1388, 4382, 4717, 2798, 831, 1206, 189, 5149, 4021, 507, 3599, 3197, 5148, 539, 2171, 2575, 1615, 4032, 2592, 5425, 350, 201, 2074, 3364, 3764, 2122, 3738, 1086, 4460, 400, 63, 1662, 286, 291, 693, 3484, 2629, 4674, 2334, 1913, 4762, 2824, 4767, 4750, 4965, 1785, 2069, 583, 1797, 5051, 4848, 2634, 1507, 4085, 5159, 3279, 3927, 4, 550, 5447, 207, 2799, 551, 5144, 2563, 146, 4989, 4400, 2113, 434, 27, 4129, 3768, 3668, 3459, 3091, 1215, 4091, 1681, 2872, 4014, 4194, 779, 4029, 3756, 4760, 2476, 1749, 4658, 4871, 4348, 2757, 646, 1897, 2195, 316, 716, 4208, 5383, 825, 5370, 3078, 3778, 1702, 3984, 3847, 1150, 4300, 649, 4808, 3775, 4935, 3159, 687, 1223, 946, 4538, 4535, 3077, 5359, 780, 477, 2524, 371, 5142, 3611, 62, 1069, 4193, 883, 4130, 4328, 622, 4974, 1436, 4519, 1762, 4238, 3012, 3554, 4026, 3342, 4182, 5410, 1407, 2736, 913, 4045, 182, 1382, 3625, 1351, 3839, 3583, 2938, 46, 829, 5326, 2230, 612, 5021, 3121, 1127, 3006, 1852, 329, 118, 3794, 4081, 72, 1330, 519, 1195, 2017, 1920, 314, 1129, 3544, 1000, 282, 4041, 2857, 324, 2210, 5283, 2272, 4438, 10, 5341, 4447, 5120, 4167, 1047, 742, 4222, 2916, 3377, 2533, 2707, 2819, 42, 3054, 703, 1519, 1891, 1740, 2997, 347, 5190, 3489, 4284, 833, 4467, 2603, 4198, 4987, 4303, 2483, 435, 4121, 2536, 3048, 2561, 4425, 3177, 2774, 5313, 5078, 1804, 2780, 317, 1372, 1842, 2517, 35, 4283, 3692, 794, 4047, 4496, 4319, 1623, 896, 4416, 3383, 2217, 2330, 2026, 2565, 890, 1423, 3773, 2941, 4926, 2977, 256, 2755, 3724, 1697, 3141, 3189, 2520, 402, 1159, 1593, 508, 1536, 2376, 2842, 691, 3596, 2321, 1576, 5411, 2201, 2532, 4138, 4631, 3815, 4657, 2905, 3472, 4518, 4823, 4810, 2892, 4073, 2806, 3715, 31, 2372, 1782, 2133, 1893, 3932, 4602, 3997, 1607, 1238, 4296, 1350, 4498, 4735, 1489, 4877, 845, 1630, 3469, 4143, 4002, 106, 2773, 2881, 287, 2062, 1757, 4230, 1627, 830, 563, 1196, 2460, 5333, 2472, 1067, 1377, 4844, 3515, 4552, 958, 4347, 1170, 1543, 3120, 2239, 28, 4909, 3026, 515, 3293, 1948, 4948, 76, 970, 840, 4011, 2675, 4050, 37, 108, 4651, 3319, 3660, 5160, 4768, 1911, 5345, 23, 4419, 1815, 447, 581, 4426, 893, 2756, 1864, 4418, 4444, 1411, 3446, 3278, 1618, 4786, 3998, 2055, 2795, 4841, 1599, 1044, 2418, 2206, 1394, 3409, 4428, 5301, 5139, 4504, 3974, 4123, 2414, 3527, 4244, 4985, 3310, 3975, 1318, 952, 4822, 3414, 2223, 1506, 627, 3094, 1236, 4642, 2481, 1629, 4509, 4265, 3829, 4149, 3249, 426, 3817, 2571, 3894, 4662, 744, 4561, 1926, 3576, 2655, 1714, 2072, 1559, 3358, 4741, 2526, 2896, 5132, 613, 4331, 1969, 1727, 1293, 871, 5264, 4669, 1505, 1095]",465,750,1,False,750
133,numeric,entity,1,True,False,True,"{2: 151, 1: 172, 5: 122, 3: 154, 4: 141, 0: 10}","[4097, 1548, 5419, 4731, 3902, 3380, 4432, 3710, 3542, 3991, 4880, 2494, 2930, 1237, 5356, 235, 4127, 3911, 217, 3274, 932, 1468, 2624, 2837, 3687, 1483, 2116, 3691, 4885, 1822, 1115, 1952, 4887, 876, 2002, 4576, 3443, 5286, 2441, 4713, 121, 2388, 292, 5439, 83, 4206, 4866, 1120, 5436, 1558, 1312, 2596, 3921, 1887, 388, 2130, 1360, 1525, 4673, 4770, 3790, 1675, 2897, 556, 4577, 4946, 2628, 1915, 2862, 5186, 4722, 3211, 2127, 2225, 352, 1392, 1877, 2901, 1025, 4799, 1285, 2739, 5107, 4436, 415, 2864, 15, 2351, 4600, 2046, 3401, 650, 3938, 1545, 226, 4522, 992, 5069, 534, 18, 335, 3566, 3064, 2698, 989, 123, 1932, 4178, 3670, 4847, 1514, 2273, 1786, 574, 2856, 3256, 618, 4694, 5405, 4404, 2676, 3762, 5255, 3755, 2485, 5321, 536, 233, 3760, 1837, 4431, 3948, 5252, 3797, 1538, 13, 1387, 1886, 1994, 2954, 4108, 3432, 3881, 4477, 2919, 4613, 5175, 714, 1719, 4590, 3976, 3180, 2250, 2329, 3919, 5171, 3330, 2506, 3126, 3434, 223, 1272, 1304, 2738, 3311, 1290, 3073, 3199, 5388, 1989, 2828, 1431, 2509, 1643, 3373, 2821, 1188, 2859, 1955, 510, 1486, 595, 2764, 2793, 2298, 708, 1768, 5056, 5179, 4869, 2794, 2360, 4895, 1094, 5372, 2311, 2488, 1066, 2618, 429, 571, 2244, 2290, 1380, 2387, 68, 2439, 1878, 3749, 4145, 3746, 4125, 1315, 2150, 4656, 348, 770, 3019, 2275, 587, 315, 4120, 36, 2855, 3651, 2566, 4293, 640, 1490, 4054, 4959, 1835, 2354, 3522, 4901, 1243, 1571, 3332, 652, 2068, 1808, 5156, 1114, 4716, 2121, 5117, 4747, 4593, 451, 3953, 2782, 2461, 5091, 4920, 4668, 3397, 5247, 1260, 297, 2704, 3504, 3203, 2900, 384, 157, 4868, 3488, 5245, 3173, 1647, 3273, 1192, 3908, 38, 3992, 749, 5294, 3848, 860, 2479, 2459, 867, 3218, 4838, 4482, 20, 1521, 1641, 122, 3118, 2063, 2400, 3519, 1063, 2035, 3442, 2890, 1763, 2119, 5400, 1961, 4854, 2292, 2772, 527, 4917, 4955, 2172, 1186, 4006, 1388, 4382, 4717, 2798, 831, 1206, 189, 5149, 4021, 507, 3599, 3197, 5148, 539, 2171, 2575, 1615, 4032, 2592, 5425, 350, 201, 2074, 3364, 3764, 2122, 3738, 1086, 4460, 400, 63, 1662, 286, 291, 693, 3484, 2629, 4674, 2334, 1913, 4762, 2824, 4767, 4750, 4965, 1785, 2069, 583, 1797, 5051, 4848, 2634, 1507, 4085, 5159, 3279, 3927, 4, 550, 5447, 207, 2799, 551, 5144, 2563, 146, 4989, 4400, 2113, 434, 27, 4129, 3768, 3668, 3459, 3091, 1215, 4091, 1681, 2872, 4014, 4194, 779, 4029, 3756, 4760, 2476, 1749, 4658, 4871, 4348, 2757, 646, 1897, 2195, 316, 716, 4208, 5383, 825, 5370, 3078, 3778, 1702, 3984, 3847, 1150, 4300, 649, 4808, 3775, 4935, 3159, 687, 1223, 946, 4538, 4535, 3077, 5359, 780, 477, 2524, 371, 5142, 3611, 62, 1069, 4193, 883, 4130, 4328, 622, 4974, 1436, 4519, 1762, 4238, 3012, 3554, 4026, 3342, 4182, 5410, 1407, 2736, 913, 4045, 182, 1382, 3625, 1351, 3839, 3583, 2938, 46, 829, 5326, 2230, 612, 5021, 3121, 1127, 3006, 1852, 329, 118, 3794, 4081, 72, 1330, 519, 1195, 2017, 1920, 314, 1129, 3544, 1000, 282, 4041, 2857, 324, 2210, 5283, 2272, 4438, 10, 5341, 4447, 5120, 4167, 1047, 742, 4222, 2916, 3377, 2533, 2707, 2819, 42, 3054, 703, 1519, 1891, 1740, 2997, 347, 5190, 3489, 4284, 833, 4467, 2603, 4198, 4987, 4303, 2483, 435, 4121, 2536, 3048, 2561, 4425, 3177, 2774, 5313, 5078, 1804, 2780, 317, 1372, 1842, 2517, 35, 4283, 3692, 794, 4047, 4496, 4319, 1623, 896, 4416, 3383, 2217, 2330, 2026, 2565, 890, 1423, 3773, 2941, 4926, 2977, 256, 2755, 3724, 1697, 3141, 3189, 2520, 402, 1159, 1593, 508, 1536, 2376, 2842, 691, 3596, 2321, 1576, 5411, 2201, 2532, 4138, 4631, 3815, 4657, 2905, 3472, 4518, 4823, 4810, 2892, 4073, 2806, 3715, 31, 2372, 1782, 2133, 1893, 3932, 4602, 3997, 1607, 1238, 4296, 1350, 4498, 4735, 1489, 4877, 845, 1630, 3469, 4143, 4002, 106, 2773, 2881, 287, 2062, 1757, 4230, 1627, 830, 563, 1196, 2460, 5333, 2472, 1067, 1377, 4844, 3515, 4552, 958, 4347, 1170, 1543, 3120, 2239, 28, 4909, 3026, 515, 3293, 1948, 4948, 76, 970, 840, 4011, 2675, 4050, 37, 108, 4651, 3319, 3660, 5160, 4768, 1911, 5345, 23, 4419, 1815, 447, 581, 4426, 893, 2756, 1864, 4418, 4444, 1411, 3446, 3278, 1618, 4786, 3998, 2055, 2795, 4841, 1599, 1044, 2418, 2206, 1394, 3409, 4428, 5301, 5139, 4504, 3974, 4123, 2414, 3527, 4244, 4985, 3310, 3975, 1318, 952, 4822, 3414, 2223, 1506, 627, 3094, 1236, 4642, 2481, 1629, 4509, 4265, 3829, 4149, 3249, 426, 3817, 2571, 3894, 4662, 744, 4561, 1926, 3576, 2655, 1714, 2072, 1559, 3358, 4741, 2526, 2896, 5132, 613, 4331, 1969, 1727, 1293, 871, 5264, 4669, 1505, 1095]",133,750,1,False,750
392,numeric,entity,1,True,False,True,"{2: 151, 1: 172, 5: 122, 3: 154, 4: 141, 0: 10}","[4097, 1548, 5419, 4731, 3902, 3380, 4432, 3710, 3542, 3991, 4880, 2494, 2930, 1237, 5356, 235, 4127, 3911, 217, 3274, 932, 1468, 2624, 2837, 3687, 1483, 2116, 3691, 4885, 1822, 1115, 1952, 4887, 876, 2002, 4576, 3443, 5286, 2441, 4713, 121, 2388, 292, 5439, 83, 4206, 4866, 1120, 5436, 1558, 1312, 2596, 3921, 1887, 388, 2130, 1360, 1525, 4673, 4770, 3790, 1675, 2897, 556, 4577, 4946, 2628, 1915, 2862, 5186, 4722, 3211, 2127, 2225, 352, 1392, 1877, 2901, 1025, 4799, 1285, 2739, 5107, 4436, 415, 2864, 15, 2351, 4600, 2046, 3401, 650, 3938, 1545, 226, 4522, 992, 5069, 534, 18, 335, 3566, 3064, 2698, 989, 123, 1932, 4178, 3670, 4847, 1514, 2273, 1786, 574, 2856, 3256, 618, 4694, 5405, 4404, 2676, 3762, 5255, 3755, 2485, 5321, 536, 233, 3760, 1837, 4431, 3948, 5252, 3797, 1538, 13, 1387, 1886, 1994, 2954, 4108, 3432, 3881, 4477, 2919, 4613, 5175, 714, 1719, 4590, 3976, 3180, 2250, 2329, 3919, 5171, 3330, 2506, 3126, 3434, 223, 1272, 1304, 2738, 3311, 1290, 3073, 3199, 5388, 1989, 2828, 1431, 2509, 1643, 3373, 2821, 1188, 2859, 1955, 510, 1486, 595, 2764, 2793, 2298, 708, 1768, 5056, 5179, 4869, 2794, 2360, 4895, 1094, 5372, 2311, 2488, 1066, 2618, 429, 571, 2244, 2290, 1380, 2387, 68, 2439, 1878, 3749, 4145, 3746, 4125, 1315, 2150, 4656, 348, 770, 3019, 2275, 587, 315, 4120, 36, 2855, 3651, 2566, 4293, 640, 1490, 4054, 4959, 1835, 2354, 3522, 4901, 1243, 1571, 3332, 652, 2068, 1808, 5156, 1114, 4716, 2121, 5117, 4747, 4593, 451, 3953, 2782, 2461, 5091, 4920, 4668, 3397, 5247, 1260, 297, 2704, 3504, 3203, 2900, 384, 157, 4868, 3488, 5245, 3173, 1647, 3273, 1192, 3908, 38, 3992, 749, 5294, 3848, 860, 2479, 2459, 867, 3218, 4838, 4482, 20, 1521, 1641, 122, 3118, 2063, 2400, 3519, 1063, 2035, 3442, 2890, 1763, 2119, 5400, 1961, 4854, 2292, 2772, 527, 4917, 4955, 2172, 1186, 4006, 1388, 4382, 4717, 2798, 831, 1206, 189, 5149, 4021, 507, 3599, 3197, 5148, 539, 2171, 2575, 1615, 4032, 2592, 5425, 350, 201, 2074, 3364, 3764, 2122, 3738, 1086, 4460, 400, 63, 1662, 286, 291, 693, 3484, 2629, 4674, 2334, 1913, 4762, 2824, 4767, 4750, 4965, 1785, 2069, 583, 1797, 5051, 4848, 2634, 1507, 4085, 5159, 3279, 3927, 4, 550, 5447, 207, 2799, 551, 5144, 2563, 146, 4989, 4400, 2113, 434, 27, 4129, 3768, 3668, 3459, 3091, 1215, 4091, 1681, 2872, 4014, 4194, 779, 4029, 3756, 4760, 2476, 1749, 4658, 4871, 4348, 2757, 646, 1897, 2195, 316, 716, 4208, 5383, 825, 5370, 3078, 3778, 1702, 3984, 3847, 1150, 4300, 649, 4808, 3775, 4935, 3159, 687, 1223, 946, 4538, 4535, 3077, 5359, 780, 477, 2524, 371, 5142, 3611, 62, 1069, 4193, 883, 4130, 4328, 622, 4974, 1436, 4519, 1762, 4238, 3012, 3554, 4026, 3342, 4182, 5410, 1407, 2736, 913, 4045, 182, 1382, 3625, 1351, 3839, 3583, 2938, 46, 829, 5326, 2230, 612, 5021, 3121, 1127, 3006, 1852, 329, 118, 3794, 4081, 72, 1330, 519, 1195, 2017, 1920, 314, 1129, 3544, 1000, 282, 4041, 2857, 324, 2210, 5283, 2272, 4438, 10, 5341, 4447, 5120, 4167, 1047, 742, 4222, 2916, 3377, 2533, 2707, 2819, 42, 3054, 703, 1519, 1891, 1740, 2997, 347, 5190, 3489, 4284, 833, 4467, 2603, 4198, 4987, 4303, 2483, 435, 4121, 2536, 3048, 2561, 4425, 3177, 2774, 5313, 5078, 1804, 2780, 317, 1372, 1842, 2517, 35, 4283, 3692, 794, 4047, 4496, 4319, 1623, 896, 4416, 3383, 2217, 2330, 2026, 2565, 890, 1423, 3773, 2941, 4926, 2977, 256, 2755, 3724, 1697, 3141, 3189, 2520, 402, 1159, 1593, 508, 1536, 2376, 2842, 691, 3596, 2321, 1576, 5411, 2201, 2532, 4138, 4631, 3815, 4657, 2905, 3472, 4518, 4823, 4810, 2892, 4073, 2806, 3715, 31, 2372, 1782, 2133, 1893, 3932, 4602, 3997, 1607, 1238, 4296, 1350, 4498, 4735, 1489, 4877, 845, 1630, 3469, 4143, 4002, 106, 2773, 2881, 287, 2062, 1757, 4230, 1627, 830, 563, 1196, 2460, 5333, 2472, 1067, 1377, 4844, 3515, 4552, 958, 4347, 1170, 1543, 3120, 2239, 28, 4909, 3026, 515, 3293, 1948, 4948, 76, 970, 840, 4011, 2675, 4050, 37, 108, 4651, 3319, 3660, 5160, 4768, 1911, 5345, 23, 4419, 1815, 447, 581, 4426, 893, 2756, 1864, 4418, 4444, 1411, 3446, 3278, 1618, 4786, 3998, 2055, 2795, 4841, 1599, 1044, 2418, 2206, 1394, 3409, 4428, 5301, 5139, 4504, 3974, 4123, 2414, 3527, 4244, 4985, 3310, 3975, 1318, 952, 4822, 3414, 2223, 1506, 627, 3094, 1236, 4642, 2481, 1629, 4509, 4265, 3829, 4149, 3249, 426, 3817, 2571, 3894, 4662, 744, 4561, 1926, 3576, 2655, 1714, 2072, 1559, 3358, 4741, 2526, 2896, 5132, 613, 4331, 1969, 1727, 1293, 871, 5264, 4669, 1505, 1095]",392,750,1,False,750
56,numeric,numeric,5,True,True,True,"{2: 151, 1: 172, 5: 122, 3: 154, 4: 141, 0: 10}","[4097, 1548, 5419, 4731, 3902, 3380, 4432, 3710, 3542, 3991, 4880, 2494, 2930, 1237, 5356, 235, 4127, 3911, 217, 3274, 932, 1468, 2624, 2837, 3687, 1483, 2116, 3691, 4885, 1822, 1115, 1952, 4887, 876, 2002, 4576, 3443, 5286, 2441, 4713, 121, 2388, 292, 5439, 83, 4206, 4866, 1120, 5436, 1558, 1312, 2596, 3921, 1887, 388, 2130, 1360, 1525, 4673, 4770, 3790, 1675, 2897, 556, 4577, 4946, 2628, 1915, 2862, 5186, 4722, 3211, 2127, 2225, 352, 1392, 1877, 2901, 1025, 4799, 1285, 2739, 5107, 4436, 415, 2864, 15, 2351, 4600, 2046, 3401, 650, 3938, 1545, 226, 4522, 992, 5069, 534, 18, 335, 3566, 3064, 2698, 989, 123, 1932, 4178, 3670, 4847, 1514, 2273, 1786, 574, 2856, 3256, 618, 4694, 5405, 4404, 2676, 3762, 5255, 3755, 2485, 5321, 536, 233, 3760, 1837, 4431, 3948, 5252, 3797, 1538, 13, 1387, 1886, 1994, 2954, 4108, 3432, 3881, 4477, 2919, 4613, 5175, 714, 1719, 4590, 3976, 3180, 2250, 2329, 3919, 5171, 3330, 2506, 3126, 3434, 223, 1272, 1304, 2738, 3311, 1290, 3073, 3199, 5388, 1989, 2828, 1431, 2509, 1643, 3373, 2821, 1188, 2859, 1955, 510, 1486, 595, 2764, 2793, 2298, 708, 1768, 5056, 5179, 4869, 2794, 2360, 4895, 1094, 5372, 2311, 2488, 1066, 2618, 429, 571, 2244, 2290, 1380, 2387, 68, 2439, 1878, 3749, 4145, 3746, 4125, 1315, 2150, 4656, 348, 770, 3019, 2275, 587, 315, 4120, 36, 2855, 3651, 2566, 4293, 640, 1490, 4054, 4959, 1835, 2354, 3522, 4901, 1243, 1571, 3332, 652, 2068, 1808, 5156, 1114, 4716, 2121, 5117, 4747, 4593, 451, 3953, 2782, 2461, 5091, 4920, 4668, 3397, 5247, 1260, 297, 2704, 3504, 3203, 2900, 384, 157, 4868, 3488, 5245, 3173, 1647, 3273, 1192, 3908, 38, 3992, 749, 5294, 3848, 860, 2479, 2459, 867, 3218, 4838, 4482, 20, 1521, 1641, 122, 3118, 2063, 2400, 3519, 1063, 2035, 3442, 2890, 1763, 2119, 5400, 1961, 4854, 2292, 2772, 527, 4917, 4955, 2172, 1186, 4006, 1388, 4382, 4717, 2798, 831, 1206, 189, 5149, 4021, 507, 3599, 3197, 5148, 539, 2171, 2575, 1615, 4032, 2592, 5425, 350, 201, 2074, 3364, 3764, 2122, 3738, 1086, 4460, 400, 63, 1662, 286, 291, 693, 3484, 2629, 4674, 2334, 1913, 4762, 2824, 4767, 4750, 4965, 1785, 2069, 583, 1797, 5051, 4848, 2634, 1507, 4085, 5159, 3279, 3927, 4, 550, 5447, 207, 2799, 551, 5144, 2563, 146, 4989, 4400, 2113, 434, 27, 4129, 3768, 3668, 3459, 3091, 1215, 4091, 1681, 2872, 4014, 4194, 779, 4029, 3756, 4760, 2476, 1749, 4658, 4871, 4348, 2757, 646, 1897, 2195, 316, 716, 4208, 5383, 825, 5370, 3078, 3778, 1702, 3984, 3847, 1150, 4300, 649, 4808, 3775, 4935, 3159, 687, 1223, 946, 4538, 4535, 3077, 5359, 780, 477, 2524, 371, 5142, 3611, 62, 1069, 4193, 883, 4130, 4328, 622, 4974, 1436, 4519, 1762, 4238, 3012, 3554, 4026, 3342, 4182, 5410, 1407, 2736, 913, 4045, 182, 1382, 3625, 1351, 3839, 3583, 2938, 46, 829, 5326, 2230, 612, 5021, 3121, 1127, 3006, 1852, 329, 118, 3794, 4081, 72, 1330, 519, 1195, 2017, 1920, 314, 1129, 3544, 1000, 282, 4041, 2857, 324, 2210, 5283, 2272, 4438, 10, 5341, 4447, 5120, 4167, 1047, 742, 4222, 2916, 3377, 2533, 2707, 2819, 42, 3054, 703, 1519, 1891, 1740, 2997, 347, 5190, 3489, 4284, 833, 4467, 2603, 4198, 4987, 4303, 2483, 435, 4121, 2536, 3048, 2561, 4425, 3177, 2774, 5313, 5078, 1804, 2780, 317, 1372, 1842, 2517, 35, 4283, 3692, 794, 4047, 4496, 4319, 1623, 896, 4416, 3383, 2217, 2330, 2026, 2565, 890, 1423, 3773, 2941, 4926, 2977, 256, 2755, 3724, 1697, 3141, 3189, 2520, 402, 1159, 1593, 508, 1536, 2376, 2842, 691, 3596, 2321, 1576, 5411, 2201, 2532, 4138, 4631, 3815, 4657, 2905, 3472, 4518, 4823, 4810, 2892, 4073, 2806, 3715, 31, 2372, 1782, 2133, 1893, 3932, 4602, 3997, 1607, 1238, 4296, 1350, 4498, 4735, 1489, 4877, 845, 1630, 3469, 4143, 4002, 106, 2773, 2881, 287, 2062, 1757, 4230, 1627, 830, 563, 1196, 2460, 5333, 2472, 1067, 1377, 4844, 3515, 4552, 958, 4347, 1170, 1543, 3120, 2239, 28, 4909, 3026, 515, 3293, 1948, 4948, 76, 970, 840, 4011, 2675, 4050, 37, 108, 4651, 3319, 3660, 5160, 4768, 1911, 5345, 23, 4419, 1815, 447, 581, 4426, 893, 2756, 1864, 4418, 4444, 1411, 3446, 3278, 1618, 4786, 3998, 2055, 2795, 4841, 1599, 1044, 2418, 2206, 1394, 3409, 4428, 5301, 5139, 4504, 3974, 4123, 2414, 3527, 4244, 4985, 3310, 3975, 1318, 952, 4822, 3414, 2223, 1506, 627, 3094, 1236, 4642, 2481, 1629, 4509, 4265, 3829, 4149, 3249, 426, 3817, 2571, 3894, 4662, 744, 4561, 1926, 3576, 2655, 1714, 2072, 1559, 3358, 4741, 2526, 2896, 5132, 613, 4331, 1969, 1727, 1293, 871, 5264, 4669, 1505, 1095]",56,750,1,False,750
91,description,description,2,True,True,True,"{2: 151, 1: 172, 5: 122, 3: 154, 4: 141, 0: 10}","[4097, 1548, 5419, 4731, 3902, 3380, 4432, 3710, 3542, 3991, 4880, 2494, 2930, 1237, 5356, 235, 4127, 3911, 217, 3274, 932, 1468, 2624, 2837, 3687, 1483, 2116, 3691, 4885, 1822, 1115, 1952, 4887, 876, 2002, 4576, 3443, 5286, 2441, 4713, 121, 2388, 292, 5439, 83, 4206, 4866, 1120, 5436, 1558, 1312, 2596, 3921, 1887, 388, 2130, 1360, 1525, 4673, 4770, 3790, 1675, 2897, 556, 4577, 4946, 2628, 1915, 2862, 5186, 4722, 3211, 2127, 2225, 352, 1392, 1877, 2901, 1025, 4799, 1285, 2739, 5107, 4436, 415, 2864, 15, 2351, 4600, 2046, 3401, 650, 3938, 1545, 226, 4522, 992, 5069, 534, 18, 335, 3566, 3064, 2698, 989, 123, 1932, 4178, 3670, 4847, 1514, 2273, 1786, 574, 2856, 3256, 618, 4694, 5405, 4404, 2676, 3762, 5255, 3755, 2485, 5321, 536, 233, 3760, 1837, 4431, 3948, 5252, 3797, 1538, 13, 1387, 1886, 1994, 2954, 4108, 3432, 3881, 4477, 2919, 4613, 5175, 714, 1719, 4590, 3976, 3180, 2250, 2329, 3919, 5171, 3330, 2506, 3126, 3434, 223, 1272, 1304, 2738, 3311, 1290, 3073, 3199, 5388, 1989, 2828, 1431, 2509, 1643, 3373, 2821, 1188, 2859, 1955, 510, 1486, 595, 2764, 2793, 2298, 708, 1768, 5056, 5179, 4869, 2794, 2360, 4895, 1094, 5372, 2311, 2488, 1066, 2618, 429, 571, 2244, 2290, 1380, 2387, 68, 2439, 1878, 3749, 4145, 3746, 4125, 1315, 2150, 4656, 348, 770, 3019, 2275, 587, 315, 4120, 36, 2855, 3651, 2566, 4293, 640, 1490, 4054, 4959, 1835, 2354, 3522, 4901, 1243, 1571, 3332, 652, 2068, 1808, 5156, 1114, 4716, 2121, 5117, 4747, 4593, 451, 3953, 2782, 2461, 5091, 4920, 4668, 3397, 5247, 1260, 297, 2704, 3504, 3203, 2900, 384, 157, 4868, 3488, 5245, 3173, 1647, 3273, 1192, 3908, 38, 3992, 749, 5294, 3848, 860, 2479, 2459, 867, 3218, 4838, 4482, 20, 1521, 1641, 122, 3118, 2063, 2400, 3519, 1063, 2035, 3442, 2890, 1763, 2119, 5400, 1961, 4854, 2292, 2772, 527, 4917, 4955, 2172, 1186, 4006, 1388, 4382, 4717, 2798, 831, 1206, 189, 5149, 4021, 507, 3599, 3197, 5148, 539, 2171, 2575, 1615, 4032, 2592, 5425, 350, 201, 2074, 3364, 3764, 2122, 3738, 1086, 4460, 400, 63, 1662, 286, 291, 693, 3484, 2629, 4674, 2334, 1913, 4762, 2824, 4767, 4750, 4965, 1785, 2069, 583, 1797, 5051, 4848, 2634, 1507, 4085, 5159, 3279, 3927, 4, 550, 5447, 207, 2799, 551, 5144, 2563, 146, 4989, 4400, 2113, 434, 27, 4129, 3768, 3668, 3459, 3091, 1215, 4091, 1681, 2872, 4014, 4194, 779, 4029, 3756, 4760, 2476, 1749, 4658, 4871, 4348, 2757, 646, 1897, 2195, 316, 716, 4208, 5383, 825, 5370, 3078, 3778, 1702, 3984, 3847, 1150, 4300, 649, 4808, 3775, 4935, 3159, 687, 1223, 946, 4538, 4535, 3077, 5359, 780, 477, 2524, 371, 5142, 3611, 62, 1069, 4193, 883, 4130, 4328, 622, 4974, 1436, 4519, 1762, 4238, 3012, 3554, 4026, 3342, 4182, 5410, 1407, 2736, 913, 4045, 182, 1382, 3625, 1351, 3839, 3583, 2938, 46, 829, 5326, 2230, 612, 5021, 3121, 1127, 3006, 1852, 329, 118, 3794, 4081, 72, 1330, 519, 1195, 2017, 1920, 314, 1129, 3544, 1000, 282, 4041, 2857, 324, 2210, 5283, 2272, 4438, 10, 5341, 4447, 5120, 4167, 1047, 742, 4222, 2916, 3377, 2533, 2707, 2819, 42, 3054, 703, 1519, 1891, 1740, 2997, 347, 5190, 3489, 4284, 833, 4467, 2603, 4198, 4987, 4303, 2483, 435, 4121, 2536, 3048, 2561, 4425, 3177, 2774, 5313, 5078, 1804, 2780, 317, 1372, 1842, 2517, 35, 4283, 3692, 794, 4047, 4496, 4319, 1623, 896, 4416, 3383, 2217, 2330, 2026, 2565, 890, 1423, 3773, 2941, 4926, 2977, 256, 2755, 3724, 1697, 3141, 3189, 2520, 402, 1159, 1593, 508, 1536, 2376, 2842, 691, 3596, 2321, 1576, 5411, 2201, 2532, 4138, 4631, 3815, 4657, 2905, 3472, 4518, 4823, 4810, 2892, 4073, 2806, 3715, 31, 2372, 1782, 2133, 1893, 3932, 4602, 3997, 1607, 1238, 4296, 1350, 4498, 4735, 1489, 4877, 845, 1630, 3469, 4143, 4002, 106, 2773, 2881, 287, 2062, 1757, 4230, 1627, 830, 563, 1196, 2460, 5333, 2472, 1067, 1377, 4844, 3515, 4552, 958, 4347, 1170, 1543, 3120, 2239, 28, 4909, 3026, 515, 3293, 1948, 4948, 76, 970, 840, 4011, 2675, 4050, 37, 108, 4651, 3319, 3660, 5160, 4768, 1911, 5345, 23, 4419, 1815, 447, 581, 4426, 893, 2756, 1864, 4418, 4444, 1411, 3446, 3278, 1618, 4786, 3998, 2055, 2795, 4841, 1599, 1044, 2418, 2206, 1394, 3409, 4428, 5301, 5139, 4504, 3974, 4123, 2414, 3527, 4244, 4985, 3310, 3975, 1318, 952, 4822, 3414, 2223, 1506, 627, 3094, 1236, 4642, 2481, 1629, 4509, 4265, 3829, 4149, 3249, 426, 3817, 2571, 3894, 4662, 744, 4561, 1926, 3576, 2655, 1714, 2072, 1559, 3358, 4741, 2526, 2896, 5132, 613, 4331, 1969, 1727, 1293, 871, 5264, 4669, 1505, 1095]",91,750,1,False,750
314,numeric,location,4,True,False,True,"{2: 151, 1: 172, 5: 122, 3: 154, 4: 141, 0: 10}","[4097, 1548, 5419, 4731, 3902, 3380, 4432, 3710, 3542, 3991, 4880, 2494, 2930, 1237, 5356, 235, 4127, 3911, 217, 3274, 932, 1468, 2624, 2837, 3687, 1483, 2116, 3691, 4885, 1822, 1115, 1952, 4887, 876, 2002, 4576, 3443, 5286, 2441, 4713, 121, 2388, 292, 5439, 83, 4206, 4866, 1120, 5436, 1558, 1312, 2596, 3921, 1887, 388, 2130, 1360, 1525, 4673, 4770, 3790, 1675, 2897, 556, 4577, 4946, 2628, 1915, 2862, 5186, 4722, 3211, 2127, 2225, 352, 1392, 1877, 2901, 1025, 4799, 1285, 2739, 5107, 4436, 415, 2864, 15, 2351, 4600, 2046, 3401, 650, 3938, 1545, 226, 4522, 992, 5069, 534, 18, 335, 3566, 3064, 2698, 989, 123, 1932, 4178, 3670, 4847, 1514, 2273, 1786, 574, 2856, 3256, 618, 4694, 5405, 4404, 2676, 3762, 5255, 3755, 2485, 5321, 536, 233, 3760, 1837, 4431, 3948, 5252, 3797, 1538, 13, 1387, 1886, 1994, 2954, 4108, 3432, 3881, 4477, 2919, 4613, 5175, 714, 1719, 4590, 3976, 3180, 2250, 2329, 3919, 5171, 3330, 2506, 3126, 3434, 223, 1272, 1304, 2738, 3311, 1290, 3073, 3199, 5388, 1989, 2828, 1431, 2509, 1643, 3373, 2821, 1188, 2859, 1955, 510, 1486, 595, 2764, 2793, 2298, 708, 1768, 5056, 5179, 4869, 2794, 2360, 4895, 1094, 5372, 2311, 2488, 1066, 2618, 429, 571, 2244, 2290, 1380, 2387, 68, 2439, 1878, 3749, 4145, 3746, 4125, 1315, 2150, 4656, 348, 770, 3019, 2275, 587, 315, 4120, 36, 2855, 3651, 2566, 4293, 640, 1490, 4054, 4959, 1835, 2354, 3522, 4901, 1243, 1571, 3332, 652, 2068, 1808, 5156, 1114, 4716, 2121, 5117, 4747, 4593, 451, 3953, 2782, 2461, 5091, 4920, 4668, 3397, 5247, 1260, 297, 2704, 3504, 3203, 2900, 384, 157, 4868, 3488, 5245, 3173, 1647, 3273, 1192, 3908, 38, 3992, 749, 5294, 3848, 860, 2479, 2459, 867, 3218, 4838, 4482, 20, 1521, 1641, 122, 3118, 2063, 2400, 3519, 1063, 2035, 3442, 2890, 1763, 2119, 5400, 1961, 4854, 2292, 2772, 527, 4917, 4955, 2172, 1186, 4006, 1388, 4382, 4717, 2798, 831, 1206, 189, 5149, 4021, 507, 3599, 3197, 5148, 539, 2171, 2575, 1615, 4032, 2592, 5425, 350, 201, 2074, 3364, 3764, 2122, 3738, 1086, 4460, 400, 63, 1662, 286, 291, 693, 3484, 2629, 4674, 2334, 1913, 4762, 2824, 4767, 4750, 4965, 1785, 2069, 583, 1797, 5051, 4848, 2634, 1507, 4085, 5159, 3279, 3927, 4, 550, 5447, 207, 2799, 551, 5144, 2563, 146, 4989, 4400, 2113, 434, 27, 4129, 3768, 3668, 3459, 3091, 1215, 4091, 1681, 2872, 4014, 4194, 779, 4029, 3756, 4760, 2476, 1749, 4658, 4871, 4348, 2757, 646, 1897, 2195, 316, 716, 4208, 5383, 825, 5370, 3078, 3778, 1702, 3984, 3847, 1150, 4300, 649, 4808, 3775, 4935, 3159, 687, 1223, 946, 4538, 4535, 3077, 5359, 780, 477, 2524, 371, 5142, 3611, 62, 1069, 4193, 883, 4130, 4328, 622, 4974, 1436, 4519, 1762, 4238, 3012, 3554, 4026, 3342, 4182, 5410, 1407, 2736, 913, 4045, 182, 1382, 3625, 1351, 3839, 3583, 2938, 46, 829, 5326, 2230, 612, 5021, 3121, 1127, 3006, 1852, 329, 118, 3794, 4081, 72, 1330, 519, 1195, 2017, 1920, 314, 1129, 3544, 1000, 282, 4041, 2857, 324, 2210, 5283, 2272, 4438, 10, 5341, 4447, 5120, 4167, 1047, 742, 4222, 2916, 3377, 2533, 2707, 2819, 42, 3054, 703, 1519, 1891, 1740, 2997, 347, 5190, 3489, 4284, 833, 4467, 2603, 4198, 4987, 4303, 2483, 435, 4121, 2536, 3048, 2561, 4425, 3177, 2774, 5313, 5078, 1804, 2780, 317, 1372, 1842, 2517, 35, 4283, 3692, 794, 4047, 4496, 4319, 1623, 896, 4416, 3383, 2217, 2330, 2026, 2565, 890, 1423, 3773, 2941, 4926, 2977, 256, 2755, 3724, 1697, 3141, 3189, 2520, 402, 1159, 1593, 508, 1536, 2376, 2842, 691, 3596, 2321, 1576, 5411, 2201, 2532, 4138, 4631, 3815, 4657, 2905, 3472, 4518, 4823, 4810, 2892, 4073, 2806, 3715, 31, 2372, 1782, 2133, 1893, 3932, 4602, 3997, 1607, 1238, 4296, 1350, 4498, 4735, 1489, 4877, 845, 1630, 3469, 4143, 4002, 106, 2773, 2881, 287, 2062, 1757, 4230, 1627, 830, 563, 1196, 2460, 5333, 2472, 1067, 1377, 4844, 3515, 4552, 958, 4347, 1170, 1543, 3120, 2239, 28, 4909, 3026, 515, 3293, 1948, 4948, 76, 970, 840, 4011, 2675, 4050, 37, 108, 4651, 3319, 3660, 5160, 4768, 1911, 5345, 23, 4419, 1815, 447, 581, 4426, 893, 2756, 1864, 4418, 4444, 1411, 3446, 3278, 1618, 4786, 3998, 2055, 2795, 4841, 1599, 1044, 2418, 2206, 1394, 3409, 4428, 5301, 5139, 4504, 3974, 4123, 2414, 3527, 4244, 4985, 3310, 3975, 1318, 952, 4822, 3414, 2223, 1506, 627, 3094, 1236, 4642, 2481, 1629, 4509, 4265, 3829, 4149, 3249, 426, 3817, 2571, 3894, 4662, 744, 4561, 1926, 3576, 2655, 1714, 2072, 1559, 3358, 4741, 2526, 2896, 5132, 613, 4331, 1969, 1727, 1293, 871, 5264, 4669, 1505, 1095]",314,750,1,False,750
488,numeric,entity,1,True,False,True,"{2: 151, 1: 172, 5: 122, 3: 154, 4: 141, 0: 10}","[4097, 1548, 5419, 4731, 3902, 3380, 4432, 3710, 3542, 3991, 4880, 2494, 2930, 1237, 5356, 235, 4127, 3911, 217, 3274, 932, 1468, 2624, 2837, 3687, 1483, 2116, 3691, 4885, 1822, 1115, 1952, 4887, 876, 2002, 4576, 3443, 5286, 2441, 4713, 121, 2388, 292, 5439, 83, 4206, 4866, 1120, 5436, 1558, 1312, 2596, 3921, 1887, 388, 2130, 1360, 1525, 4673, 4770, 3790, 1675, 2897, 556, 4577, 4946, 2628, 1915, 2862, 5186, 4722, 3211, 2127, 2225, 352, 1392, 1877, 2901, 1025, 4799, 1285, 2739, 5107, 4436, 415, 2864, 15, 2351, 4600, 2046, 3401, 650, 3938, 1545, 226, 4522, 992, 5069, 534, 18, 335, 3566, 3064, 2698, 989, 123, 1932, 4178, 3670, 4847, 1514, 2273, 1786, 574, 2856, 3256, 618, 4694, 5405, 4404, 2676, 3762, 5255, 3755, 2485, 5321, 536, 233, 3760, 1837, 4431, 3948, 5252, 3797, 1538, 13, 1387, 1886, 1994, 2954, 4108, 3432, 3881, 4477, 2919, 4613, 5175, 714, 1719, 4590, 3976, 3180, 2250, 2329, 3919, 5171, 3330, 2506, 3126, 3434, 223, 1272, 1304, 2738, 3311, 1290, 3073, 3199, 5388, 1989, 2828, 1431, 2509, 1643, 3373, 2821, 1188, 2859, 1955, 510, 1486, 595, 2764, 2793, 2298, 708, 1768, 5056, 5179, 4869, 2794, 2360, 4895, 1094, 5372, 2311, 2488, 1066, 2618, 429, 571, 2244, 2290, 1380, 2387, 68, 2439, 1878, 3749, 4145, 3746, 4125, 1315, 2150, 4656, 348, 770, 3019, 2275, 587, 315, 4120, 36, 2855, 3651, 2566, 4293, 640, 1490, 4054, 4959, 1835, 2354, 3522, 4901, 1243, 1571, 3332, 652, 2068, 1808, 5156, 1114, 4716, 2121, 5117, 4747, 4593, 451, 3953, 2782, 2461, 5091, 4920, 4668, 3397, 5247, 1260, 297, 2704, 3504, 3203, 2900, 384, 157, 4868, 3488, 5245, 3173, 1647, 3273, 1192, 3908, 38, 3992, 749, 5294, 3848, 860, 2479, 2459, 867, 3218, 4838, 4482, 20, 1521, 1641, 122, 3118, 2063, 2400, 3519, 1063, 2035, 3442, 2890, 1763, 2119, 5400, 1961, 4854, 2292, 2772, 527, 4917, 4955, 2172, 1186, 4006, 1388, 4382, 4717, 2798, 831, 1206, 189, 5149, 4021, 507, 3599, 3197, 5148, 539, 2171, 2575, 1615, 4032, 2592, 5425, 350, 201, 2074, 3364, 3764, 2122, 3738, 1086, 4460, 400, 63, 1662, 286, 291, 693, 3484, 2629, 4674, 2334, 1913, 4762, 2824, 4767, 4750, 4965, 1785, 2069, 583, 1797, 5051, 4848, 2634, 1507, 4085, 5159, 3279, 3927, 4, 550, 5447, 207, 2799, 551, 5144, 2563, 146, 4989, 4400, 2113, 434, 27, 4129, 3768, 3668, 3459, 3091, 1215, 4091, 1681, 2872, 4014, 4194, 779, 4029, 3756, 4760, 2476, 1749, 4658, 4871, 4348, 2757, 646, 1897, 2195, 316, 716, 4208, 5383, 825, 5370, 3078, 3778, 1702, 3984, 3847, 1150, 4300, 649, 4808, 3775, 4935, 3159, 687, 1223, 946, 4538, 4535, 3077, 5359, 780, 477, 2524, 371, 5142, 3611, 62, 1069, 4193, 883, 4130, 4328, 622, 4974, 1436, 4519, 1762, 4238, 3012, 3554, 4026, 3342, 4182, 5410, 1407, 2736, 913, 4045, 182, 1382, 3625, 1351, 3839, 3583, 2938, 46, 829, 5326, 2230, 612, 5021, 3121, 1127, 3006, 1852, 329, 118, 3794, 4081, 72, 1330, 519, 1195, 2017, 1920, 314, 1129, 3544, 1000, 282, 4041, 2857, 324, 2210, 5283, 2272, 4438, 10, 5341, 4447, 5120, 4167, 1047, 742, 4222, 2916, 3377, 2533, 2707, 2819, 42, 3054, 703, 1519, 1891, 1740, 2997, 347, 5190, 3489, 4284, 833, 4467, 2603, 4198, 4987, 4303, 2483, 435, 4121, 2536, 3048, 2561, 4425, 3177, 2774, 5313, 5078, 1804, 2780, 317, 1372, 1842, 2517, 35, 4283, 3692, 794, 4047, 4496, 4319, 1623, 896, 4416, 3383, 2217, 2330, 2026, 2565, 890, 1423, 3773, 2941, 4926, 2977, 256, 2755, 3724, 1697, 3141, 3189, 2520, 402, 1159, 1593, 508, 1536, 2376, 2842, 691, 3596, 2321, 1576, 5411, 2201, 2532, 4138, 4631, 3815, 4657, 2905, 3472, 4518, 4823, 4810, 2892, 4073, 2806, 3715, 31, 2372, 1782, 2133, 1893, 3932, 4602, 3997, 1607, 1238, 4296, 1350, 4498, 4735, 1489, 4877, 845, 1630, 3469, 4143, 4002, 106, 2773, 2881, 287, 2062, 1757, 4230, 1627, 830, 563, 1196, 2460, 5333, 2472, 1067, 1377, 4844, 3515, 4552, 958, 4347, 1170, 1543, 3120, 2239, 28, 4909, 3026, 515, 3293, 1948, 4948, 76, 970, 840, 4011, 2675, 4050, 37, 108, 4651, 3319, 3660, 5160, 4768, 1911, 5345, 23, 4419, 1815, 447, 581, 4426, 893, 2756, 1864, 4418, 4444, 1411, 3446, 3278, 1618, 4786, 3998, 2055, 2795, 4841, 1599, 1044, 2418, 2206, 1394, 3409, 4428, 5301, 5139, 4504, 3974, 4123, 2414, 3527, 4244, 4985, 3310, 3975, 1318, 952, 4822, 3414, 2223, 1506, 627, 3094, 1236, 4642, 2481, 1629, 4509, 4265, 3829, 4149, 3249, 426, 3817, 2571, 3894, 4662, 744, 4561, 1926, 3576, 2655, 1714, 2072, 1559, 3358, 4741, 2526, 2896, 5132, 613, 4331, 1969, 1727, 1293, 871, 5264, 4669, 1505, 1095]",488,750,1,False,750
65,human,human,3,True,True,True,"{2: 151, 1: 172, 5: 122, 3: 154, 4: 141, 0: 10}","[4097, 1548, 5419, 4731, 3902, 3380, 4432, 3710, 3542, 3991, 4880, 2494, 2930, 1237, 5356, 235, 4127, 3911, 217, 3274, 932, 1468, 2624, 2837, 3687, 1483, 2116, 3691, 4885, 1822, 1115, 1952, 4887, 876, 2002, 4576, 3443, 5286, 2441, 4713, 121, 2388, 292, 5439, 83, 4206, 4866, 1120, 5436, 1558, 1312, 2596, 3921, 1887, 388, 2130, 1360, 1525, 4673, 4770, 3790, 1675, 2897, 556, 4577, 4946, 2628, 1915, 2862, 5186, 4722, 3211, 2127, 2225, 352, 1392, 1877, 2901, 1025, 4799, 1285, 2739, 5107, 4436, 415, 2864, 15, 2351, 4600, 2046, 3401, 650, 3938, 1545, 226, 4522, 992, 5069, 534, 18, 335, 3566, 3064, 2698, 989, 123, 1932, 4178, 3670, 4847, 1514, 2273, 1786, 574, 2856, 3256, 618, 4694, 5405, 4404, 2676, 3762, 5255, 3755, 2485, 5321, 536, 233, 3760, 1837, 4431, 3948, 5252, 3797, 1538, 13, 1387, 1886, 1994, 2954, 4108, 3432, 3881, 4477, 2919, 4613, 5175, 714, 1719, 4590, 3976, 3180, 2250, 2329, 3919, 5171, 3330, 2506, 3126, 3434, 223, 1272, 1304, 2738, 3311, 1290, 3073, 3199, 5388, 1989, 2828, 1431, 2509, 1643, 3373, 2821, 1188, 2859, 1955, 510, 1486, 595, 2764, 2793, 2298, 708, 1768, 5056, 5179, 4869, 2794, 2360, 4895, 1094, 5372, 2311, 2488, 1066, 2618, 429, 571, 2244, 2290, 1380, 2387, 68, 2439, 1878, 3749, 4145, 3746, 4125, 1315, 2150, 4656, 348, 770, 3019, 2275, 587, 315, 4120, 36, 2855, 3651, 2566, 4293, 640, 1490, 4054, 4959, 1835, 2354, 3522, 4901, 1243, 1571, 3332, 652, 2068, 1808, 5156, 1114, 4716, 2121, 5117, 4747, 4593, 451, 3953, 2782, 2461, 5091, 4920, 4668, 3397, 5247, 1260, 297, 2704, 3504, 3203, 2900, 384, 157, 4868, 3488, 5245, 3173, 1647, 3273, 1192, 3908, 38, 3992, 749, 5294, 3848, 860, 2479, 2459, 867, 3218, 4838, 4482, 20, 1521, 1641, 122, 3118, 2063, 2400, 3519, 1063, 2035, 3442, 2890, 1763, 2119, 5400, 1961, 4854, 2292, 2772, 527, 4917, 4955, 2172, 1186, 4006, 1388, 4382, 4717, 2798, 831, 1206, 189, 5149, 4021, 507, 3599, 3197, 5148, 539, 2171, 2575, 1615, 4032, 2592, 5425, 350, 201, 2074, 3364, 3764, 2122, 3738, 1086, 4460, 400, 63, 1662, 286, 291, 693, 3484, 2629, 4674, 2334, 1913, 4762, 2824, 4767, 4750, 4965, 1785, 2069, 583, 1797, 5051, 4848, 2634, 1507, 4085, 5159, 3279, 3927, 4, 550, 5447, 207, 2799, 551, 5144, 2563, 146, 4989, 4400, 2113, 434, 27, 4129, 3768, 3668, 3459, 3091, 1215, 4091, 1681, 2872, 4014, 4194, 779, 4029, 3756, 4760, 2476, 1749, 4658, 4871, 4348, 2757, 646, 1897, 2195, 316, 716, 4208, 5383, 825, 5370, 3078, 3778, 1702, 3984, 3847, 1150, 4300, 649, 4808, 3775, 4935, 3159, 687, 1223, 946, 4538, 4535, 3077, 5359, 780, 477, 2524, 371, 5142, 3611, 62, 1069, 4193, 883, 4130, 4328, 622, 4974, 1436, 4519, 1762, 4238, 3012, 3554, 4026, 3342, 4182, 5410, 1407, 2736, 913, 4045, 182, 1382, 3625, 1351, 3839, 3583, 2938, 46, 829, 5326, 2230, 612, 5021, 3121, 1127, 3006, 1852, 329, 118, 3794, 4081, 72, 1330, 519, 1195, 2017, 1920, 314, 1129, 3544, 1000, 282, 4041, 2857, 324, 2210, 5283, 2272, 4438, 10, 5341, 4447, 5120, 4167, 1047, 742, 4222, 2916, 3377, 2533, 2707, 2819, 42, 3054, 703, 1519, 1891, 1740, 2997, 347, 5190, 3489, 4284, 833, 4467, 2603, 4198, 4987, 4303, 2483, 435, 4121, 2536, 3048, 2561, 4425, 3177, 2774, 5313, 5078, 1804, 2780, 317, 1372, 1842, 2517, 35, 4283, 3692, 794, 4047, 4496, 4319, 1623, 896, 4416, 3383, 2217, 2330, 2026, 2565, 890, 1423, 3773, 2941, 4926, 2977, 256, 2755, 3724, 1697, 3141, 3189, 2520, 402, 1159, 1593, 508, 1536, 2376, 2842, 691, 3596, 2321, 1576, 5411, 2201, 2532, 4138, 4631, 3815, 4657, 2905, 3472, 4518, 4823, 4810, 2892, 4073, 2806, 3715, 31, 2372, 1782, 2133, 1893, 3932, 4602, 3997, 1607, 1238, 4296, 1350, 4498, 4735, 1489, 4877, 845, 1630, 3469, 4143, 4002, 106, 2773, 2881, 287, 2062, 1757, 4230, 1627, 830, 563, 1196, 2460, 5333, 2472, 1067, 1377, 4844, 3515, 4552, 958, 4347, 1170, 1543, 3120, 2239, 28, 4909, 3026, 515, 3293, 1948, 4948, 76, 970, 840, 4011, 2675, 4050, 37, 108, 4651, 3319, 3660, 5160, 4768, 1911, 5345, 23, 4419, 1815, 447, 581, 4426, 893, 2756, 1864, 4418, 4444, 1411, 3446, 3278, 1618, 4786, 3998, 2055, 2795, 4841, 1599, 1044, 2418, 2206, 1394, 3409, 4428, 5301, 5139, 4504, 3974, 4123, 2414, 3527, 4244, 4985, 3310, 3975, 1318, 952, 4822, 3414, 2223, 1506, 627, 3094, 1236, 4642, 2481, 1629, 4509, 4265, 3829, 4149, 3249, 426, 3817, 2571, 3894, 4662, 744, 4561, 1926, 3576, 2655, 1714, 2072, 1559, 3358, 4741, 2526, 2896, 5132, 613, 4331, 1969, 1727, 1293, 871, 5264, 4669, 1505, 1095]",65,750,1,False,750
179,numeric,numeric,5,True,True,True,"{2: 151, 1: 172, 5: 122, 3: 154, 4: 141, 0: 10}","[4097, 1548, 5419, 4731, 3902, 3380, 4432, 3710, 3542, 3991, 4880, 2494, 2930, 1237, 5356, 235, 4127, 3911, 217, 3274, 932, 1468, 2624, 2837, 3687, 1483, 2116, 3691, 4885, 1822, 1115, 1952, 4887, 876, 2002, 4576, 3443, 5286, 2441, 4713, 121, 2388, 292, 5439, 83, 4206, 4866, 1120, 5436, 1558, 1312, 2596, 3921, 1887, 388, 2130, 1360, 1525, 4673, 4770, 3790, 1675, 2897, 556, 4577, 4946, 2628, 1915, 2862, 5186, 4722, 3211, 2127, 2225, 352, 1392, 1877, 2901, 1025, 4799, 1285, 2739, 5107, 4436, 415, 2864, 15, 2351, 4600, 2046, 3401, 650, 3938, 1545, 226, 4522, 992, 5069, 534, 18, 335, 3566, 3064, 2698, 989, 123, 1932, 4178, 3670, 4847, 1514, 2273, 1786, 574, 2856, 3256, 618, 4694, 5405, 4404, 2676, 3762, 5255, 3755, 2485, 5321, 536, 233, 3760, 1837, 4431, 3948, 5252, 3797, 1538, 13, 1387, 1886, 1994, 2954, 4108, 3432, 3881, 4477, 2919, 4613, 5175, 714, 1719, 4590, 3976, 3180, 2250, 2329, 3919, 5171, 3330, 2506, 3126, 3434, 223, 1272, 1304, 2738, 3311, 1290, 3073, 3199, 5388, 1989, 2828, 1431, 2509, 1643, 3373, 2821, 1188, 2859, 1955, 510, 1486, 595, 2764, 2793, 2298, 708, 1768, 5056, 5179, 4869, 2794, 2360, 4895, 1094, 5372, 2311, 2488, 1066, 2618, 429, 571, 2244, 2290, 1380, 2387, 68, 2439, 1878, 3749, 4145, 3746, 4125, 1315, 2150, 4656, 348, 770, 3019, 2275, 587, 315, 4120, 36, 2855, 3651, 2566, 4293, 640, 1490, 4054, 4959, 1835, 2354, 3522, 4901, 1243, 1571, 3332, 652, 2068, 1808, 5156, 1114, 4716, 2121, 5117, 4747, 4593, 451, 3953, 2782, 2461, 5091, 4920, 4668, 3397, 5247, 1260, 297, 2704, 3504, 3203, 2900, 384, 157, 4868, 3488, 5245, 3173, 1647, 3273, 1192, 3908, 38, 3992, 749, 5294, 3848, 860, 2479, 2459, 867, 3218, 4838, 4482, 20, 1521, 1641, 122, 3118, 2063, 2400, 3519, 1063, 2035, 3442, 2890, 1763, 2119, 5400, 1961, 4854, 2292, 2772, 527, 4917, 4955, 2172, 1186, 4006, 1388, 4382, 4717, 2798, 831, 1206, 189, 5149, 4021, 507, 3599, 3197, 5148, 539, 2171, 2575, 1615, 4032, 2592, 5425, 350, 201, 2074, 3364, 3764, 2122, 3738, 1086, 4460, 400, 63, 1662, 286, 291, 693, 3484, 2629, 4674, 2334, 1913, 4762, 2824, 4767, 4750, 4965, 1785, 2069, 583, 1797, 5051, 4848, 2634, 1507, 4085, 5159, 3279, 3927, 4, 550, 5447, 207, 2799, 551, 5144, 2563, 146, 4989, 4400, 2113, 434, 27, 4129, 3768, 3668, 3459, 3091, 1215, 4091, 1681, 2872, 4014, 4194, 779, 4029, 3756, 4760, 2476, 1749, 4658, 4871, 4348, 2757, 646, 1897, 2195, 316, 716, 4208, 5383, 825, 5370, 3078, 3778, 1702, 3984, 3847, 1150, 4300, 649, 4808, 3775, 4935, 3159, 687, 1223, 946, 4538, 4535, 3077, 5359, 780, 477, 2524, 371, 5142, 3611, 62, 1069, 4193, 883, 4130, 4328, 622, 4974, 1436, 4519, 1762, 4238, 3012, 3554, 4026, 3342, 4182, 5410, 1407, 2736, 913, 4045, 182, 1382, 3625, 1351, 3839, 3583, 2938, 46, 829, 5326, 2230, 612, 5021, 3121, 1127, 3006, 1852, 329, 118, 3794, 4081, 72, 1330, 519, 1195, 2017, 1920, 314, 1129, 3544, 1000, 282, 4041, 2857, 324, 2210, 5283, 2272, 4438, 10, 5341, 4447, 5120, 4167, 1047, 742, 4222, 2916, 3377, 2533, 2707, 2819, 42, 3054, 703, 1519, 1891, 1740, 2997, 347, 5190, 3489, 4284, 833, 4467, 2603, 4198, 4987, 4303, 2483, 435, 4121, 2536, 3048, 2561, 4425, 3177, 2774, 5313, 5078, 1804, 2780, 317, 1372, 1842, 2517, 35, 4283, 3692, 794, 4047, 4496, 4319, 1623, 896, 4416, 3383, 2217, 2330, 2026, 2565, 890, 1423, 3773, 2941, 4926, 2977, 256, 2755, 3724, 1697, 3141, 3189, 2520, 402, 1159, 1593, 508, 1536, 2376, 2842, 691, 3596, 2321, 1576, 5411, 2201, 2532, 4138, 4631, 3815, 4657, 2905, 3472, 4518, 4823, 4810, 2892, 4073, 2806, 3715, 31, 2372, 1782, 2133, 1893, 3932, 4602, 3997, 1607, 1238, 4296, 1350, 4498, 4735, 1489, 4877, 845, 1630, 3469, 4143, 4002, 106, 2773, 2881, 287, 2062, 1757, 4230, 1627, 830, 563, 1196, 2460, 5333, 2472, 1067, 1377, 4844, 3515, 4552, 958, 4347, 1170, 1543, 3120, 2239, 28, 4909, 3026, 515, 3293, 1948, 4948, 76, 970, 840, 4011, 2675, 4050, 37, 108, 4651, 3319, 3660, 5160, 4768, 1911, 5345, 23, 4419, 1815, 447, 581, 4426, 893, 2756, 1864, 4418, 4444, 1411, 3446, 3278, 1618, 4786, 3998, 2055, 2795, 4841, 1599, 1044, 2418, 2206, 1394, 3409, 4428, 5301, 5139, 4504, 3974, 4123, 2414, 3527, 4244, 4985, 3310, 3975, 1318, 952, 4822, 3414, 2223, 1506, 627, 3094, 1236, 4642, 2481, 1629, 4509, 4265, 3829, 4149, 3249, 426, 3817, 2571, 3894, 4662, 744, 4561, 1926, 3576, 2655, 1714, 2072, 1559, 3358, 4741, 2526, 2896, 5132, 613, 4331, 1969, 1727, 1293, 871, 5264, 4669, 1505, 1095]",179,750,1,False,750
317,location,location,4,True,True,True,"{2: 151, 1: 172, 5: 122, 3: 154, 4: 141, 0: 10}","[4097, 1548, 5419, 4731, 3902, 3380, 4432, 3710, 3542, 3991, 4880, 2494, 2930, 1237, 5356, 235, 4127, 3911, 217, 3274, 932, 1468, 2624, 2837, 3687, 1483, 2116, 3691, 4885, 1822, 1115, 1952, 4887, 876, 2002, 4576, 3443, 5286, 2441, 4713, 121, 2388, 292, 5439, 83, 4206, 4866, 1120, 5436, 1558, 1312, 2596, 3921, 1887, 388, 2130, 1360, 1525, 4673, 4770, 3790, 1675, 2897, 556, 4577, 4946, 2628, 1915, 2862, 5186, 4722, 3211, 2127, 2225, 352, 1392, 1877, 2901, 1025, 4799, 1285, 2739, 5107, 4436, 415, 2864, 15, 2351, 4600, 2046, 3401, 650, 3938, 1545, 226, 4522, 992, 5069, 534, 18, 335, 3566, 3064, 2698, 989, 123, 1932, 4178, 3670, 4847, 1514, 2273, 1786, 574, 2856, 3256, 618, 4694, 5405, 4404, 2676, 3762, 5255, 3755, 2485, 5321, 536, 233, 3760, 1837, 4431, 3948, 5252, 3797, 1538, 13, 1387, 1886, 1994, 2954, 4108, 3432, 3881, 4477, 2919, 4613, 5175, 714, 1719, 4590, 3976, 3180, 2250, 2329, 3919, 5171, 3330, 2506, 3126, 3434, 223, 1272, 1304, 2738, 3311, 1290, 3073, 3199, 5388, 1989, 2828, 1431, 2509, 1643, 3373, 2821, 1188, 2859, 1955, 510, 1486, 595, 2764, 2793, 2298, 708, 1768, 5056, 5179, 4869, 2794, 2360, 4895, 1094, 5372, 2311, 2488, 1066, 2618, 429, 571, 2244, 2290, 1380, 2387, 68, 2439, 1878, 3749, 4145, 3746, 4125, 1315, 2150, 4656, 348, 770, 3019, 2275, 587, 315, 4120, 36, 2855, 3651, 2566, 4293, 640, 1490, 4054, 4959, 1835, 2354, 3522, 4901, 1243, 1571, 3332, 652, 2068, 1808, 5156, 1114, 4716, 2121, 5117, 4747, 4593, 451, 3953, 2782, 2461, 5091, 4920, 4668, 3397, 5247, 1260, 297, 2704, 3504, 3203, 2900, 384, 157, 4868, 3488, 5245, 3173, 1647, 3273, 1192, 3908, 38, 3992, 749, 5294, 3848, 860, 2479, 2459, 867, 3218, 4838, 4482, 20, 1521, 1641, 122, 3118, 2063, 2400, 3519, 1063, 2035, 3442, 2890, 1763, 2119, 5400, 1961, 4854, 2292, 2772, 527, 4917, 4955, 2172, 1186, 4006, 1388, 4382, 4717, 2798, 831, 1206, 189, 5149, 4021, 507, 3599, 3197, 5148, 539, 2171, 2575, 1615, 4032, 2592, 5425, 350, 201, 2074, 3364, 3764, 2122, 3738, 1086, 4460, 400, 63, 1662, 286, 291, 693, 3484, 2629, 4674, 2334, 1913, 4762, 2824, 4767, 4750, 4965, 1785, 2069, 583, 1797, 5051, 4848, 2634, 1507, 4085, 5159, 3279, 3927, 4, 550, 5447, 207, 2799, 551, 5144, 2563, 146, 4989, 4400, 2113, 434, 27, 4129, 3768, 3668, 3459, 3091, 1215, 4091, 1681, 2872, 4014, 4194, 779, 4029, 3756, 4760, 2476, 1749, 4658, 4871, 4348, 2757, 646, 1897, 2195, 316, 716, 4208, 5383, 825, 5370, 3078, 3778, 1702, 3984, 3847, 1150, 4300, 649, 4808, 3775, 4935, 3159, 687, 1223, 946, 4538, 4535, 3077, 5359, 780, 477, 2524, 371, 5142, 3611, 62, 1069, 4193, 883, 4130, 4328, 622, 4974, 1436, 4519, 1762, 4238, 3012, 3554, 4026, 3342, 4182, 5410, 1407, 2736, 913, 4045, 182, 1382, 3625, 1351, 3839, 3583, 2938, 46, 829, 5326, 2230, 612, 5021, 3121, 1127, 3006, 1852, 329, 118, 3794, 4081, 72, 1330, 519, 1195, 2017, 1920, 314, 1129, 3544, 1000, 282, 4041, 2857, 324, 2210, 5283, 2272, 4438, 10, 5341, 4447, 5120, 4167, 1047, 742, 4222, 2916, 3377, 2533, 2707, 2819, 42, 3054, 703, 1519, 1891, 1740, 2997, 347, 5190, 3489, 4284, 833, 4467, 2603, 4198, 4987, 4303, 2483, 435, 4121, 2536, 3048, 2561, 4425, 3177, 2774, 5313, 5078, 1804, 2780, 317, 1372, 1842, 2517, 35, 4283, 3692, 794, 4047, 4496, 4319, 1623, 896, 4416, 3383, 2217, 2330, 2026, 2565, 890, 1423, 3773, 2941, 4926, 2977, 256, 2755, 3724, 1697, 3141, 3189, 2520, 402, 1159, 1593, 508, 1536, 2376, 2842, 691, 3596, 2321, 1576, 5411, 2201, 2532, 4138, 4631, 3815, 4657, 2905, 3472, 4518, 4823, 4810, 2892, 4073, 2806, 3715, 31, 2372, 1782, 2133, 1893, 3932, 4602, 3997, 1607, 1238, 4296, 1350, 4498, 4735, 1489, 4877, 845, 1630, 3469, 4143, 4002, 106, 2773, 2881, 287, 2062, 1757, 4230, 1627, 830, 563, 1196, 2460, 5333, 2472, 1067, 1377, 4844, 3515, 4552, 958, 4347, 1170, 1543, 3120, 2239, 28, 4909, 3026, 515, 3293, 1948, 4948, 76, 970, 840, 4011, 2675, 4050, 37, 108, 4651, 3319, 3660, 5160, 4768, 1911, 5345, 23, 4419, 1815, 447, 581, 4426, 893, 2756, 1864, 4418, 4444, 1411, 3446, 3278, 1618, 4786, 3998, 2055, 2795, 4841, 1599, 1044, 2418, 2206, 1394, 3409, 4428, 5301, 5139, 4504, 3974, 4123, 2414, 3527, 4244, 4985, 3310, 3975, 1318, 952, 4822, 3414, 2223, 1506, 627, 3094, 1236, 4642, 2481, 1629, 4509, 4265, 3829, 4149, 3249, 426, 3817, 2571, 3894, 4662, 744, 4561, 1926, 3576, 2655, 1714, 2072, 1559, 3358, 4741, 2526, 2896, 5132, 613, 4331, 1969, 1727, 1293, 871, 5264, 4669, 1505, 1095]",317,750,1,False,750
404,numeric,numeric,5,True,True,True,"{2: 151, 1: 172, 5: 122, 3: 154, 4: 141, 0: 10}","[4097, 1548, 5419, 4731, 3902, 3380, 4432, 3710, 3542, 3991, 4880, 2494, 2930, 1237, 5356, 235, 4127, 3911, 217, 3274, 932, 1468, 2624, 2837, 3687, 1483, 2116, 3691, 4885, 1822, 1115, 1952, 4887, 876, 2002, 4576, 3443, 5286, 2441, 4713, 121, 2388, 292, 5439, 83, 4206, 4866, 1120, 5436, 1558, 1312, 2596, 3921, 1887, 388, 2130, 1360, 1525, 4673, 4770, 3790, 1675, 2897, 556, 4577, 4946, 2628, 1915, 2862, 5186, 4722, 3211, 2127, 2225, 352, 1392, 1877, 2901, 1025, 4799, 1285, 2739, 5107, 4436, 415, 2864, 15, 2351, 4600, 2046, 3401, 650, 3938, 1545, 226, 4522, 992, 5069, 534, 18, 335, 3566, 3064, 2698, 989, 123, 1932, 4178, 3670, 4847, 1514, 2273, 1786, 574, 2856, 3256, 618, 4694, 5405, 4404, 2676, 3762, 5255, 3755, 2485, 5321, 536, 233, 3760, 1837, 4431, 3948, 5252, 3797, 1538, 13, 1387, 1886, 1994, 2954, 4108, 3432, 3881, 4477, 2919, 4613, 5175, 714, 1719, 4590, 3976, 3180, 2250, 2329, 3919, 5171, 3330, 2506, 3126, 3434, 223, 1272, 1304, 2738, 3311, 1290, 3073, 3199, 5388, 1989, 2828, 1431, 2509, 1643, 3373, 2821, 1188, 2859, 1955, 510, 1486, 595, 2764, 2793, 2298, 708, 1768, 5056, 5179, 4869, 2794, 2360, 4895, 1094, 5372, 2311, 2488, 1066, 2618, 429, 571, 2244, 2290, 1380, 2387, 68, 2439, 1878, 3749, 4145, 3746, 4125, 1315, 2150, 4656, 348, 770, 3019, 2275, 587, 315, 4120, 36, 2855, 3651, 2566, 4293, 640, 1490, 4054, 4959, 1835, 2354, 3522, 4901, 1243, 1571, 3332, 652, 2068, 1808, 5156, 1114, 4716, 2121, 5117, 4747, 4593, 451, 3953, 2782, 2461, 5091, 4920, 4668, 3397, 5247, 1260, 297, 2704, 3504, 3203, 2900, 384, 157, 4868, 3488, 5245, 3173, 1647, 3273, 1192, 3908, 38, 3992, 749, 5294, 3848, 860, 2479, 2459, 867, 3218, 4838, 4482, 20, 1521, 1641, 122, 3118, 2063, 2400, 3519, 1063, 2035, 3442, 2890, 1763, 2119, 5400, 1961, 4854, 2292, 2772, 527, 4917, 4955, 2172, 1186, 4006, 1388, 4382, 4717, 2798, 831, 1206, 189, 5149, 4021, 507, 3599, 3197, 5148, 539, 2171, 2575, 1615, 4032, 2592, 5425, 350, 201, 2074, 3364, 3764, 2122, 3738, 1086, 4460, 400, 63, 1662, 286, 291, 693, 3484, 2629, 4674, 2334, 1913, 4762, 2824, 4767, 4750, 4965, 1785, 2069, 583, 1797, 5051, 4848, 2634, 1507, 4085, 5159, 3279, 3927, 4, 550, 5447, 207, 2799, 551, 5144, 2563, 146, 4989, 4400, 2113, 434, 27, 4129, 3768, 3668, 3459, 3091, 1215, 4091, 1681, 2872, 4014, 4194, 779, 4029, 3756, 4760, 2476, 1749, 4658, 4871, 4348, 2757, 646, 1897, 2195, 316, 716, 4208, 5383, 825, 5370, 3078, 3778, 1702, 3984, 3847, 1150, 4300, 649, 4808, 3775, 4935, 3159, 687, 1223, 946, 4538, 4535, 3077, 5359, 780, 477, 2524, 371, 5142, 3611, 62, 1069, 4193, 883, 4130, 4328, 622, 4974, 1436, 4519, 1762, 4238, 3012, 3554, 4026, 3342, 4182, 5410, 1407, 2736, 913, 4045, 182, 1382, 3625, 1351, 3839, 3583, 2938, 46, 829, 5326, 2230, 612, 5021, 3121, 1127, 3006, 1852, 329, 118, 3794, 4081, 72, 1330, 519, 1195, 2017, 1920, 314, 1129, 3544, 1000, 282, 4041, 2857, 324, 2210, 5283, 2272, 4438, 10, 5341, 4447, 5120, 4167, 1047, 742, 4222, 2916, 3377, 2533, 2707, 2819, 42, 3054, 703, 1519, 1891, 1740, 2997, 347, 5190, 3489, 4284, 833, 4467, 2603, 4198, 4987, 4303, 2483, 435, 4121, 2536, 3048, 2561, 4425, 3177, 2774, 5313, 5078, 1804, 2780, 317, 1372, 1842, 2517, 35, 4283, 3692, 794, 4047, 4496, 4319, 1623, 896, 4416, 3383, 2217, 2330, 2026, 2565, 890, 1423, 3773, 2941, 4926, 2977, 256, 2755, 3724, 1697, 3141, 3189, 2520, 402, 1159, 1593, 508, 1536, 2376, 2842, 691, 3596, 2321, 1576, 5411, 2201, 2532, 4138, 4631, 3815, 4657, 2905, 3472, 4518, 4823, 4810, 2892, 4073, 2806, 3715, 31, 2372, 1782, 2133, 1893, 3932, 4602, 3997, 1607, 1238, 4296, 1350, 4498, 4735, 1489, 4877, 845, 1630, 3469, 4143, 4002, 106, 2773, 2881, 287, 2062, 1757, 4230, 1627, 830, 563, 1196, 2460, 5333, 2472, 1067, 1377, 4844, 3515, 4552, 958, 4347, 1170, 1543, 3120, 2239, 28, 4909, 3026, 515, 3293, 1948, 4948, 76, 970, 840, 4011, 2675, 4050, 37, 108, 4651, 3319, 3660, 5160, 4768, 1911, 5345, 23, 4419, 1815, 447, 581, 4426, 893, 2756, 1864, 4418, 4444, 1411, 3446, 3278, 1618, 4786, 3998, 2055, 2795, 4841, 1599, 1044, 2418, 2206, 1394, 3409, 4428, 5301, 5139, 4504, 3974, 4123, 2414, 3527, 4244, 4985, 3310, 3975, 1318, 952, 4822, 3414, 2223, 1506, 627, 3094, 1236, 4642, 2481, 1629, 4509, 4265, 3829, 4149, 3249, 426, 3817, 2571, 3894, 4662, 744, 4561, 1926, 3576, 2655, 1714, 2072, 1559, 3358, 4741, 2526, 2896, 5132, 613, 4331, 1969, 1727, 1293, 871, 5264, 4669, 1505, 1095]",404,750,1,False,750
11,human,human,3,True,True,True,"{2: 151, 1: 172, 5: 122, 3: 154, 4: 141, 0: 10}","[4097, 1548, 5419, 4731, 3902, 3380, 4432, 3710, 3542, 3991, 4880, 2494, 2930, 1237, 5356, 235, 4127, 3911, 217, 3274, 932, 1468, 2624, 2837, 3687, 1483, 2116, 3691, 4885, 1822, 1115, 1952, 4887, 876, 2002, 4576, 3443, 5286, 2441, 4713, 121, 2388, 292, 5439, 83, 4206, 4866, 1120, 5436, 1558, 1312, 2596, 3921, 1887, 388, 2130, 1360, 1525, 4673, 4770, 3790, 1675, 2897, 556, 4577, 4946, 2628, 1915, 2862, 5186, 4722, 3211, 2127, 2225, 352, 1392, 1877, 2901, 1025, 4799, 1285, 2739, 5107, 4436, 415, 2864, 15, 2351, 4600, 2046, 3401, 650, 3938, 1545, 226, 4522, 992, 5069, 534, 18, 335, 3566, 3064, 2698, 989, 123, 1932, 4178, 3670, 4847, 1514, 2273, 1786, 574, 2856, 3256, 618, 4694, 5405, 4404, 2676, 3762, 5255, 3755, 2485, 5321, 536, 233, 3760, 1837, 4431, 3948, 5252, 3797, 1538, 13, 1387, 1886, 1994, 2954, 4108, 3432, 3881, 4477, 2919, 4613, 5175, 714, 1719, 4590, 3976, 3180, 2250, 2329, 3919, 5171, 3330, 2506, 3126, 3434, 223, 1272, 1304, 2738, 3311, 1290, 3073, 3199, 5388, 1989, 2828, 1431, 2509, 1643, 3373, 2821, 1188, 2859, 1955, 510, 1486, 595, 2764, 2793, 2298, 708, 1768, 5056, 5179, 4869, 2794, 2360, 4895, 1094, 5372, 2311, 2488, 1066, 2618, 429, 571, 2244, 2290, 1380, 2387, 68, 2439, 1878, 3749, 4145, 3746, 4125, 1315, 2150, 4656, 348, 770, 3019, 2275, 587, 315, 4120, 36, 2855, 3651, 2566, 4293, 640, 1490, 4054, 4959, 1835, 2354, 3522, 4901, 1243, 1571, 3332, 652, 2068, 1808, 5156, 1114, 4716, 2121, 5117, 4747, 4593, 451, 3953, 2782, 2461, 5091, 4920, 4668, 3397, 5247, 1260, 297, 2704, 3504, 3203, 2900, 384, 157, 4868, 3488, 5245, 3173, 1647, 3273, 1192, 3908, 38, 3992, 749, 5294, 3848, 860, 2479, 2459, 867, 3218, 4838, 4482, 20, 1521, 1641, 122, 3118, 2063, 2400, 3519, 1063, 2035, 3442, 2890, 1763, 2119, 5400, 1961, 4854, 2292, 2772, 527, 4917, 4955, 2172, 1186, 4006, 1388, 4382, 4717, 2798, 831, 1206, 189, 5149, 4021, 507, 3599, 3197, 5148, 539, 2171, 2575, 1615, 4032, 2592, 5425, 350, 201, 2074, 3364, 3764, 2122, 3738, 1086, 4460, 400, 63, 1662, 286, 291, 693, 3484, 2629, 4674, 2334, 1913, 4762, 2824, 4767, 4750, 4965, 1785, 2069, 583, 1797, 5051, 4848, 2634, 1507, 4085, 5159, 3279, 3927, 4, 550, 5447, 207, 2799, 551, 5144, 2563, 146, 4989, 4400, 2113, 434, 27, 4129, 3768, 3668, 3459, 3091, 1215, 4091, 1681, 2872, 4014, 4194, 779, 4029, 3756, 4760, 2476, 1749, 4658, 4871, 4348, 2757, 646, 1897, 2195, 316, 716, 4208, 5383, 825, 5370, 3078, 3778, 1702, 3984, 3847, 1150, 4300, 649, 4808, 3775, 4935, 3159, 687, 1223, 946, 4538, 4535, 3077, 5359, 780, 477, 2524, 371, 5142, 3611, 62, 1069, 4193, 883, 4130, 4328, 622, 4974, 1436, 4519, 1762, 4238, 3012, 3554, 4026, 3342, 4182, 5410, 1407, 2736, 913, 4045, 182, 1382, 3625, 1351, 3839, 3583, 2938, 46, 829, 5326, 2230, 612, 5021, 3121, 1127, 3006, 1852, 329, 118, 3794, 4081, 72, 1330, 519, 1195, 2017, 1920, 314, 1129, 3544, 1000, 282, 4041, 2857, 324, 2210, 5283, 2272, 4438, 10, 5341, 4447, 5120, 4167, 1047, 742, 4222, 2916, 3377, 2533, 2707, 2819, 42, 3054, 703, 1519, 1891, 1740, 2997, 347, 5190, 3489, 4284, 833, 4467, 2603, 4198, 4987, 4303, 2483, 435, 4121, 2536, 3048, 2561, 4425, 3177, 2774, 5313, 5078, 1804, 2780, 317, 1372, 1842, 2517, 35, 4283, 3692, 794, 4047, 4496, 4319, 1623, 896, 4416, 3383, 2217, 2330, 2026, 2565, 890, 1423, 3773, 2941, 4926, 2977, 256, 2755, 3724, 1697, 3141, 3189, 2520, 402, 1159, 1593, 508, 1536, 2376, 2842, 691, 3596, 2321, 1576, 5411, 2201, 2532, 4138, 4631, 3815, 4657, 2905, 3472, 4518, 4823, 4810, 2892, 4073, 2806, 3715, 31, 2372, 1782, 2133, 1893, 3932, 4602, 3997, 1607, 1238, 4296, 1350, 4498, 4735, 1489, 4877, 845, 1630, 3469, 4143, 4002, 106, 2773, 2881, 287, 2062, 1757, 4230, 1627, 830, 563, 1196, 2460, 5333, 2472, 1067, 1377, 4844, 3515, 4552, 958, 4347, 1170, 1543, 3120, 2239, 28, 4909, 3026, 515, 3293, 1948, 4948, 76, 970, 840, 4011, 2675, 4050, 37, 108, 4651, 3319, 3660, 5160, 4768, 1911, 5345, 23, 4419, 1815, 447, 581, 4426, 893, 2756, 1864, 4418, 4444, 1411, 3446, 3278, 1618, 4786, 3998, 2055, 2795, 4841, 1599, 1044, 2418, 2206, 1394, 3409, 4428, 5301, 5139, 4504, 3974, 4123, 2414, 3527, 4244, 4985, 3310, 3975, 1318, 952, 4822, 3414, 2223, 1506, 627, 3094, 1236, 4642, 2481, 1629, 4509, 4265, 3829, 4149, 3249, 426, 3817, 2571, 3894, 4662, 744, 4561, 1926, 3576, 2655, 1714, 2072, 1559, 3358, 4741, 2526, 2896, 5132, 613, 4331, 1969, 1727, 1293, 871, 5264, 4669, 1505, 1095]",11,750,1,False,750
358,numeric,description,2,True,False,True,"{2: 151, 1: 172, 5: 122, 3: 154, 4: 141, 0: 10}","[4097, 1548, 5419, 4731, 3902, 3380, 4432, 3710, 3542, 3991, 4880, 2494, 2930, 1237, 5356, 235, 4127, 3911, 217, 3274, 932, 1468, 2624, 2837, 3687, 1483, 2116, 3691, 4885, 1822, 1115, 1952, 4887, 876, 2002, 4576, 3443, 5286, 2441, 4713, 121, 2388, 292, 5439, 83, 4206, 4866, 1120, 5436, 1558, 1312, 2596, 3921, 1887, 388, 2130, 1360, 1525, 4673, 4770, 3790, 1675, 2897, 556, 4577, 4946, 2628, 1915, 2862, 5186, 4722, 3211, 2127, 2225, 352, 1392, 1877, 2901, 1025, 4799, 1285, 2739, 5107, 4436, 415, 2864, 15, 2351, 4600, 2046, 3401, 650, 3938, 1545, 226, 4522, 992, 5069, 534, 18, 335, 3566, 3064, 2698, 989, 123, 1932, 4178, 3670, 4847, 1514, 2273, 1786, 574, 2856, 3256, 618, 4694, 5405, 4404, 2676, 3762, 5255, 3755, 2485, 5321, 536, 233, 3760, 1837, 4431, 3948, 5252, 3797, 1538, 13, 1387, 1886, 1994, 2954, 4108, 3432, 3881, 4477, 2919, 4613, 5175, 714, 1719, 4590, 3976, 3180, 2250, 2329, 3919, 5171, 3330, 2506, 3126, 3434, 223, 1272, 1304, 2738, 3311, 1290, 3073, 3199, 5388, 1989, 2828, 1431, 2509, 1643, 3373, 2821, 1188, 2859, 1955, 510, 1486, 595, 2764, 2793, 2298, 708, 1768, 5056, 5179, 4869, 2794, 2360, 4895, 1094, 5372, 2311, 2488, 1066, 2618, 429, 571, 2244, 2290, 1380, 2387, 68, 2439, 1878, 3749, 4145, 3746, 4125, 1315, 2150, 4656, 348, 770, 3019, 2275, 587, 315, 4120, 36, 2855, 3651, 2566, 4293, 640, 1490, 4054, 4959, 1835, 2354, 3522, 4901, 1243, 1571, 3332, 652, 2068, 1808, 5156, 1114, 4716, 2121, 5117, 4747, 4593, 451, 3953, 2782, 2461, 5091, 4920, 4668, 3397, 5247, 1260, 297, 2704, 3504, 3203, 2900, 384, 157, 4868, 3488, 5245, 3173, 1647, 3273, 1192, 3908, 38, 3992, 749, 5294, 3848, 860, 2479, 2459, 867, 3218, 4838, 4482, 20, 1521, 1641, 122, 3118, 2063, 2400, 3519, 1063, 2035, 3442, 2890, 1763, 2119, 5400, 1961, 4854, 2292, 2772, 527, 4917, 4955, 2172, 1186, 4006, 1388, 4382, 4717, 2798, 831, 1206, 189, 5149, 4021, 507, 3599, 3197, 5148, 539, 2171, 2575, 1615, 4032, 2592, 5425, 350, 201, 2074, 3364, 3764, 2122, 3738, 1086, 4460, 400, 63, 1662, 286, 291, 693, 3484, 2629, 4674, 2334, 1913, 4762, 2824, 4767, 4750, 4965, 1785, 2069, 583, 1797, 5051, 4848, 2634, 1507, 4085, 5159, 3279, 3927, 4, 550, 5447, 207, 2799, 551, 5144, 2563, 146, 4989, 4400, 2113, 434, 27, 4129, 3768, 3668, 3459, 3091, 1215, 4091, 1681, 2872, 4014, 4194, 779, 4029, 3756, 4760, 2476, 1749, 4658, 4871, 4348, 2757, 646, 1897, 2195, 316, 716, 4208, 5383, 825, 5370, 3078, 3778, 1702, 3984, 3847, 1150, 4300, 649, 4808, 3775, 4935, 3159, 687, 1223, 946, 4538, 4535, 3077, 5359, 780, 477, 2524, 371, 5142, 3611, 62, 1069, 4193, 883, 4130, 4328, 622, 4974, 1436, 4519, 1762, 4238, 3012, 3554, 4026, 3342, 4182, 5410, 1407, 2736, 913, 4045, 182, 1382, 3625, 1351, 3839, 3583, 2938, 46, 829, 5326, 2230, 612, 5021, 3121, 1127, 3006, 1852, 329, 118, 3794, 4081, 72, 1330, 519, 1195, 2017, 1920, 314, 1129, 3544, 1000, 282, 4041, 2857, 324, 2210, 5283, 2272, 4438, 10, 5341, 4447, 5120, 4167, 1047, 742, 4222, 2916, 3377, 2533, 2707, 2819, 42, 3054, 703, 1519, 1891, 1740, 2997, 347, 5190, 3489, 4284, 833, 4467, 2603, 4198, 4987, 4303, 2483, 435, 4121, 2536, 3048, 2561, 4425, 3177, 2774, 5313, 5078, 1804, 2780, 317, 1372, 1842, 2517, 35, 4283, 3692, 794, 4047, 4496, 4319, 1623, 896, 4416, 3383, 2217, 2330, 2026, 2565, 890, 1423, 3773, 2941, 4926, 2977, 256, 2755, 3724, 1697, 3141, 3189, 2520, 402, 1159, 1593, 508, 1536, 2376, 2842, 691, 3596, 2321, 1576, 5411, 2201, 2532, 4138, 4631, 3815, 4657, 2905, 3472, 4518, 4823, 4810, 2892, 4073, 2806, 3715, 31, 2372, 1782, 2133, 1893, 3932, 4602, 3997, 1607, 1238, 4296, 1350, 4498, 4735, 1489, 4877, 845, 1630, 3469, 4143, 4002, 106, 2773, 2881, 287, 2062, 1757, 4230, 1627, 830, 563, 1196, 2460, 5333, 2472, 1067, 1377, 4844, 3515, 4552, 958, 4347, 1170, 1543, 3120, 2239, 28, 4909, 3026, 515, 3293, 1948, 4948, 76, 970, 840, 4011, 2675, 4050, 37, 108, 4651, 3319, 3660, 5160, 4768, 1911, 5345, 23, 4419, 1815, 447, 581, 4426, 893, 2756, 1864, 4418, 4444, 1411, 3446, 3278, 1618, 4786, 3998, 2055, 2795, 4841, 1599, 1044, 2418, 2206, 1394, 3409, 4428, 5301, 5139, 4504, 3974, 4123, 2414, 3527, 4244, 4985, 3310, 3975, 1318, 952, 4822, 3414, 2223, 1506, 627, 3094, 1236, 4642, 2481, 1629, 4509, 4265, 3829, 4149, 3249, 426, 3817, 2571, 3894, 4662, 744, 4561, 1926, 3576, 2655, 1714, 2072, 1559, 3358, 4741, 2526, 2896, 5132, 613, 4331, 1969, 1727, 1293, 871, 5264, 4669, 1505, 1095]",358,750,1,False,750
98,description,description,2,True,True,True,"{2: 151, 1: 172, 5: 122, 3: 154, 4: 141, 0: 10}","[4097, 1548, 5419, 4731, 3902, 3380, 4432, 3710, 3542, 3991, 4880, 2494, 2930, 1237, 5356, 235, 4127, 3911, 217, 3274, 932, 1468, 2624, 2837, 3687, 1483, 2116, 3691, 4885, 1822, 1115, 1952, 4887, 876, 2002, 4576, 3443, 5286, 2441, 4713, 121, 2388, 292, 5439, 83, 4206, 4866, 1120, 5436, 1558, 1312, 2596, 3921, 1887, 388, 2130, 1360, 1525, 4673, 4770, 3790, 1675, 2897, 556, 4577, 4946, 2628, 1915, 2862, 5186, 4722, 3211, 2127, 2225, 352, 1392, 1877, 2901, 1025, 4799, 1285, 2739, 5107, 4436, 415, 2864, 15, 2351, 4600, 2046, 3401, 650, 3938, 1545, 226, 4522, 992, 5069, 534, 18, 335, 3566, 3064, 2698, 989, 123, 1932, 4178, 3670, 4847, 1514, 2273, 1786, 574, 2856, 3256, 618, 4694, 5405, 4404, 2676, 3762, 5255, 3755, 2485, 5321, 536, 233, 3760, 1837, 4431, 3948, 5252, 3797, 1538, 13, 1387, 1886, 1994, 2954, 4108, 3432, 3881, 4477, 2919, 4613, 5175, 714, 1719, 4590, 3976, 3180, 2250, 2329, 3919, 5171, 3330, 2506, 3126, 3434, 223, 1272, 1304, 2738, 3311, 1290, 3073, 3199, 5388, 1989, 2828, 1431, 2509, 1643, 3373, 2821, 1188, 2859, 1955, 510, 1486, 595, 2764, 2793, 2298, 708, 1768, 5056, 5179, 4869, 2794, 2360, 4895, 1094, 5372, 2311, 2488, 1066, 2618, 429, 571, 2244, 2290, 1380, 2387, 68, 2439, 1878, 3749, 4145, 3746, 4125, 1315, 2150, 4656, 348, 770, 3019, 2275, 587, 315, 4120, 36, 2855, 3651, 2566, 4293, 640, 1490, 4054, 4959, 1835, 2354, 3522, 4901, 1243, 1571, 3332, 652, 2068, 1808, 5156, 1114, 4716, 2121, 5117, 4747, 4593, 451, 3953, 2782, 2461, 5091, 4920, 4668, 3397, 5247, 1260, 297, 2704, 3504, 3203, 2900, 384, 157, 4868, 3488, 5245, 3173, 1647, 3273, 1192, 3908, 38, 3992, 749, 5294, 3848, 860, 2479, 2459, 867, 3218, 4838, 4482, 20, 1521, 1641, 122, 3118, 2063, 2400, 3519, 1063, 2035, 3442, 2890, 1763, 2119, 5400, 1961, 4854, 2292, 2772, 527, 4917, 4955, 2172, 1186, 4006, 1388, 4382, 4717, 2798, 831, 1206, 189, 5149, 4021, 507, 3599, 3197, 5148, 539, 2171, 2575, 1615, 4032, 2592, 5425, 350, 201, 2074, 3364, 3764, 2122, 3738, 1086, 4460, 400, 63, 1662, 286, 291, 693, 3484, 2629, 4674, 2334, 1913, 4762, 2824, 4767, 4750, 4965, 1785, 2069, 583, 1797, 5051, 4848, 2634, 1507, 4085, 5159, 3279, 3927, 4, 550, 5447, 207, 2799, 551, 5144, 2563, 146, 4989, 4400, 2113, 434, 27, 4129, 3768, 3668, 3459, 3091, 1215, 4091, 1681, 2872, 4014, 4194, 779, 4029, 3756, 4760, 2476, 1749, 4658, 4871, 4348, 2757, 646, 1897, 2195, 316, 716, 4208, 5383, 825, 5370, 3078, 3778, 1702, 3984, 3847, 1150, 4300, 649, 4808, 3775, 4935, 3159, 687, 1223, 946, 4538, 4535, 3077, 5359, 780, 477, 2524, 371, 5142, 3611, 62, 1069, 4193, 883, 4130, 4328, 622, 4974, 1436, 4519, 1762, 4238, 3012, 3554, 4026, 3342, 4182, 5410, 1407, 2736, 913, 4045, 182, 1382, 3625, 1351, 3839, 3583, 2938, 46, 829, 5326, 2230, 612, 5021, 3121, 1127, 3006, 1852, 329, 118, 3794, 4081, 72, 1330, 519, 1195, 2017, 1920, 314, 1129, 3544, 1000, 282, 4041, 2857, 324, 2210, 5283, 2272, 4438, 10, 5341, 4447, 5120, 4167, 1047, 742, 4222, 2916, 3377, 2533, 2707, 2819, 42, 3054, 703, 1519, 1891, 1740, 2997, 347, 5190, 3489, 4284, 833, 4467, 2603, 4198, 4987, 4303, 2483, 435, 4121, 2536, 3048, 2561, 4425, 3177, 2774, 5313, 5078, 1804, 2780, 317, 1372, 1842, 2517, 35, 4283, 3692, 794, 4047, 4496, 4319, 1623, 896, 4416, 3383, 2217, 2330, 2026, 2565, 890, 1423, 3773, 2941, 4926, 2977, 256, 2755, 3724, 1697, 3141, 3189, 2520, 402, 1159, 1593, 508, 1536, 2376, 2842, 691, 3596, 2321, 1576, 5411, 2201, 2532, 4138, 4631, 3815, 4657, 2905, 3472, 4518, 4823, 4810, 2892, 4073, 2806, 3715, 31, 2372, 1782, 2133, 1893, 3932, 4602, 3997, 1607, 1238, 4296, 1350, 4498, 4735, 1489, 4877, 845, 1630, 3469, 4143, 4002, 106, 2773, 2881, 287, 2062, 1757, 4230, 1627, 830, 563, 1196, 2460, 5333, 2472, 1067, 1377, 4844, 3515, 4552, 958, 4347, 1170, 1543, 3120, 2239, 28, 4909, 3026, 515, 3293, 1948, 4948, 76, 970, 840, 4011, 2675, 4050, 37, 108, 4651, 3319, 3660, 5160, 4768, 1911, 5345, 23, 4419, 1815, 447, 581, 4426, 893, 2756, 1864, 4418, 4444, 1411, 3446, 3278, 1618, 4786, 3998, 2055, 2795, 4841, 1599, 1044, 2418, 2206, 1394, 3409, 4428, 5301, 5139, 4504, 3974, 4123, 2414, 3527, 4244, 4985, 3310, 3975, 1318, 952, 4822, 3414, 2223, 1506, 627, 3094, 1236, 4642, 2481, 1629, 4509, 4265, 3829, 4149, 3249, 426, 3817, 2571, 3894, 4662, 744, 4561, 1926, 3576, 2655, 1714, 2072, 1559, 3358, 4741, 2526, 2896, 5132, 613, 4331, 1969, 1727, 1293, 871, 5264, 4669, 1505, 1095]",98,750,1,False,750
292,numeric,numeric,5,True,True,True,"{2: 151, 1: 172, 5: 122, 3: 154, 4: 141, 0: 10}","[4097, 1548, 5419, 4731, 3902, 3380, 4432, 3710, 3542, 3991, 4880, 2494, 2930, 1237, 5356, 235, 4127, 3911, 217, 3274, 932, 1468, 2624, 2837, 3687, 1483, 2116, 3691, 4885, 1822, 1115, 1952, 4887, 876, 2002, 4576, 3443, 5286, 2441, 4713, 121, 2388, 292, 5439, 83, 4206, 4866, 1120, 5436, 1558, 1312, 2596, 3921, 1887, 388, 2130, 1360, 1525, 4673, 4770, 3790, 1675, 2897, 556, 4577, 4946, 2628, 1915, 2862, 5186, 4722, 3211, 2127, 2225, 352, 1392, 1877, 2901, 1025, 4799, 1285, 2739, 5107, 4436, 415, 2864, 15, 2351, 4600, 2046, 3401, 650, 3938, 1545, 226, 4522, 992, 5069, 534, 18, 335, 3566, 3064, 2698, 989, 123, 1932, 4178, 3670, 4847, 1514, 2273, 1786, 574, 2856, 3256, 618, 4694, 5405, 4404, 2676, 3762, 5255, 3755, 2485, 5321, 536, 233, 3760, 1837, 4431, 3948, 5252, 3797, 1538, 13, 1387, 1886, 1994, 2954, 4108, 3432, 3881, 4477, 2919, 4613, 5175, 714, 1719, 4590, 3976, 3180, 2250, 2329, 3919, 5171, 3330, 2506, 3126, 3434, 223, 1272, 1304, 2738, 3311, 1290, 3073, 3199, 5388, 1989, 2828, 1431, 2509, 1643, 3373, 2821, 1188, 2859, 1955, 510, 1486, 595, 2764, 2793, 2298, 708, 1768, 5056, 5179, 4869, 2794, 2360, 4895, 1094, 5372, 2311, 2488, 1066, 2618, 429, 571, 2244, 2290, 1380, 2387, 68, 2439, 1878, 3749, 4145, 3746, 4125, 1315, 2150, 4656, 348, 770, 3019, 2275, 587, 315, 4120, 36, 2855, 3651, 2566, 4293, 640, 1490, 4054, 4959, 1835, 2354, 3522, 4901, 1243, 1571, 3332, 652, 2068, 1808, 5156, 1114, 4716, 2121, 5117, 4747, 4593, 451, 3953, 2782, 2461, 5091, 4920, 4668, 3397, 5247, 1260, 297, 2704, 3504, 3203, 2900, 384, 157, 4868, 3488, 5245, 3173, 1647, 3273, 1192, 3908, 38, 3992, 749, 5294, 3848, 860, 2479, 2459, 867, 3218, 4838, 4482, 20, 1521, 1641, 122, 3118, 2063, 2400, 3519, 1063, 2035, 3442, 2890, 1763, 2119, 5400, 1961, 4854, 2292, 2772, 527, 4917, 4955, 2172, 1186, 4006, 1388, 4382, 4717, 2798, 831, 1206, 189, 5149, 4021, 507, 3599, 3197, 5148, 539, 2171, 2575, 1615, 4032, 2592, 5425, 350, 201, 2074, 3364, 3764, 2122, 3738, 1086, 4460, 400, 63, 1662, 286, 291, 693, 3484, 2629, 4674, 2334, 1913, 4762, 2824, 4767, 4750, 4965, 1785, 2069, 583, 1797, 5051, 4848, 2634, 1507, 4085, 5159, 3279, 3927, 4, 550, 5447, 207, 2799, 551, 5144, 2563, 146, 4989, 4400, 2113, 434, 27, 4129, 3768, 3668, 3459, 3091, 1215, 4091, 1681, 2872, 4014, 4194, 779, 4029, 3756, 4760, 2476, 1749, 4658, 4871, 4348, 2757, 646, 1897, 2195, 316, 716, 4208, 5383, 825, 5370, 3078, 3778, 1702, 3984, 3847, 1150, 4300, 649, 4808, 3775, 4935, 3159, 687, 1223, 946, 4538, 4535, 3077, 5359, 780, 477, 2524, 371, 5142, 3611, 62, 1069, 4193, 883, 4130, 4328, 622, 4974, 1436, 4519, 1762, 4238, 3012, 3554, 4026, 3342, 4182, 5410, 1407, 2736, 913, 4045, 182, 1382, 3625, 1351, 3839, 3583, 2938, 46, 829, 5326, 2230, 612, 5021, 3121, 1127, 3006, 1852, 329, 118, 3794, 4081, 72, 1330, 519, 1195, 2017, 1920, 314, 1129, 3544, 1000, 282, 4041, 2857, 324, 2210, 5283, 2272, 4438, 10, 5341, 4447, 5120, 4167, 1047, 742, 4222, 2916, 3377, 2533, 2707, 2819, 42, 3054, 703, 1519, 1891, 1740, 2997, 347, 5190, 3489, 4284, 833, 4467, 2603, 4198, 4987, 4303, 2483, 435, 4121, 2536, 3048, 2561, 4425, 3177, 2774, 5313, 5078, 1804, 2780, 317, 1372, 1842, 2517, 35, 4283, 3692, 794, 4047, 4496, 4319, 1623, 896, 4416, 3383, 2217, 2330, 2026, 2565, 890, 1423, 3773, 2941, 4926, 2977, 256, 2755, 3724, 1697, 3141, 3189, 2520, 402, 1159, 1593, 508, 1536, 2376, 2842, 691, 3596, 2321, 1576, 5411, 2201, 2532, 4138, 4631, 3815, 4657, 2905, 3472, 4518, 4823, 4810, 2892, 4073, 2806, 3715, 31, 2372, 1782, 2133, 1893, 3932, 4602, 3997, 1607, 1238, 4296, 1350, 4498, 4735, 1489, 4877, 845, 1630, 3469, 4143, 4002, 106, 2773, 2881, 287, 2062, 1757, 4230, 1627, 830, 563, 1196, 2460, 5333, 2472, 1067, 1377, 4844, 3515, 4552, 958, 4347, 1170, 1543, 3120, 2239, 28, 4909, 3026, 515, 3293, 1948, 4948, 76, 970, 840, 4011, 2675, 4050, 37, 108, 4651, 3319, 3660, 5160, 4768, 1911, 5345, 23, 4419, 1815, 447, 581, 4426, 893, 2756, 1864, 4418, 4444, 1411, 3446, 3278, 1618, 4786, 3998, 2055, 2795, 4841, 1599, 1044, 2418, 2206, 1394, 3409, 4428, 5301, 5139, 4504, 3974, 4123, 2414, 3527, 4244, 4985, 3310, 3975, 1318, 952, 4822, 3414, 2223, 1506, 627, 3094, 1236, 4642, 2481, 1629, 4509, 4265, 3829, 4149, 3249, 426, 3817, 2571, 3894, 4662, 744, 4561, 1926, 3576, 2655, 1714, 2072, 1559, 3358, 4741, 2526, 2896, 5132, 613, 4331, 1969, 1727, 1293, 871, 5264, 4669, 1505, 1095]",292,750,1,False,750
114,numeric,entity,1,True,False,True,"{2: 151, 1: 172, 5: 122, 3: 154, 4: 141, 0: 10}","[4097, 1548, 5419, 4731, 3902, 3380, 4432, 3710, 3542, 3991, 4880, 2494, 2930, 1237, 5356, 235, 4127, 3911, 217, 3274, 932, 1468, 2624, 2837, 3687, 1483, 2116, 3691, 4885, 1822, 1115, 1952, 4887, 876, 2002, 4576, 3443, 5286, 2441, 4713, 121, 2388, 292, 5439, 83, 4206, 4866, 1120, 5436, 1558, 1312, 2596, 3921, 1887, 388, 2130, 1360, 1525, 4673, 4770, 3790, 1675, 2897, 556, 4577, 4946, 2628, 1915, 2862, 5186, 4722, 3211, 2127, 2225, 352, 1392, 1877, 2901, 1025, 4799, 1285, 2739, 5107, 4436, 415, 2864, 15, 2351, 4600, 2046, 3401, 650, 3938, 1545, 226, 4522, 992, 5069, 534, 18, 335, 3566, 3064, 2698, 989, 123, 1932, 4178, 3670, 4847, 1514, 2273, 1786, 574, 2856, 3256, 618, 4694, 5405, 4404, 2676, 3762, 5255, 3755, 2485, 5321, 536, 233, 3760, 1837, 4431, 3948, 5252, 3797, 1538, 13, 1387, 1886, 1994, 2954, 4108, 3432, 3881, 4477, 2919, 4613, 5175, 714, 1719, 4590, 3976, 3180, 2250, 2329, 3919, 5171, 3330, 2506, 3126, 3434, 223, 1272, 1304, 2738, 3311, 1290, 3073, 3199, 5388, 1989, 2828, 1431, 2509, 1643, 3373, 2821, 1188, 2859, 1955, 510, 1486, 595, 2764, 2793, 2298, 708, 1768, 5056, 5179, 4869, 2794, 2360, 4895, 1094, 5372, 2311, 2488, 1066, 2618, 429, 571, 2244, 2290, 1380, 2387, 68, 2439, 1878, 3749, 4145, 3746, 4125, 1315, 2150, 4656, 348, 770, 3019, 2275, 587, 315, 4120, 36, 2855, 3651, 2566, 4293, 640, 1490, 4054, 4959, 1835, 2354, 3522, 4901, 1243, 1571, 3332, 652, 2068, 1808, 5156, 1114, 4716, 2121, 5117, 4747, 4593, 451, 3953, 2782, 2461, 5091, 4920, 4668, 3397, 5247, 1260, 297, 2704, 3504, 3203, 2900, 384, 157, 4868, 3488, 5245, 3173, 1647, 3273, 1192, 3908, 38, 3992, 749, 5294, 3848, 860, 2479, 2459, 867, 3218, 4838, 4482, 20, 1521, 1641, 122, 3118, 2063, 2400, 3519, 1063, 2035, 3442, 2890, 1763, 2119, 5400, 1961, 4854, 2292, 2772, 527, 4917, 4955, 2172, 1186, 4006, 1388, 4382, 4717, 2798, 831, 1206, 189, 5149, 4021, 507, 3599, 3197, 5148, 539, 2171, 2575, 1615, 4032, 2592, 5425, 350, 201, 2074, 3364, 3764, 2122, 3738, 1086, 4460, 400, 63, 1662, 286, 291, 693, 3484, 2629, 4674, 2334, 1913, 4762, 2824, 4767, 4750, 4965, 1785, 2069, 583, 1797, 5051, 4848, 2634, 1507, 4085, 5159, 3279, 3927, 4, 550, 5447, 207, 2799, 551, 5144, 2563, 146, 4989, 4400, 2113, 434, 27, 4129, 3768, 3668, 3459, 3091, 1215, 4091, 1681, 2872, 4014, 4194, 779, 4029, 3756, 4760, 2476, 1749, 4658, 4871, 4348, 2757, 646, 1897, 2195, 316, 716, 4208, 5383, 825, 5370, 3078, 3778, 1702, 3984, 3847, 1150, 4300, 649, 4808, 3775, 4935, 3159, 687, 1223, 946, 4538, 4535, 3077, 5359, 780, 477, 2524, 371, 5142, 3611, 62, 1069, 4193, 883, 4130, 4328, 622, 4974, 1436, 4519, 1762, 4238, 3012, 3554, 4026, 3342, 4182, 5410, 1407, 2736, 913, 4045, 182, 1382, 3625, 1351, 3839, 3583, 2938, 46, 829, 5326, 2230, 612, 5021, 3121, 1127, 3006, 1852, 329, 118, 3794, 4081, 72, 1330, 519, 1195, 2017, 1920, 314, 1129, 3544, 1000, 282, 4041, 2857, 324, 2210, 5283, 2272, 4438, 10, 5341, 4447, 5120, 4167, 1047, 742, 4222, 2916, 3377, 2533, 2707, 2819, 42, 3054, 703, 1519, 1891, 1740, 2997, 347, 5190, 3489, 4284, 833, 4467, 2603, 4198, 4987, 4303, 2483, 435, 4121, 2536, 3048, 2561, 4425, 3177, 2774, 5313, 5078, 1804, 2780, 317, 1372, 1842, 2517, 35, 4283, 3692, 794, 4047, 4496, 4319, 1623, 896, 4416, 3383, 2217, 2330, 2026, 2565, 890, 1423, 3773, 2941, 4926, 2977, 256, 2755, 3724, 1697, 3141, 3189, 2520, 402, 1159, 1593, 508, 1536, 2376, 2842, 691, 3596, 2321, 1576, 5411, 2201, 2532, 4138, 4631, 3815, 4657, 2905, 3472, 4518, 4823, 4810, 2892, 4073, 2806, 3715, 31, 2372, 1782, 2133, 1893, 3932, 4602, 3997, 1607, 1238, 4296, 1350, 4498, 4735, 1489, 4877, 845, 1630, 3469, 4143, 4002, 106, 2773, 2881, 287, 2062, 1757, 4230, 1627, 830, 563, 1196, 2460, 5333, 2472, 1067, 1377, 4844, 3515, 4552, 958, 4347, 1170, 1543, 3120, 2239, 28, 4909, 3026, 515, 3293, 1948, 4948, 76, 970, 840, 4011, 2675, 4050, 37, 108, 4651, 3319, 3660, 5160, 4768, 1911, 5345, 23, 4419, 1815, 447, 581, 4426, 893, 2756, 1864, 4418, 4444, 1411, 3446, 3278, 1618, 4786, 3998, 2055, 2795, 4841, 1599, 1044, 2418, 2206, 1394, 3409, 4428, 5301, 5139, 4504, 3974, 4123, 2414, 3527, 4244, 4985, 3310, 3975, 1318, 952, 4822, 3414, 2223, 1506, 627, 3094, 1236, 4642, 2481, 1629, 4509, 4265, 3829, 4149, 3249, 426, 3817, 2571, 3894, 4662, 744, 4561, 1926, 3576, 2655, 1714, 2072, 1559, 3358, 4741, 2526, 2896, 5132, 613, 4331, 1969, 1727, 1293, 871, 5264, 4669, 1505, 1095]",114,750,1,False,750
432,location,location,4,True,True,True,"{2: 151, 1: 172, 5: 122, 3: 154, 4: 141, 0: 10}","[4097, 1548, 5419, 4731, 3902, 3380, 4432, 3710, 3542, 3991, 4880, 2494, 2930, 1237, 5356, 235, 4127, 3911, 217, 3274, 932, 1468, 2624, 2837, 3687, 1483, 2116, 3691, 4885, 1822, 1115, 1952, 4887, 876, 2002, 4576, 3443, 5286, 2441, 4713, 121, 2388, 292, 5439, 83, 4206, 4866, 1120, 5436, 1558, 1312, 2596, 3921, 1887, 388, 2130, 1360, 1525, 4673, 4770, 3790, 1675, 2897, 556, 4577, 4946, 2628, 1915, 2862, 5186, 4722, 3211, 2127, 2225, 352, 1392, 1877, 2901, 1025, 4799, 1285, 2739, 5107, 4436, 415, 2864, 15, 2351, 4600, 2046, 3401, 650, 3938, 1545, 226, 4522, 992, 5069, 534, 18, 335, 3566, 3064, 2698, 989, 123, 1932, 4178, 3670, 4847, 1514, 2273, 1786, 574, 2856, 3256, 618, 4694, 5405, 4404, 2676, 3762, 5255, 3755, 2485, 5321, 536, 233, 3760, 1837, 4431, 3948, 5252, 3797, 1538, 13, 1387, 1886, 1994, 2954, 4108, 3432, 3881, 4477, 2919, 4613, 5175, 714, 1719, 4590, 3976, 3180, 2250, 2329, 3919, 5171, 3330, 2506, 3126, 3434, 223, 1272, 1304, 2738, 3311, 1290, 3073, 3199, 5388, 1989, 2828, 1431, 2509, 1643, 3373, 2821, 1188, 2859, 1955, 510, 1486, 595, 2764, 2793, 2298, 708, 1768, 5056, 5179, 4869, 2794, 2360, 4895, 1094, 5372, 2311, 2488, 1066, 2618, 429, 571, 2244, 2290, 1380, 2387, 68, 2439, 1878, 3749, 4145, 3746, 4125, 1315, 2150, 4656, 348, 770, 3019, 2275, 587, 315, 4120, 36, 2855, 3651, 2566, 4293, 640, 1490, 4054, 4959, 1835, 2354, 3522, 4901, 1243, 1571, 3332, 652, 2068, 1808, 5156, 1114, 4716, 2121, 5117, 4747, 4593, 451, 3953, 2782, 2461, 5091, 4920, 4668, 3397, 5247, 1260, 297, 2704, 3504, 3203, 2900, 384, 157, 4868, 3488, 5245, 3173, 1647, 3273, 1192, 3908, 38, 3992, 749, 5294, 3848, 860, 2479, 2459, 867, 3218, 4838, 4482, 20, 1521, 1641, 122, 3118, 2063, 2400, 3519, 1063, 2035, 3442, 2890, 1763, 2119, 5400, 1961, 4854, 2292, 2772, 527, 4917, 4955, 2172, 1186, 4006, 1388, 4382, 4717, 2798, 831, 1206, 189, 5149, 4021, 507, 3599, 3197, 5148, 539, 2171, 2575, 1615, 4032, 2592, 5425, 350, 201, 2074, 3364, 3764, 2122, 3738, 1086, 4460, 400, 63, 1662, 286, 291, 693, 3484, 2629, 4674, 2334, 1913, 4762, 2824, 4767, 4750, 4965, 1785, 2069, 583, 1797, 5051, 4848, 2634, 1507, 4085, 5159, 3279, 3927, 4, 550, 5447, 207, 2799, 551, 5144, 2563, 146, 4989, 4400, 2113, 434, 27, 4129, 3768, 3668, 3459, 3091, 1215, 4091, 1681, 2872, 4014, 4194, 779, 4029, 3756, 4760, 2476, 1749, 4658, 4871, 4348, 2757, 646, 1897, 2195, 316, 716, 4208, 5383, 825, 5370, 3078, 3778, 1702, 3984, 3847, 1150, 4300, 649, 4808, 3775, 4935, 3159, 687, 1223, 946, 4538, 4535, 3077, 5359, 780, 477, 2524, 371, 5142, 3611, 62, 1069, 4193, 883, 4130, 4328, 622, 4974, 1436, 4519, 1762, 4238, 3012, 3554, 4026, 3342, 4182, 5410, 1407, 2736, 913, 4045, 182, 1382, 3625, 1351, 3839, 3583, 2938, 46, 829, 5326, 2230, 612, 5021, 3121, 1127, 3006, 1852, 329, 118, 3794, 4081, 72, 1330, 519, 1195, 2017, 1920, 314, 1129, 3544, 1000, 282, 4041, 2857, 324, 2210, 5283, 2272, 4438, 10, 5341, 4447, 5120, 4167, 1047, 742, 4222, 2916, 3377, 2533, 2707, 2819, 42, 3054, 703, 1519, 1891, 1740, 2997, 347, 5190, 3489, 4284, 833, 4467, 2603, 4198, 4987, 4303, 2483, 435, 4121, 2536, 3048, 2561, 4425, 3177, 2774, 5313, 5078, 1804, 2780, 317, 1372, 1842, 2517, 35, 4283, 3692, 794, 4047, 4496, 4319, 1623, 896, 4416, 3383, 2217, 2330, 2026, 2565, 890, 1423, 3773, 2941, 4926, 2977, 256, 2755, 3724, 1697, 3141, 3189, 2520, 402, 1159, 1593, 508, 1536, 2376, 2842, 691, 3596, 2321, 1576, 5411, 2201, 2532, 4138, 4631, 3815, 4657, 2905, 3472, 4518, 4823, 4810, 2892, 4073, 2806, 3715, 31, 2372, 1782, 2133, 1893, 3932, 4602, 3997, 1607, 1238, 4296, 1350, 4498, 4735, 1489, 4877, 845, 1630, 3469, 4143, 4002, 106, 2773, 2881, 287, 2062, 1757, 4230, 1627, 830, 563, 1196, 2460, 5333, 2472, 1067, 1377, 4844, 3515, 4552, 958, 4347, 1170, 1543, 3120, 2239, 28, 4909, 3026, 515, 3293, 1948, 4948, 76, 970, 840, 4011, 2675, 4050, 37, 108, 4651, 3319, 3660, 5160, 4768, 1911, 5345, 23, 4419, 1815, 447, 581, 4426, 893, 2756, 1864, 4418, 4444, 1411, 3446, 3278, 1618, 4786, 3998, 2055, 2795, 4841, 1599, 1044, 2418, 2206, 1394, 3409, 4428, 5301, 5139, 4504, 3974, 4123, 2414, 3527, 4244, 4985, 3310, 3975, 1318, 952, 4822, 3414, 2223, 1506, 627, 3094, 1236, 4642, 2481, 1629, 4509, 4265, 3829, 4149, 3249, 426, 3817, 2571, 3894, 4662, 744, 4561, 1926, 3576, 2655, 1714, 2072, 1559, 3358, 4741, 2526, 2896, 5132, 613, 4331, 1969, 1727, 1293, 871, 5264, 4669, 1505, 1095]",432,750,1,False,750
261,human,human,3,True,True,True,"{2: 151, 1: 172, 5: 122, 3: 154, 4: 141, 0: 10}","[4097, 1548, 5419, 4731, 3902, 3380, 4432, 3710, 3542, 3991, 4880, 2494, 2930, 1237, 5356, 235, 4127, 3911, 217, 3274, 932, 1468, 2624, 2837, 3687, 1483, 2116, 3691, 4885, 1822, 1115, 1952, 4887, 876, 2002, 4576, 3443, 5286, 2441, 4713, 121, 2388, 292, 5439, 83, 4206, 4866, 1120, 5436, 1558, 1312, 2596, 3921, 1887, 388, 2130, 1360, 1525, 4673, 4770, 3790, 1675, 2897, 556, 4577, 4946, 2628, 1915, 2862, 5186, 4722, 3211, 2127, 2225, 352, 1392, 1877, 2901, 1025, 4799, 1285, 2739, 5107, 4436, 415, 2864, 15, 2351, 4600, 2046, 3401, 650, 3938, 1545, 226, 4522, 992, 5069, 534, 18, 335, 3566, 3064, 2698, 989, 123, 1932, 4178, 3670, 4847, 1514, 2273, 1786, 574, 2856, 3256, 618, 4694, 5405, 4404, 2676, 3762, 5255, 3755, 2485, 5321, 536, 233, 3760, 1837, 4431, 3948, 5252, 3797, 1538, 13, 1387, 1886, 1994, 2954, 4108, 3432, 3881, 4477, 2919, 4613, 5175, 714, 1719, 4590, 3976, 3180, 2250, 2329, 3919, 5171, 3330, 2506, 3126, 3434, 223, 1272, 1304, 2738, 3311, 1290, 3073, 3199, 5388, 1989, 2828, 1431, 2509, 1643, 3373, 2821, 1188, 2859, 1955, 510, 1486, 595, 2764, 2793, 2298, 708, 1768, 5056, 5179, 4869, 2794, 2360, 4895, 1094, 5372, 2311, 2488, 1066, 2618, 429, 571, 2244, 2290, 1380, 2387, 68, 2439, 1878, 3749, 4145, 3746, 4125, 1315, 2150, 4656, 348, 770, 3019, 2275, 587, 315, 4120, 36, 2855, 3651, 2566, 4293, 640, 1490, 4054, 4959, 1835, 2354, 3522, 4901, 1243, 1571, 3332, 652, 2068, 1808, 5156, 1114, 4716, 2121, 5117, 4747, 4593, 451, 3953, 2782, 2461, 5091, 4920, 4668, 3397, 5247, 1260, 297, 2704, 3504, 3203, 2900, 384, 157, 4868, 3488, 5245, 3173, 1647, 3273, 1192, 3908, 38, 3992, 749, 5294, 3848, 860, 2479, 2459, 867, 3218, 4838, 4482, 20, 1521, 1641, 122, 3118, 2063, 2400, 3519, 1063, 2035, 3442, 2890, 1763, 2119, 5400, 1961, 4854, 2292, 2772, 527, 4917, 4955, 2172, 1186, 4006, 1388, 4382, 4717, 2798, 831, 1206, 189, 5149, 4021, 507, 3599, 3197, 5148, 539, 2171, 2575, 1615, 4032, 2592, 5425, 350, 201, 2074, 3364, 3764, 2122, 3738, 1086, 4460, 400, 63, 1662, 286, 291, 693, 3484, 2629, 4674, 2334, 1913, 4762, 2824, 4767, 4750, 4965, 1785, 2069, 583, 1797, 5051, 4848, 2634, 1507, 4085, 5159, 3279, 3927, 4, 550, 5447, 207, 2799, 551, 5144, 2563, 146, 4989, 4400, 2113, 434, 27, 4129, 3768, 3668, 3459, 3091, 1215, 4091, 1681, 2872, 4014, 4194, 779, 4029, 3756, 4760, 2476, 1749, 4658, 4871, 4348, 2757, 646, 1897, 2195, 316, 716, 4208, 5383, 825, 5370, 3078, 3778, 1702, 3984, 3847, 1150, 4300, 649, 4808, 3775, 4935, 3159, 687, 1223, 946, 4538, 4535, 3077, 5359, 780, 477, 2524, 371, 5142, 3611, 62, 1069, 4193, 883, 4130, 4328, 622, 4974, 1436, 4519, 1762, 4238, 3012, 3554, 4026, 3342, 4182, 5410, 1407, 2736, 913, 4045, 182, 1382, 3625, 1351, 3839, 3583, 2938, 46, 829, 5326, 2230, 612, 5021, 3121, 1127, 3006, 1852, 329, 118, 3794, 4081, 72, 1330, 519, 1195, 2017, 1920, 314, 1129, 3544, 1000, 282, 4041, 2857, 324, 2210, 5283, 2272, 4438, 10, 5341, 4447, 5120, 4167, 1047, 742, 4222, 2916, 3377, 2533, 2707, 2819, 42, 3054, 703, 1519, 1891, 1740, 2997, 347, 5190, 3489, 4284, 833, 4467, 2603, 4198, 4987, 4303, 2483, 435, 4121, 2536, 3048, 2561, 4425, 3177, 2774, 5313, 5078, 1804, 2780, 317, 1372, 1842, 2517, 35, 4283, 3692, 794, 4047, 4496, 4319, 1623, 896, 4416, 3383, 2217, 2330, 2026, 2565, 890, 1423, 3773, 2941, 4926, 2977, 256, 2755, 3724, 1697, 3141, 3189, 2520, 402, 1159, 1593, 508, 1536, 2376, 2842, 691, 3596, 2321, 1576, 5411, 2201, 2532, 4138, 4631, 3815, 4657, 2905, 3472, 4518, 4823, 4810, 2892, 4073, 2806, 3715, 31, 2372, 1782, 2133, 1893, 3932, 4602, 3997, 1607, 1238, 4296, 1350, 4498, 4735, 1489, 4877, 845, 1630, 3469, 4143, 4002, 106, 2773, 2881, 287, 2062, 1757, 4230, 1627, 830, 563, 1196, 2460, 5333, 2472, 1067, 1377, 4844, 3515, 4552, 958, 4347, 1170, 1543, 3120, 2239, 28, 4909, 3026, 515, 3293, 1948, 4948, 76, 970, 840, 4011, 2675, 4050, 37, 108, 4651, 3319, 3660, 5160, 4768, 1911, 5345, 23, 4419, 1815, 447, 581, 4426, 893, 2756, 1864, 4418, 4444, 1411, 3446, 3278, 1618, 4786, 3998, 2055, 2795, 4841, 1599, 1044, 2418, 2206, 1394, 3409, 4428, 5301, 5139, 4504, 3974, 4123, 2414, 3527, 4244, 4985, 3310, 3975, 1318, 952, 4822, 3414, 2223, 1506, 627, 3094, 1236, 4642, 2481, 1629, 4509, 4265, 3829, 4149, 3249, 426, 3817, 2571, 3894, 4662, 744, 4561, 1926, 3576, 2655, 1714, 2072, 1559, 3358, 4741, 2526, 2896, 5132, 613, 4331, 1969, 1727, 1293, 871, 5264, 4669, 1505, 1095]",261,750,1,False,750
234,numeric,entity,1,True,False,True,"{2: 151, 1: 172, 5: 122, 3: 154, 4: 141, 0: 10}","[4097, 1548, 5419, 4731, 3902, 3380, 4432, 3710, 3542, 3991, 4880, 2494, 2930, 1237, 5356, 235, 4127, 3911, 217, 3274, 932, 1468, 2624, 2837, 3687, 1483, 2116, 3691, 4885, 1822, 1115, 1952, 4887, 876, 2002, 4576, 3443, 5286, 2441, 4713, 121, 2388, 292, 5439, 83, 4206, 4866, 1120, 5436, 1558, 1312, 2596, 3921, 1887, 388, 2130, 1360, 1525, 4673, 4770, 3790, 1675, 2897, 556, 4577, 4946, 2628, 1915, 2862, 5186, 4722, 3211, 2127, 2225, 352, 1392, 1877, 2901, 1025, 4799, 1285, 2739, 5107, 4436, 415, 2864, 15, 2351, 4600, 2046, 3401, 650, 3938, 1545, 226, 4522, 992, 5069, 534, 18, 335, 3566, 3064, 2698, 989, 123, 1932, 4178, 3670, 4847, 1514, 2273, 1786, 574, 2856, 3256, 618, 4694, 5405, 4404, 2676, 3762, 5255, 3755, 2485, 5321, 536, 233, 3760, 1837, 4431, 3948, 5252, 3797, 1538, 13, 1387, 1886, 1994, 2954, 4108, 3432, 3881, 4477, 2919, 4613, 5175, 714, 1719, 4590, 3976, 3180, 2250, 2329, 3919, 5171, 3330, 2506, 3126, 3434, 223, 1272, 1304, 2738, 3311, 1290, 3073, 3199, 5388, 1989, 2828, 1431, 2509, 1643, 3373, 2821, 1188, 2859, 1955, 510, 1486, 595, 2764, 2793, 2298, 708, 1768, 5056, 5179, 4869, 2794, 2360, 4895, 1094, 5372, 2311, 2488, 1066, 2618, 429, 571, 2244, 2290, 1380, 2387, 68, 2439, 1878, 3749, 4145, 3746, 4125, 1315, 2150, 4656, 348, 770, 3019, 2275, 587, 315, 4120, 36, 2855, 3651, 2566, 4293, 640, 1490, 4054, 4959, 1835, 2354, 3522, 4901, 1243, 1571, 3332, 652, 2068, 1808, 5156, 1114, 4716, 2121, 5117, 4747, 4593, 451, 3953, 2782, 2461, 5091, 4920, 4668, 3397, 5247, 1260, 297, 2704, 3504, 3203, 2900, 384, 157, 4868, 3488, 5245, 3173, 1647, 3273, 1192, 3908, 38, 3992, 749, 5294, 3848, 860, 2479, 2459, 867, 3218, 4838, 4482, 20, 1521, 1641, 122, 3118, 2063, 2400, 3519, 1063, 2035, 3442, 2890, 1763, 2119, 5400, 1961, 4854, 2292, 2772, 527, 4917, 4955, 2172, 1186, 4006, 1388, 4382, 4717, 2798, 831, 1206, 189, 5149, 4021, 507, 3599, 3197, 5148, 539, 2171, 2575, 1615, 4032, 2592, 5425, 350, 201, 2074, 3364, 3764, 2122, 3738, 1086, 4460, 400, 63, 1662, 286, 291, 693, 3484, 2629, 4674, 2334, 1913, 4762, 2824, 4767, 4750, 4965, 1785, 2069, 583, 1797, 5051, 4848, 2634, 1507, 4085, 5159, 3279, 3927, 4, 550, 5447, 207, 2799, 551, 5144, 2563, 146, 4989, 4400, 2113, 434, 27, 4129, 3768, 3668, 3459, 3091, 1215, 4091, 1681, 2872, 4014, 4194, 779, 4029, 3756, 4760, 2476, 1749, 4658, 4871, 4348, 2757, 646, 1897, 2195, 316, 716, 4208, 5383, 825, 5370, 3078, 3778, 1702, 3984, 3847, 1150, 4300, 649, 4808, 3775, 4935, 3159, 687, 1223, 946, 4538, 4535, 3077, 5359, 780, 477, 2524, 371, 5142, 3611, 62, 1069, 4193, 883, 4130, 4328, 622, 4974, 1436, 4519, 1762, 4238, 3012, 3554, 4026, 3342, 4182, 5410, 1407, 2736, 913, 4045, 182, 1382, 3625, 1351, 3839, 3583, 2938, 46, 829, 5326, 2230, 612, 5021, 3121, 1127, 3006, 1852, 329, 118, 3794, 4081, 72, 1330, 519, 1195, 2017, 1920, 314, 1129, 3544, 1000, 282, 4041, 2857, 324, 2210, 5283, 2272, 4438, 10, 5341, 4447, 5120, 4167, 1047, 742, 4222, 2916, 3377, 2533, 2707, 2819, 42, 3054, 703, 1519, 1891, 1740, 2997, 347, 5190, 3489, 4284, 833, 4467, 2603, 4198, 4987, 4303, 2483, 435, 4121, 2536, 3048, 2561, 4425, 3177, 2774, 5313, 5078, 1804, 2780, 317, 1372, 1842, 2517, 35, 4283, 3692, 794, 4047, 4496, 4319, 1623, 896, 4416, 3383, 2217, 2330, 2026, 2565, 890, 1423, 3773, 2941, 4926, 2977, 256, 2755, 3724, 1697, 3141, 3189, 2520, 402, 1159, 1593, 508, 1536, 2376, 2842, 691, 3596, 2321, 1576, 5411, 2201, 2532, 4138, 4631, 3815, 4657, 2905, 3472, 4518, 4823, 4810, 2892, 4073, 2806, 3715, 31, 2372, 1782, 2133, 1893, 3932, 4602, 3997, 1607, 1238, 4296, 1350, 4498, 4735, 1489, 4877, 845, 1630, 3469, 4143, 4002, 106, 2773, 2881, 287, 2062, 1757, 4230, 1627, 830, 563, 1196, 2460, 5333, 2472, 1067, 1377, 4844, 3515, 4552, 958, 4347, 1170, 1543, 3120, 2239, 28, 4909, 3026, 515, 3293, 1948, 4948, 76, 970, 840, 4011, 2675, 4050, 37, 108, 4651, 3319, 3660, 5160, 4768, 1911, 5345, 23, 4419, 1815, 447, 581, 4426, 893, 2756, 1864, 4418, 4444, 1411, 3446, 3278, 1618, 4786, 3998, 2055, 2795, 4841, 1599, 1044, 2418, 2206, 1394, 3409, 4428, 5301, 5139, 4504, 3974, 4123, 2414, 3527, 4244, 4985, 3310, 3975, 1318, 952, 4822, 3414, 2223, 1506, 627, 3094, 1236, 4642, 2481, 1629, 4509, 4265, 3829, 4149, 3249, 426, 3817, 2571, 3894, 4662, 744, 4561, 1926, 3576, 2655, 1714, 2072, 1559, 3358, 4741, 2526, 2896, 5132, 613, 4331, 1969, 1727, 1293, 871, 5264, 4669, 1505, 1095]",234,750,1,False,750
264,numeric,numeric,5,True,True,True,"{2: 151, 1: 172, 5: 122, 3: 154, 4: 141, 0: 10}","[4097, 1548, 5419, 4731, 3902, 3380, 4432, 3710, 3542, 3991, 4880, 2494, 2930, 1237, 5356, 235, 4127, 3911, 217, 3274, 932, 1468, 2624, 2837, 3687, 1483, 2116, 3691, 4885, 1822, 1115, 1952, 4887, 876, 2002, 4576, 3443, 5286, 2441, 4713, 121, 2388, 292, 5439, 83, 4206, 4866, 1120, 5436, 1558, 1312, 2596, 3921, 1887, 388, 2130, 1360, 1525, 4673, 4770, 3790, 1675, 2897, 556, 4577, 4946, 2628, 1915, 2862, 5186, 4722, 3211, 2127, 2225, 352, 1392, 1877, 2901, 1025, 4799, 1285, 2739, 5107, 4436, 415, 2864, 15, 2351, 4600, 2046, 3401, 650, 3938, 1545, 226, 4522, 992, 5069, 534, 18, 335, 3566, 3064, 2698, 989, 123, 1932, 4178, 3670, 4847, 1514, 2273, 1786, 574, 2856, 3256, 618, 4694, 5405, 4404, 2676, 3762, 5255, 3755, 2485, 5321, 536, 233, 3760, 1837, 4431, 3948, 5252, 3797, 1538, 13, 1387, 1886, 1994, 2954, 4108, 3432, 3881, 4477, 2919, 4613, 5175, 714, 1719, 4590, 3976, 3180, 2250, 2329, 3919, 5171, 3330, 2506, 3126, 3434, 223, 1272, 1304, 2738, 3311, 1290, 3073, 3199, 5388, 1989, 2828, 1431, 2509, 1643, 3373, 2821, 1188, 2859, 1955, 510, 1486, 595, 2764, 2793, 2298, 708, 1768, 5056, 5179, 4869, 2794, 2360, 4895, 1094, 5372, 2311, 2488, 1066, 2618, 429, 571, 2244, 2290, 1380, 2387, 68, 2439, 1878, 3749, 4145, 3746, 4125, 1315, 2150, 4656, 348, 770, 3019, 2275, 587, 315, 4120, 36, 2855, 3651, 2566, 4293, 640, 1490, 4054, 4959, 1835, 2354, 3522, 4901, 1243, 1571, 3332, 652, 2068, 1808, 5156, 1114, 4716, 2121, 5117, 4747, 4593, 451, 3953, 2782, 2461, 5091, 4920, 4668, 3397, 5247, 1260, 297, 2704, 3504, 3203, 2900, 384, 157, 4868, 3488, 5245, 3173, 1647, 3273, 1192, 3908, 38, 3992, 749, 5294, 3848, 860, 2479, 2459, 867, 3218, 4838, 4482, 20, 1521, 1641, 122, 3118, 2063, 2400, 3519, 1063, 2035, 3442, 2890, 1763, 2119, 5400, 1961, 4854, 2292, 2772, 527, 4917, 4955, 2172, 1186, 4006, 1388, 4382, 4717, 2798, 831, 1206, 189, 5149, 4021, 507, 3599, 3197, 5148, 539, 2171, 2575, 1615, 4032, 2592, 5425, 350, 201, 2074, 3364, 3764, 2122, 3738, 1086, 4460, 400, 63, 1662, 286, 291, 693, 3484, 2629, 4674, 2334, 1913, 4762, 2824, 4767, 4750, 4965, 1785, 2069, 583, 1797, 5051, 4848, 2634, 1507, 4085, 5159, 3279, 3927, 4, 550, 5447, 207, 2799, 551, 5144, 2563, 146, 4989, 4400, 2113, 434, 27, 4129, 3768, 3668, 3459, 3091, 1215, 4091, 1681, 2872, 4014, 4194, 779, 4029, 3756, 4760, 2476, 1749, 4658, 4871, 4348, 2757, 646, 1897, 2195, 316, 716, 4208, 5383, 825, 5370, 3078, 3778, 1702, 3984, 3847, 1150, 4300, 649, 4808, 3775, 4935, 3159, 687, 1223, 946, 4538, 4535, 3077, 5359, 780, 477, 2524, 371, 5142, 3611, 62, 1069, 4193, 883, 4130, 4328, 622, 4974, 1436, 4519, 1762, 4238, 3012, 3554, 4026, 3342, 4182, 5410, 1407, 2736, 913, 4045, 182, 1382, 3625, 1351, 3839, 3583, 2938, 46, 829, 5326, 2230, 612, 5021, 3121, 1127, 3006, 1852, 329, 118, 3794, 4081, 72, 1330, 519, 1195, 2017, 1920, 314, 1129, 3544, 1000, 282, 4041, 2857, 324, 2210, 5283, 2272, 4438, 10, 5341, 4447, 5120, 4167, 1047, 742, 4222, 2916, 3377, 2533, 2707, 2819, 42, 3054, 703, 1519, 1891, 1740, 2997, 347, 5190, 3489, 4284, 833, 4467, 2603, 4198, 4987, 4303, 2483, 435, 4121, 2536, 3048, 2561, 4425, 3177, 2774, 5313, 5078, 1804, 2780, 317, 1372, 1842, 2517, 35, 4283, 3692, 794, 4047, 4496, 4319, 1623, 896, 4416, 3383, 2217, 2330, 2026, 2565, 890, 1423, 3773, 2941, 4926, 2977, 256, 2755, 3724, 1697, 3141, 3189, 2520, 402, 1159, 1593, 508, 1536, 2376, 2842, 691, 3596, 2321, 1576, 5411, 2201, 2532, 4138, 4631, 3815, 4657, 2905, 3472, 4518, 4823, 4810, 2892, 4073, 2806, 3715, 31, 2372, 1782, 2133, 1893, 3932, 4602, 3997, 1607, 1238, 4296, 1350, 4498, 4735, 1489, 4877, 845, 1630, 3469, 4143, 4002, 106, 2773, 2881, 287, 2062, 1757, 4230, 1627, 830, 563, 1196, 2460, 5333, 2472, 1067, 1377, 4844, 3515, 4552, 958, 4347, 1170, 1543, 3120, 2239, 28, 4909, 3026, 515, 3293, 1948, 4948, 76, 970, 840, 4011, 2675, 4050, 37, 108, 4651, 3319, 3660, 5160, 4768, 1911, 5345, 23, 4419, 1815, 447, 581, 4426, 893, 2756, 1864, 4418, 4444, 1411, 3446, 3278, 1618, 4786, 3998, 2055, 2795, 4841, 1599, 1044, 2418, 2206, 1394, 3409, 4428, 5301, 5139, 4504, 3974, 4123, 2414, 3527, 4244, 4985, 3310, 3975, 1318, 952, 4822, 3414, 2223, 1506, 627, 3094, 1236, 4642, 2481, 1629, 4509, 4265, 3829, 4149, 3249, 426, 3817, 2571, 3894, 4662, 744, 4561, 1926, 3576, 2655, 1714, 2072, 1559, 3358, 4741, 2526, 2896, 5132, 613, 4331, 1969, 1727, 1293, 871, 5264, 4669, 1505, 1095]",264,750,1,False,750
473,numeric,numeric,5,True,True,True,"{2: 151, 1: 172, 5: 122, 3: 154, 4: 141, 0: 10}","[4097, 1548, 5419, 4731, 3902, 3380, 4432, 3710, 3542, 3991, 4880, 2494, 2930, 1237, 5356, 235, 4127, 3911, 217, 3274, 932, 1468, 2624, 2837, 3687, 1483, 2116, 3691, 4885, 1822, 1115, 1952, 4887, 876, 2002, 4576, 3443, 5286, 2441, 4713, 121, 2388, 292, 5439, 83, 4206, 4866, 1120, 5436, 1558, 1312, 2596, 3921, 1887, 388, 2130, 1360, 1525, 4673, 4770, 3790, 1675, 2897, 556, 4577, 4946, 2628, 1915, 2862, 5186, 4722, 3211, 2127, 2225, 352, 1392, 1877, 2901, 1025, 4799, 1285, 2739, 5107, 4436, 415, 2864, 15, 2351, 4600, 2046, 3401, 650, 3938, 1545, 226, 4522, 992, 5069, 534, 18, 335, 3566, 3064, 2698, 989, 123, 1932, 4178, 3670, 4847, 1514, 2273, 1786, 574, 2856, 3256, 618, 4694, 5405, 4404, 2676, 3762, 5255, 3755, 2485, 5321, 536, 233, 3760, 1837, 4431, 3948, 5252, 3797, 1538, 13, 1387, 1886, 1994, 2954, 4108, 3432, 3881, 4477, 2919, 4613, 5175, 714, 1719, 4590, 3976, 3180, 2250, 2329, 3919, 5171, 3330, 2506, 3126, 3434, 223, 1272, 1304, 2738, 3311, 1290, 3073, 3199, 5388, 1989, 2828, 1431, 2509, 1643, 3373, 2821, 1188, 2859, 1955, 510, 1486, 595, 2764, 2793, 2298, 708, 1768, 5056, 5179, 4869, 2794, 2360, 4895, 1094, 5372, 2311, 2488, 1066, 2618, 429, 571, 2244, 2290, 1380, 2387, 68, 2439, 1878, 3749, 4145, 3746, 4125, 1315, 2150, 4656, 348, 770, 3019, 2275, 587, 315, 4120, 36, 2855, 3651, 2566, 4293, 640, 1490, 4054, 4959, 1835, 2354, 3522, 4901, 1243, 1571, 3332, 652, 2068, 1808, 5156, 1114, 4716, 2121, 5117, 4747, 4593, 451, 3953, 2782, 2461, 5091, 4920, 4668, 3397, 5247, 1260, 297, 2704, 3504, 3203, 2900, 384, 157, 4868, 3488, 5245, 3173, 1647, 3273, 1192, 3908, 38, 3992, 749, 5294, 3848, 860, 2479, 2459, 867, 3218, 4838, 4482, 20, 1521, 1641, 122, 3118, 2063, 2400, 3519, 1063, 2035, 3442, 2890, 1763, 2119, 5400, 1961, 4854, 2292, 2772, 527, 4917, 4955, 2172, 1186, 4006, 1388, 4382, 4717, 2798, 831, 1206, 189, 5149, 4021, 507, 3599, 3197, 5148, 539, 2171, 2575, 1615, 4032, 2592, 5425, 350, 201, 2074, 3364, 3764, 2122, 3738, 1086, 4460, 400, 63, 1662, 286, 291, 693, 3484, 2629, 4674, 2334, 1913, 4762, 2824, 4767, 4750, 4965, 1785, 2069, 583, 1797, 5051, 4848, 2634, 1507, 4085, 5159, 3279, 3927, 4, 550, 5447, 207, 2799, 551, 5144, 2563, 146, 4989, 4400, 2113, 434, 27, 4129, 3768, 3668, 3459, 3091, 1215, 4091, 1681, 2872, 4014, 4194, 779, 4029, 3756, 4760, 2476, 1749, 4658, 4871, 4348, 2757, 646, 1897, 2195, 316, 716, 4208, 5383, 825, 5370, 3078, 3778, 1702, 3984, 3847, 1150, 4300, 649, 4808, 3775, 4935, 3159, 687, 1223, 946, 4538, 4535, 3077, 5359, 780, 477, 2524, 371, 5142, 3611, 62, 1069, 4193, 883, 4130, 4328, 622, 4974, 1436, 4519, 1762, 4238, 3012, 3554, 4026, 3342, 4182, 5410, 1407, 2736, 913, 4045, 182, 1382, 3625, 1351, 3839, 3583, 2938, 46, 829, 5326, 2230, 612, 5021, 3121, 1127, 3006, 1852, 329, 118, 3794, 4081, 72, 1330, 519, 1195, 2017, 1920, 314, 1129, 3544, 1000, 282, 4041, 2857, 324, 2210, 5283, 2272, 4438, 10, 5341, 4447, 5120, 4167, 1047, 742, 4222, 2916, 3377, 2533, 2707, 2819, 42, 3054, 703, 1519, 1891, 1740, 2997, 347, 5190, 3489, 4284, 833, 4467, 2603, 4198, 4987, 4303, 2483, 435, 4121, 2536, 3048, 2561, 4425, 3177, 2774, 5313, 5078, 1804, 2780, 317, 1372, 1842, 2517, 35, 4283, 3692, 794, 4047, 4496, 4319, 1623, 896, 4416, 3383, 2217, 2330, 2026, 2565, 890, 1423, 3773, 2941, 4926, 2977, 256, 2755, 3724, 1697, 3141, 3189, 2520, 402, 1159, 1593, 508, 1536, 2376, 2842, 691, 3596, 2321, 1576, 5411, 2201, 2532, 4138, 4631, 3815, 4657, 2905, 3472, 4518, 4823, 4810, 2892, 4073, 2806, 3715, 31, 2372, 1782, 2133, 1893, 3932, 4602, 3997, 1607, 1238, 4296, 1350, 4498, 4735, 1489, 4877, 845, 1630, 3469, 4143, 4002, 106, 2773, 2881, 287, 2062, 1757, 4230, 1627, 830, 563, 1196, 2460, 5333, 2472, 1067, 1377, 4844, 3515, 4552, 958, 4347, 1170, 1543, 3120, 2239, 28, 4909, 3026, 515, 3293, 1948, 4948, 76, 970, 840, 4011, 2675, 4050, 37, 108, 4651, 3319, 3660, 5160, 4768, 1911, 5345, 23, 4419, 1815, 447, 581, 4426, 893, 2756, 1864, 4418, 4444, 1411, 3446, 3278, 1618, 4786, 3998, 2055, 2795, 4841, 1599, 1044, 2418, 2206, 1394, 3409, 4428, 5301, 5139, 4504, 3974, 4123, 2414, 3527, 4244, 4985, 3310, 3975, 1318, 952, 4822, 3414, 2223, 1506, 627, 3094, 1236, 4642, 2481, 1629, 4509, 4265, 3829, 4149, 3249, 426, 3817, 2571, 3894, 4662, 744, 4561, 1926, 3576, 2655, 1714, 2072, 1559, 3358, 4741, 2526, 2896, 5132, 613, 4331, 1969, 1727, 1293, 871, 5264, 4669, 1505, 1095]",473,750,1,False,750
267,numeric,location,4,True,False,True,"{2: 151, 1: 172, 5: 122, 3: 154, 4: 141, 0: 10}","[4097, 1548, 5419, 4731, 3902, 3380, 4432, 3710, 3542, 3991, 4880, 2494, 2930, 1237, 5356, 235, 4127, 3911, 217, 3274, 932, 1468, 2624, 2837, 3687, 1483, 2116, 3691, 4885, 1822, 1115, 1952, 4887, 876, 2002, 4576, 3443, 5286, 2441, 4713, 121, 2388, 292, 5439, 83, 4206, 4866, 1120, 5436, 1558, 1312, 2596, 3921, 1887, 388, 2130, 1360, 1525, 4673, 4770, 3790, 1675, 2897, 556, 4577, 4946, 2628, 1915, 2862, 5186, 4722, 3211, 2127, 2225, 352, 1392, 1877, 2901, 1025, 4799, 1285, 2739, 5107, 4436, 415, 2864, 15, 2351, 4600, 2046, 3401, 650, 3938, 1545, 226, 4522, 992, 5069, 534, 18, 335, 3566, 3064, 2698, 989, 123, 1932, 4178, 3670, 4847, 1514, 2273, 1786, 574, 2856, 3256, 618, 4694, 5405, 4404, 2676, 3762, 5255, 3755, 2485, 5321, 536, 233, 3760, 1837, 4431, 3948, 5252, 3797, 1538, 13, 1387, 1886, 1994, 2954, 4108, 3432, 3881, 4477, 2919, 4613, 5175, 714, 1719, 4590, 3976, 3180, 2250, 2329, 3919, 5171, 3330, 2506, 3126, 3434, 223, 1272, 1304, 2738, 3311, 1290, 3073, 3199, 5388, 1989, 2828, 1431, 2509, 1643, 3373, 2821, 1188, 2859, 1955, 510, 1486, 595, 2764, 2793, 2298, 708, 1768, 5056, 5179, 4869, 2794, 2360, 4895, 1094, 5372, 2311, 2488, 1066, 2618, 429, 571, 2244, 2290, 1380, 2387, 68, 2439, 1878, 3749, 4145, 3746, 4125, 1315, 2150, 4656, 348, 770, 3019, 2275, 587, 315, 4120, 36, 2855, 3651, 2566, 4293, 640, 1490, 4054, 4959, 1835, 2354, 3522, 4901, 1243, 1571, 3332, 652, 2068, 1808, 5156, 1114, 4716, 2121, 5117, 4747, 4593, 451, 3953, 2782, 2461, 5091, 4920, 4668, 3397, 5247, 1260, 297, 2704, 3504, 3203, 2900, 384, 157, 4868, 3488, 5245, 3173, 1647, 3273, 1192, 3908, 38, 3992, 749, 5294, 3848, 860, 2479, 2459, 867, 3218, 4838, 4482, 20, 1521, 1641, 122, 3118, 2063, 2400, 3519, 1063, 2035, 3442, 2890, 1763, 2119, 5400, 1961, 4854, 2292, 2772, 527, 4917, 4955, 2172, 1186, 4006, 1388, 4382, 4717, 2798, 831, 1206, 189, 5149, 4021, 507, 3599, 3197, 5148, 539, 2171, 2575, 1615, 4032, 2592, 5425, 350, 201, 2074, 3364, 3764, 2122, 3738, 1086, 4460, 400, 63, 1662, 286, 291, 693, 3484, 2629, 4674, 2334, 1913, 4762, 2824, 4767, 4750, 4965, 1785, 2069, 583, 1797, 5051, 4848, 2634, 1507, 4085, 5159, 3279, 3927, 4, 550, 5447, 207, 2799, 551, 5144, 2563, 146, 4989, 4400, 2113, 434, 27, 4129, 3768, 3668, 3459, 3091, 1215, 4091, 1681, 2872, 4014, 4194, 779, 4029, 3756, 4760, 2476, 1749, 4658, 4871, 4348, 2757, 646, 1897, 2195, 316, 716, 4208, 5383, 825, 5370, 3078, 3778, 1702, 3984, 3847, 1150, 4300, 649, 4808, 3775, 4935, 3159, 687, 1223, 946, 4538, 4535, 3077, 5359, 780, 477, 2524, 371, 5142, 3611, 62, 1069, 4193, 883, 4130, 4328, 622, 4974, 1436, 4519, 1762, 4238, 3012, 3554, 4026, 3342, 4182, 5410, 1407, 2736, 913, 4045, 182, 1382, 3625, 1351, 3839, 3583, 2938, 46, 829, 5326, 2230, 612, 5021, 3121, 1127, 3006, 1852, 329, 118, 3794, 4081, 72, 1330, 519, 1195, 2017, 1920, 314, 1129, 3544, 1000, 282, 4041, 2857, 324, 2210, 5283, 2272, 4438, 10, 5341, 4447, 5120, 4167, 1047, 742, 4222, 2916, 3377, 2533, 2707, 2819, 42, 3054, 703, 1519, 1891, 1740, 2997, 347, 5190, 3489, 4284, 833, 4467, 2603, 4198, 4987, 4303, 2483, 435, 4121, 2536, 3048, 2561, 4425, 3177, 2774, 5313, 5078, 1804, 2780, 317, 1372, 1842, 2517, 35, 4283, 3692, 794, 4047, 4496, 4319, 1623, 896, 4416, 3383, 2217, 2330, 2026, 2565, 890, 1423, 3773, 2941, 4926, 2977, 256, 2755, 3724, 1697, 3141, 3189, 2520, 402, 1159, 1593, 508, 1536, 2376, 2842, 691, 3596, 2321, 1576, 5411, 2201, 2532, 4138, 4631, 3815, 4657, 2905, 3472, 4518, 4823, 4810, 2892, 4073, 2806, 3715, 31, 2372, 1782, 2133, 1893, 3932, 4602, 3997, 1607, 1238, 4296, 1350, 4498, 4735, 1489, 4877, 845, 1630, 3469, 4143, 4002, 106, 2773, 2881, 287, 2062, 1757, 4230, 1627, 830, 563, 1196, 2460, 5333, 2472, 1067, 1377, 4844, 3515, 4552, 958, 4347, 1170, 1543, 3120, 2239, 28, 4909, 3026, 515, 3293, 1948, 4948, 76, 970, 840, 4011, 2675, 4050, 37, 108, 4651, 3319, 3660, 5160, 4768, 1911, 5345, 23, 4419, 1815, 447, 581, 4426, 893, 2756, 1864, 4418, 4444, 1411, 3446, 3278, 1618, 4786, 3998, 2055, 2795, 4841, 1599, 1044, 2418, 2206, 1394, 3409, 4428, 5301, 5139, 4504, 3974, 4123, 2414, 3527, 4244, 4985, 3310, 3975, 1318, 952, 4822, 3414, 2223, 1506, 627, 3094, 1236, 4642, 2481, 1629, 4509, 4265, 3829, 4149, 3249, 426, 3817, 2571, 3894, 4662, 744, 4561, 1926, 3576, 2655, 1714, 2072, 1559, 3358, 4741, 2526, 2896, 5132, 613, 4331, 1969, 1727, 1293, 871, 5264, 4669, 1505, 1095]",267,750,1,False,750
428,description,description,2,True,True,True,"{2: 151, 1: 172, 5: 122, 3: 154, 4: 141, 0: 10}","[4097, 1548, 5419, 4731, 3902, 3380, 4432, 3710, 3542, 3991, 4880, 2494, 2930, 1237, 5356, 235, 4127, 3911, 217, 3274, 932, 1468, 2624, 2837, 3687, 1483, 2116, 3691, 4885, 1822, 1115, 1952, 4887, 876, 2002, 4576, 3443, 5286, 2441, 4713, 121, 2388, 292, 5439, 83, 4206, 4866, 1120, 5436, 1558, 1312, 2596, 3921, 1887, 388, 2130, 1360, 1525, 4673, 4770, 3790, 1675, 2897, 556, 4577, 4946, 2628, 1915, 2862, 5186, 4722, 3211, 2127, 2225, 352, 1392, 1877, 2901, 1025, 4799, 1285, 2739, 5107, 4436, 415, 2864, 15, 2351, 4600, 2046, 3401, 650, 3938, 1545, 226, 4522, 992, 5069, 534, 18, 335, 3566, 3064, 2698, 989, 123, 1932, 4178, 3670, 4847, 1514, 2273, 1786, 574, 2856, 3256, 618, 4694, 5405, 4404, 2676, 3762, 5255, 3755, 2485, 5321, 536, 233, 3760, 1837, 4431, 3948, 5252, 3797, 1538, 13, 1387, 1886, 1994, 2954, 4108, 3432, 3881, 4477, 2919, 4613, 5175, 714, 1719, 4590, 3976, 3180, 2250, 2329, 3919, 5171, 3330, 2506, 3126, 3434, 223, 1272, 1304, 2738, 3311, 1290, 3073, 3199, 5388, 1989, 2828, 1431, 2509, 1643, 3373, 2821, 1188, 2859, 1955, 510, 1486, 595, 2764, 2793, 2298, 708, 1768, 5056, 5179, 4869, 2794, 2360, 4895, 1094, 5372, 2311, 2488, 1066, 2618, 429, 571, 2244, 2290, 1380, 2387, 68, 2439, 1878, 3749, 4145, 3746, 4125, 1315, 2150, 4656, 348, 770, 3019, 2275, 587, 315, 4120, 36, 2855, 3651, 2566, 4293, 640, 1490, 4054, 4959, 1835, 2354, 3522, 4901, 1243, 1571, 3332, 652, 2068, 1808, 5156, 1114, 4716, 2121, 5117, 4747, 4593, 451, 3953, 2782, 2461, 5091, 4920, 4668, 3397, 5247, 1260, 297, 2704, 3504, 3203, 2900, 384, 157, 4868, 3488, 5245, 3173, 1647, 3273, 1192, 3908, 38, 3992, 749, 5294, 3848, 860, 2479, 2459, 867, 3218, 4838, 4482, 20, 1521, 1641, 122, 3118, 2063, 2400, 3519, 1063, 2035, 3442, 2890, 1763, 2119, 5400, 1961, 4854, 2292, 2772, 527, 4917, 4955, 2172, 1186, 4006, 1388, 4382, 4717, 2798, 831, 1206, 189, 5149, 4021, 507, 3599, 3197, 5148, 539, 2171, 2575, 1615, 4032, 2592, 5425, 350, 201, 2074, 3364, 3764, 2122, 3738, 1086, 4460, 400, 63, 1662, 286, 291, 693, 3484, 2629, 4674, 2334, 1913, 4762, 2824, 4767, 4750, 4965, 1785, 2069, 583, 1797, 5051, 4848, 2634, 1507, 4085, 5159, 3279, 3927, 4, 550, 5447, 207, 2799, 551, 5144, 2563, 146, 4989, 4400, 2113, 434, 27, 4129, 3768, 3668, 3459, 3091, 1215, 4091, 1681, 2872, 4014, 4194, 779, 4029, 3756, 4760, 2476, 1749, 4658, 4871, 4348, 2757, 646, 1897, 2195, 316, 716, 4208, 5383, 825, 5370, 3078, 3778, 1702, 3984, 3847, 1150, 4300, 649, 4808, 3775, 4935, 3159, 687, 1223, 946, 4538, 4535, 3077, 5359, 780, 477, 2524, 371, 5142, 3611, 62, 1069, 4193, 883, 4130, 4328, 622, 4974, 1436, 4519, 1762, 4238, 3012, 3554, 4026, 3342, 4182, 5410, 1407, 2736, 913, 4045, 182, 1382, 3625, 1351, 3839, 3583, 2938, 46, 829, 5326, 2230, 612, 5021, 3121, 1127, 3006, 1852, 329, 118, 3794, 4081, 72, 1330, 519, 1195, 2017, 1920, 314, 1129, 3544, 1000, 282, 4041, 2857, 324, 2210, 5283, 2272, 4438, 10, 5341, 4447, 5120, 4167, 1047, 742, 4222, 2916, 3377, 2533, 2707, 2819, 42, 3054, 703, 1519, 1891, 1740, 2997, 347, 5190, 3489, 4284, 833, 4467, 2603, 4198, 4987, 4303, 2483, 435, 4121, 2536, 3048, 2561, 4425, 3177, 2774, 5313, 5078, 1804, 2780, 317, 1372, 1842, 2517, 35, 4283, 3692, 794, 4047, 4496, 4319, 1623, 896, 4416, 3383, 2217, 2330, 2026, 2565, 890, 1423, 3773, 2941, 4926, 2977, 256, 2755, 3724, 1697, 3141, 3189, 2520, 402, 1159, 1593, 508, 1536, 2376, 2842, 691, 3596, 2321, 1576, 5411, 2201, 2532, 4138, 4631, 3815, 4657, 2905, 3472, 4518, 4823, 4810, 2892, 4073, 2806, 3715, 31, 2372, 1782, 2133, 1893, 3932, 4602, 3997, 1607, 1238, 4296, 1350, 4498, 4735, 1489, 4877, 845, 1630, 3469, 4143, 4002, 106, 2773, 2881, 287, 2062, 1757, 4230, 1627, 830, 563, 1196, 2460, 5333, 2472, 1067, 1377, 4844, 3515, 4552, 958, 4347, 1170, 1543, 3120, 2239, 28, 4909, 3026, 515, 3293, 1948, 4948, 76, 970, 840, 4011, 2675, 4050, 37, 108, 4651, 3319, 3660, 5160, 4768, 1911, 5345, 23, 4419, 1815, 447, 581, 4426, 893, 2756, 1864, 4418, 4444, 1411, 3446, 3278, 1618, 4786, 3998, 2055, 2795, 4841, 1599, 1044, 2418, 2206, 1394, 3409, 4428, 5301, 5139, 4504, 3974, 4123, 2414, 3527, 4244, 4985, 3310, 3975, 1318, 952, 4822, 3414, 2223, 1506, 627, 3094, 1236, 4642, 2481, 1629, 4509, 4265, 3829, 4149, 3249, 426, 3817, 2571, 3894, 4662, 744, 4561, 1926, 3576, 2655, 1714, 2072, 1559, 3358, 4741, 2526, 2896, 5132, 613, 4331, 1969, 1727, 1293, 871, 5264, 4669, 1505, 1095]",428,750,1,False,750
47,numeric,description,2,True,False,True,"{2: 151, 1: 172, 5: 122, 3: 154, 4: 141, 0: 10}","[4097, 1548, 5419, 4731, 3902, 3380, 4432, 3710, 3542, 3991, 4880, 2494, 2930, 1237, 5356, 235, 4127, 3911, 217, 3274, 932, 1468, 2624, 2837, 3687, 1483, 2116, 3691, 4885, 1822, 1115, 1952, 4887, 876, 2002, 4576, 3443, 5286, 2441, 4713, 121, 2388, 292, 5439, 83, 4206, 4866, 1120, 5436, 1558, 1312, 2596, 3921, 1887, 388, 2130, 1360, 1525, 4673, 4770, 3790, 1675, 2897, 556, 4577, 4946, 2628, 1915, 2862, 5186, 4722, 3211, 2127, 2225, 352, 1392, 1877, 2901, 1025, 4799, 1285, 2739, 5107, 4436, 415, 2864, 15, 2351, 4600, 2046, 3401, 650, 3938, 1545, 226, 4522, 992, 5069, 534, 18, 335, 3566, 3064, 2698, 989, 123, 1932, 4178, 3670, 4847, 1514, 2273, 1786, 574, 2856, 3256, 618, 4694, 5405, 4404, 2676, 3762, 5255, 3755, 2485, 5321, 536, 233, 3760, 1837, 4431, 3948, 5252, 3797, 1538, 13, 1387, 1886, 1994, 2954, 4108, 3432, 3881, 4477, 2919, 4613, 5175, 714, 1719, 4590, 3976, 3180, 2250, 2329, 3919, 5171, 3330, 2506, 3126, 3434, 223, 1272, 1304, 2738, 3311, 1290, 3073, 3199, 5388, 1989, 2828, 1431, 2509, 1643, 3373, 2821, 1188, 2859, 1955, 510, 1486, 595, 2764, 2793, 2298, 708, 1768, 5056, 5179, 4869, 2794, 2360, 4895, 1094, 5372, 2311, 2488, 1066, 2618, 429, 571, 2244, 2290, 1380, 2387, 68, 2439, 1878, 3749, 4145, 3746, 4125, 1315, 2150, 4656, 348, 770, 3019, 2275, 587, 315, 4120, 36, 2855, 3651, 2566, 4293, 640, 1490, 4054, 4959, 1835, 2354, 3522, 4901, 1243, 1571, 3332, 652, 2068, 1808, 5156, 1114, 4716, 2121, 5117, 4747, 4593, 451, 3953, 2782, 2461, 5091, 4920, 4668, 3397, 5247, 1260, 297, 2704, 3504, 3203, 2900, 384, 157, 4868, 3488, 5245, 3173, 1647, 3273, 1192, 3908, 38, 3992, 749, 5294, 3848, 860, 2479, 2459, 867, 3218, 4838, 4482, 20, 1521, 1641, 122, 3118, 2063, 2400, 3519, 1063, 2035, 3442, 2890, 1763, 2119, 5400, 1961, 4854, 2292, 2772, 527, 4917, 4955, 2172, 1186, 4006, 1388, 4382, 4717, 2798, 831, 1206, 189, 5149, 4021, 507, 3599, 3197, 5148, 539, 2171, 2575, 1615, 4032, 2592, 5425, 350, 201, 2074, 3364, 3764, 2122, 3738, 1086, 4460, 400, 63, 1662, 286, 291, 693, 3484, 2629, 4674, 2334, 1913, 4762, 2824, 4767, 4750, 4965, 1785, 2069, 583, 1797, 5051, 4848, 2634, 1507, 4085, 5159, 3279, 3927, 4, 550, 5447, 207, 2799, 551, 5144, 2563, 146, 4989, 4400, 2113, 434, 27, 4129, 3768, 3668, 3459, 3091, 1215, 4091, 1681, 2872, 4014, 4194, 779, 4029, 3756, 4760, 2476, 1749, 4658, 4871, 4348, 2757, 646, 1897, 2195, 316, 716, 4208, 5383, 825, 5370, 3078, 3778, 1702, 3984, 3847, 1150, 4300, 649, 4808, 3775, 4935, 3159, 687, 1223, 946, 4538, 4535, 3077, 5359, 780, 477, 2524, 371, 5142, 3611, 62, 1069, 4193, 883, 4130, 4328, 622, 4974, 1436, 4519, 1762, 4238, 3012, 3554, 4026, 3342, 4182, 5410, 1407, 2736, 913, 4045, 182, 1382, 3625, 1351, 3839, 3583, 2938, 46, 829, 5326, 2230, 612, 5021, 3121, 1127, 3006, 1852, 329, 118, 3794, 4081, 72, 1330, 519, 1195, 2017, 1920, 314, 1129, 3544, 1000, 282, 4041, 2857, 324, 2210, 5283, 2272, 4438, 10, 5341, 4447, 5120, 4167, 1047, 742, 4222, 2916, 3377, 2533, 2707, 2819, 42, 3054, 703, 1519, 1891, 1740, 2997, 347, 5190, 3489, 4284, 833, 4467, 2603, 4198, 4987, 4303, 2483, 435, 4121, 2536, 3048, 2561, 4425, 3177, 2774, 5313, 5078, 1804, 2780, 317, 1372, 1842, 2517, 35, 4283, 3692, 794, 4047, 4496, 4319, 1623, 896, 4416, 3383, 2217, 2330, 2026, 2565, 890, 1423, 3773, 2941, 4926, 2977, 256, 2755, 3724, 1697, 3141, 3189, 2520, 402, 1159, 1593, 508, 1536, 2376, 2842, 691, 3596, 2321, 1576, 5411, 2201, 2532, 4138, 4631, 3815, 4657, 2905, 3472, 4518, 4823, 4810, 2892, 4073, 2806, 3715, 31, 2372, 1782, 2133, 1893, 3932, 4602, 3997, 1607, 1238, 4296, 1350, 4498, 4735, 1489, 4877, 845, 1630, 3469, 4143, 4002, 106, 2773, 2881, 287, 2062, 1757, 4230, 1627, 830, 563, 1196, 2460, 5333, 2472, 1067, 1377, 4844, 3515, 4552, 958, 4347, 1170, 1543, 3120, 2239, 28, 4909, 3026, 515, 3293, 1948, 4948, 76, 970, 840, 4011, 2675, 4050, 37, 108, 4651, 3319, 3660, 5160, 4768, 1911, 5345, 23, 4419, 1815, 447, 581, 4426, 893, 2756, 1864, 4418, 4444, 1411, 3446, 3278, 1618, 4786, 3998, 2055, 2795, 4841, 1599, 1044, 2418, 2206, 1394, 3409, 4428, 5301, 5139, 4504, 3974, 4123, 2414, 3527, 4244, 4985, 3310, 3975, 1318, 952, 4822, 3414, 2223, 1506, 627, 3094, 1236, 4642, 2481, 1629, 4509, 4265, 3829, 4149, 3249, 426, 3817, 2571, 3894, 4662, 744, 4561, 1926, 3576, 2655, 1714, 2072, 1559, 3358, 4741, 2526, 2896, 5132, 613, 4331, 1969, 1727, 1293, 871, 5264, 4669, 1505, 1095]",47,750,1,False,750
10,numeric,location,4,True,False,True,"{2: 151, 1: 172, 5: 122, 3: 154, 4: 141, 0: 10}","[4097, 1548, 5419, 4731, 3902, 3380, 4432, 3710, 3542, 3991, 4880, 2494, 2930, 1237, 5356, 235, 4127, 3911, 217, 3274, 932, 1468, 2624, 2837, 3687, 1483, 2116, 3691, 4885, 1822, 1115, 1952, 4887, 876, 2002, 4576, 3443, 5286, 2441, 4713, 121, 2388, 292, 5439, 83, 4206, 4866, 1120, 5436, 1558, 1312, 2596, 3921, 1887, 388, 2130, 1360, 1525, 4673, 4770, 3790, 1675, 2897, 556, 4577, 4946, 2628, 1915, 2862, 5186, 4722, 3211, 2127, 2225, 352, 1392, 1877, 2901, 1025, 4799, 1285, 2739, 5107, 4436, 415, 2864, 15, 2351, 4600, 2046, 3401, 650, 3938, 1545, 226, 4522, 992, 5069, 534, 18, 335, 3566, 3064, 2698, 989, 123, 1932, 4178, 3670, 4847, 1514, 2273, 1786, 574, 2856, 3256, 618, 4694, 5405, 4404, 2676, 3762, 5255, 3755, 2485, 5321, 536, 233, 3760, 1837, 4431, 3948, 5252, 3797, 1538, 13, 1387, 1886, 1994, 2954, 4108, 3432, 3881, 4477, 2919, 4613, 5175, 714, 1719, 4590, 3976, 3180, 2250, 2329, 3919, 5171, 3330, 2506, 3126, 3434, 223, 1272, 1304, 2738, 3311, 1290, 3073, 3199, 5388, 1989, 2828, 1431, 2509, 1643, 3373, 2821, 1188, 2859, 1955, 510, 1486, 595, 2764, 2793, 2298, 708, 1768, 5056, 5179, 4869, 2794, 2360, 4895, 1094, 5372, 2311, 2488, 1066, 2618, 429, 571, 2244, 2290, 1380, 2387, 68, 2439, 1878, 3749, 4145, 3746, 4125, 1315, 2150, 4656, 348, 770, 3019, 2275, 587, 315, 4120, 36, 2855, 3651, 2566, 4293, 640, 1490, 4054, 4959, 1835, 2354, 3522, 4901, 1243, 1571, 3332, 652, 2068, 1808, 5156, 1114, 4716, 2121, 5117, 4747, 4593, 451, 3953, 2782, 2461, 5091, 4920, 4668, 3397, 5247, 1260, 297, 2704, 3504, 3203, 2900, 384, 157, 4868, 3488, 5245, 3173, 1647, 3273, 1192, 3908, 38, 3992, 749, 5294, 3848, 860, 2479, 2459, 867, 3218, 4838, 4482, 20, 1521, 1641, 122, 3118, 2063, 2400, 3519, 1063, 2035, 3442, 2890, 1763, 2119, 5400, 1961, 4854, 2292, 2772, 527, 4917, 4955, 2172, 1186, 4006, 1388, 4382, 4717, 2798, 831, 1206, 189, 5149, 4021, 507, 3599, 3197, 5148, 539, 2171, 2575, 1615, 4032, 2592, 5425, 350, 201, 2074, 3364, 3764, 2122, 3738, 1086, 4460, 400, 63, 1662, 286, 291, 693, 3484, 2629, 4674, 2334, 1913, 4762, 2824, 4767, 4750, 4965, 1785, 2069, 583, 1797, 5051, 4848, 2634, 1507, 4085, 5159, 3279, 3927, 4, 550, 5447, 207, 2799, 551, 5144, 2563, 146, 4989, 4400, 2113, 434, 27, 4129, 3768, 3668, 3459, 3091, 1215, 4091, 1681, 2872, 4014, 4194, 779, 4029, 3756, 4760, 2476, 1749, 4658, 4871, 4348, 2757, 646, 1897, 2195, 316, 716, 4208, 5383, 825, 5370, 3078, 3778, 1702, 3984, 3847, 1150, 4300, 649, 4808, 3775, 4935, 3159, 687, 1223, 946, 4538, 4535, 3077, 5359, 780, 477, 2524, 371, 5142, 3611, 62, 1069, 4193, 883, 4130, 4328, 622, 4974, 1436, 4519, 1762, 4238, 3012, 3554, 4026, 3342, 4182, 5410, 1407, 2736, 913, 4045, 182, 1382, 3625, 1351, 3839, 3583, 2938, 46, 829, 5326, 2230, 612, 5021, 3121, 1127, 3006, 1852, 329, 118, 3794, 4081, 72, 1330, 519, 1195, 2017, 1920, 314, 1129, 3544, 1000, 282, 4041, 2857, 324, 2210, 5283, 2272, 4438, 10, 5341, 4447, 5120, 4167, 1047, 742, 4222, 2916, 3377, 2533, 2707, 2819, 42, 3054, 703, 1519, 1891, 1740, 2997, 347, 5190, 3489, 4284, 833, 4467, 2603, 4198, 4987, 4303, 2483, 435, 4121, 2536, 3048, 2561, 4425, 3177, 2774, 5313, 5078, 1804, 2780, 317, 1372, 1842, 2517, 35, 4283, 3692, 794, 4047, 4496, 4319, 1623, 896, 4416, 3383, 2217, 2330, 2026, 2565, 890, 1423, 3773, 2941, 4926, 2977, 256, 2755, 3724, 1697, 3141, 3189, 2520, 402, 1159, 1593, 508, 1536, 2376, 2842, 691, 3596, 2321, 1576, 5411, 2201, 2532, 4138, 4631, 3815, 4657, 2905, 3472, 4518, 4823, 4810, 2892, 4073, 2806, 3715, 31, 2372, 1782, 2133, 1893, 3932, 4602, 3997, 1607, 1238, 4296, 1350, 4498, 4735, 1489, 4877, 845, 1630, 3469, 4143, 4002, 106, 2773, 2881, 287, 2062, 1757, 4230, 1627, 830, 563, 1196, 2460, 5333, 2472, 1067, 1377, 4844, 3515, 4552, 958, 4347, 1170, 1543, 3120, 2239, 28, 4909, 3026, 515, 3293, 1948, 4948, 76, 970, 840, 4011, 2675, 4050, 37, 108, 4651, 3319, 3660, 5160, 4768, 1911, 5345, 23, 4419, 1815, 447, 581, 4426, 893, 2756, 1864, 4418, 4444, 1411, 3446, 3278, 1618, 4786, 3998, 2055, 2795, 4841, 1599, 1044, 2418, 2206, 1394, 3409, 4428, 5301, 5139, 4504, 3974, 4123, 2414, 3527, 4244, 4985, 3310, 3975, 1318, 952, 4822, 3414, 2223, 1506, 627, 3094, 1236, 4642, 2481, 1629, 4509, 4265, 3829, 4149, 3249, 426, 3817, 2571, 3894, 4662, 744, 4561, 1926, 3576, 2655, 1714, 2072, 1559, 3358, 4741, 2526, 2896, 5132, 613, 4331, 1969, 1727, 1293, 871, 5264, 4669, 1505, 1095]",10,750,1,False,750
352,numeric,entity,1,True,False,True,"{2: 151, 1: 172, 5: 122, 3: 154, 4: 141, 0: 10}","[4097, 1548, 5419, 4731, 3902, 3380, 4432, 3710, 3542, 3991, 4880, 2494, 2930, 1237, 5356, 235, 4127, 3911, 217, 3274, 932, 1468, 2624, 2837, 3687, 1483, 2116, 3691, 4885, 1822, 1115, 1952, 4887, 876, 2002, 4576, 3443, 5286, 2441, 4713, 121, 2388, 292, 5439, 83, 4206, 4866, 1120, 5436, 1558, 1312, 2596, 3921, 1887, 388, 2130, 1360, 1525, 4673, 4770, 3790, 1675, 2897, 556, 4577, 4946, 2628, 1915, 2862, 5186, 4722, 3211, 2127, 2225, 352, 1392, 1877, 2901, 1025, 4799, 1285, 2739, 5107, 4436, 415, 2864, 15, 2351, 4600, 2046, 3401, 650, 3938, 1545, 226, 4522, 992, 5069, 534, 18, 335, 3566, 3064, 2698, 989, 123, 1932, 4178, 3670, 4847, 1514, 2273, 1786, 574, 2856, 3256, 618, 4694, 5405, 4404, 2676, 3762, 5255, 3755, 2485, 5321, 536, 233, 3760, 1837, 4431, 3948, 5252, 3797, 1538, 13, 1387, 1886, 1994, 2954, 4108, 3432, 3881, 4477, 2919, 4613, 5175, 714, 1719, 4590, 3976, 3180, 2250, 2329, 3919, 5171, 3330, 2506, 3126, 3434, 223, 1272, 1304, 2738, 3311, 1290, 3073, 3199, 5388, 1989, 2828, 1431, 2509, 1643, 3373, 2821, 1188, 2859, 1955, 510, 1486, 595, 2764, 2793, 2298, 708, 1768, 5056, 5179, 4869, 2794, 2360, 4895, 1094, 5372, 2311, 2488, 1066, 2618, 429, 571, 2244, 2290, 1380, 2387, 68, 2439, 1878, 3749, 4145, 3746, 4125, 1315, 2150, 4656, 348, 770, 3019, 2275, 587, 315, 4120, 36, 2855, 3651, 2566, 4293, 640, 1490, 4054, 4959, 1835, 2354, 3522, 4901, 1243, 1571, 3332, 652, 2068, 1808, 5156, 1114, 4716, 2121, 5117, 4747, 4593, 451, 3953, 2782, 2461, 5091, 4920, 4668, 3397, 5247, 1260, 297, 2704, 3504, 3203, 2900, 384, 157, 4868, 3488, 5245, 3173, 1647, 3273, 1192, 3908, 38, 3992, 749, 5294, 3848, 860, 2479, 2459, 867, 3218, 4838, 4482, 20, 1521, 1641, 122, 3118, 2063, 2400, 3519, 1063, 2035, 3442, 2890, 1763, 2119, 5400, 1961, 4854, 2292, 2772, 527, 4917, 4955, 2172, 1186, 4006, 1388, 4382, 4717, 2798, 831, 1206, 189, 5149, 4021, 507, 3599, 3197, 5148, 539, 2171, 2575, 1615, 4032, 2592, 5425, 350, 201, 2074, 3364, 3764, 2122, 3738, 1086, 4460, 400, 63, 1662, 286, 291, 693, 3484, 2629, 4674, 2334, 1913, 4762, 2824, 4767, 4750, 4965, 1785, 2069, 583, 1797, 5051, 4848, 2634, 1507, 4085, 5159, 3279, 3927, 4, 550, 5447, 207, 2799, 551, 5144, 2563, 146, 4989, 4400, 2113, 434, 27, 4129, 3768, 3668, 3459, 3091, 1215, 4091, 1681, 2872, 4014, 4194, 779, 4029, 3756, 4760, 2476, 1749, 4658, 4871, 4348, 2757, 646, 1897, 2195, 316, 716, 4208, 5383, 825, 5370, 3078, 3778, 1702, 3984, 3847, 1150, 4300, 649, 4808, 3775, 4935, 3159, 687, 1223, 946, 4538, 4535, 3077, 5359, 780, 477, 2524, 371, 5142, 3611, 62, 1069, 4193, 883, 4130, 4328, 622, 4974, 1436, 4519, 1762, 4238, 3012, 3554, 4026, 3342, 4182, 5410, 1407, 2736, 913, 4045, 182, 1382, 3625, 1351, 3839, 3583, 2938, 46, 829, 5326, 2230, 612, 5021, 3121, 1127, 3006, 1852, 329, 118, 3794, 4081, 72, 1330, 519, 1195, 2017, 1920, 314, 1129, 3544, 1000, 282, 4041, 2857, 324, 2210, 5283, 2272, 4438, 10, 5341, 4447, 5120, 4167, 1047, 742, 4222, 2916, 3377, 2533, 2707, 2819, 42, 3054, 703, 1519, 1891, 1740, 2997, 347, 5190, 3489, 4284, 833, 4467, 2603, 4198, 4987, 4303, 2483, 435, 4121, 2536, 3048, 2561, 4425, 3177, 2774, 5313, 5078, 1804, 2780, 317, 1372, 1842, 2517, 35, 4283, 3692, 794, 4047, 4496, 4319, 1623, 896, 4416, 3383, 2217, 2330, 2026, 2565, 890, 1423, 3773, 2941, 4926, 2977, 256, 2755, 3724, 1697, 3141, 3189, 2520, 402, 1159, 1593, 508, 1536, 2376, 2842, 691, 3596, 2321, 1576, 5411, 2201, 2532, 4138, 4631, 3815, 4657, 2905, 3472, 4518, 4823, 4810, 2892, 4073, 2806, 3715, 31, 2372, 1782, 2133, 1893, 3932, 4602, 3997, 1607, 1238, 4296, 1350, 4498, 4735, 1489, 4877, 845, 1630, 3469, 4143, 4002, 106, 2773, 2881, 287, 2062, 1757, 4230, 1627, 830, 563, 1196, 2460, 5333, 2472, 1067, 1377, 4844, 3515, 4552, 958, 4347, 1170, 1543, 3120, 2239, 28, 4909, 3026, 515, 3293, 1948, 4948, 76, 970, 840, 4011, 2675, 4050, 37, 108, 4651, 3319, 3660, 5160, 4768, 1911, 5345, 23, 4419, 1815, 447, 581, 4426, 893, 2756, 1864, 4418, 4444, 1411, 3446, 3278, 1618, 4786, 3998, 2055, 2795, 4841, 1599, 1044, 2418, 2206, 1394, 3409, 4428, 5301, 5139, 4504, 3974, 4123, 2414, 3527, 4244, 4985, 3310, 3975, 1318, 952, 4822, 3414, 2223, 1506, 627, 3094, 1236, 4642, 2481, 1629, 4509, 4265, 3829, 4149, 3249, 426, 3817, 2571, 3894, 4662, 744, 4561, 1926, 3576, 2655, 1714, 2072, 1559, 3358, 4741, 2526, 2896, 5132, 613, 4331, 1969, 1727, 1293, 871, 5264, 4669, 1505, 1095]",352,750,1,False,750
275,numeric,description,2,True,False,True,"{2: 151, 1: 172, 5: 122, 3: 154, 4: 141, 0: 10}","[4097, 1548, 5419, 4731, 3902, 3380, 4432, 3710, 3542, 3991, 4880, 2494, 2930, 1237, 5356, 235, 4127, 3911, 217, 3274, 932, 1468, 2624, 2837, 3687, 1483, 2116, 3691, 4885, 1822, 1115, 1952, 4887, 876, 2002, 4576, 3443, 5286, 2441, 4713, 121, 2388, 292, 5439, 83, 4206, 4866, 1120, 5436, 1558, 1312, 2596, 3921, 1887, 388, 2130, 1360, 1525, 4673, 4770, 3790, 1675, 2897, 556, 4577, 4946, 2628, 1915, 2862, 5186, 4722, 3211, 2127, 2225, 352, 1392, 1877, 2901, 1025, 4799, 1285, 2739, 5107, 4436, 415, 2864, 15, 2351, 4600, 2046, 3401, 650, 3938, 1545, 226, 4522, 992, 5069, 534, 18, 335, 3566, 3064, 2698, 989, 123, 1932, 4178, 3670, 4847, 1514, 2273, 1786, 574, 2856, 3256, 618, 4694, 5405, 4404, 2676, 3762, 5255, 3755, 2485, 5321, 536, 233, 3760, 1837, 4431, 3948, 5252, 3797, 1538, 13, 1387, 1886, 1994, 2954, 4108, 3432, 3881, 4477, 2919, 4613, 5175, 714, 1719, 4590, 3976, 3180, 2250, 2329, 3919, 5171, 3330, 2506, 3126, 3434, 223, 1272, 1304, 2738, 3311, 1290, 3073, 3199, 5388, 1989, 2828, 1431, 2509, 1643, 3373, 2821, 1188, 2859, 1955, 510, 1486, 595, 2764, 2793, 2298, 708, 1768, 5056, 5179, 4869, 2794, 2360, 4895, 1094, 5372, 2311, 2488, 1066, 2618, 429, 571, 2244, 2290, 1380, 2387, 68, 2439, 1878, 3749, 4145, 3746, 4125, 1315, 2150, 4656, 348, 770, 3019, 2275, 587, 315, 4120, 36, 2855, 3651, 2566, 4293, 640, 1490, 4054, 4959, 1835, 2354, 3522, 4901, 1243, 1571, 3332, 652, 2068, 1808, 5156, 1114, 4716, 2121, 5117, 4747, 4593, 451, 3953, 2782, 2461, 5091, 4920, 4668, 3397, 5247, 1260, 297, 2704, 3504, 3203, 2900, 384, 157, 4868, 3488, 5245, 3173, 1647, 3273, 1192, 3908, 38, 3992, 749, 5294, 3848, 860, 2479, 2459, 867, 3218, 4838, 4482, 20, 1521, 1641, 122, 3118, 2063, 2400, 3519, 1063, 2035, 3442, 2890, 1763, 2119, 5400, 1961, 4854, 2292, 2772, 527, 4917, 4955, 2172, 1186, 4006, 1388, 4382, 4717, 2798, 831, 1206, 189, 5149, 4021, 507, 3599, 3197, 5148, 539, 2171, 2575, 1615, 4032, 2592, 5425, 350, 201, 2074, 3364, 3764, 2122, 3738, 1086, 4460, 400, 63, 1662, 286, 291, 693, 3484, 2629, 4674, 2334, 1913, 4762, 2824, 4767, 4750, 4965, 1785, 2069, 583, 1797, 5051, 4848, 2634, 1507, 4085, 5159, 3279, 3927, 4, 550, 5447, 207, 2799, 551, 5144, 2563, 146, 4989, 4400, 2113, 434, 27, 4129, 3768, 3668, 3459, 3091, 1215, 4091, 1681, 2872, 4014, 4194, 779, 4029, 3756, 4760, 2476, 1749, 4658, 4871, 4348, 2757, 646, 1897, 2195, 316, 716, 4208, 5383, 825, 5370, 3078, 3778, 1702, 3984, 3847, 1150, 4300, 649, 4808, 3775, 4935, 3159, 687, 1223, 946, 4538, 4535, 3077, 5359, 780, 477, 2524, 371, 5142, 3611, 62, 1069, 4193, 883, 4130, 4328, 622, 4974, 1436, 4519, 1762, 4238, 3012, 3554, 4026, 3342, 4182, 5410, 1407, 2736, 913, 4045, 182, 1382, 3625, 1351, 3839, 3583, 2938, 46, 829, 5326, 2230, 612, 5021, 3121, 1127, 3006, 1852, 329, 118, 3794, 4081, 72, 1330, 519, 1195, 2017, 1920, 314, 1129, 3544, 1000, 282, 4041, 2857, 324, 2210, 5283, 2272, 4438, 10, 5341, 4447, 5120, 4167, 1047, 742, 4222, 2916, 3377, 2533, 2707, 2819, 42, 3054, 703, 1519, 1891, 1740, 2997, 347, 5190, 3489, 4284, 833, 4467, 2603, 4198, 4987, 4303, 2483, 435, 4121, 2536, 3048, 2561, 4425, 3177, 2774, 5313, 5078, 1804, 2780, 317, 1372, 1842, 2517, 35, 4283, 3692, 794, 4047, 4496, 4319, 1623, 896, 4416, 3383, 2217, 2330, 2026, 2565, 890, 1423, 3773, 2941, 4926, 2977, 256, 2755, 3724, 1697, 3141, 3189, 2520, 402, 1159, 1593, 508, 1536, 2376, 2842, 691, 3596, 2321, 1576, 5411, 2201, 2532, 4138, 4631, 3815, 4657, 2905, 3472, 4518, 4823, 4810, 2892, 4073, 2806, 3715, 31, 2372, 1782, 2133, 1893, 3932, 4602, 3997, 1607, 1238, 4296, 1350, 4498, 4735, 1489, 4877, 845, 1630, 3469, 4143, 4002, 106, 2773, 2881, 287, 2062, 1757, 4230, 1627, 830, 563, 1196, 2460, 5333, 2472, 1067, 1377, 4844, 3515, 4552, 958, 4347, 1170, 1543, 3120, 2239, 28, 4909, 3026, 515, 3293, 1948, 4948, 76, 970, 840, 4011, 2675, 4050, 37, 108, 4651, 3319, 3660, 5160, 4768, 1911, 5345, 23, 4419, 1815, 447, 581, 4426, 893, 2756, 1864, 4418, 4444, 1411, 3446, 3278, 1618, 4786, 3998, 2055, 2795, 4841, 1599, 1044, 2418, 2206, 1394, 3409, 4428, 5301, 5139, 4504, 3974, 4123, 2414, 3527, 4244, 4985, 3310, 3975, 1318, 952, 4822, 3414, 2223, 1506, 627, 3094, 1236, 4642, 2481, 1629, 4509, 4265, 3829, 4149, 3249, 426, 3817, 2571, 3894, 4662, 744, 4561, 1926, 3576, 2655, 1714, 2072, 1559, 3358, 4741, 2526, 2896, 5132, 613, 4331, 1969, 1727, 1293, 871, 5264, 4669, 1505, 1095]",275,750,1,False,750
277,numeric,numeric,5,True,True,True,"{2: 151, 1: 172, 5: 122, 3: 154, 4: 141, 0: 10}","[4097, 1548, 5419, 4731, 3902, 3380, 4432, 3710, 3542, 3991, 4880, 2494, 2930, 1237, 5356, 235, 4127, 3911, 217, 3274, 932, 1468, 2624, 2837, 3687, 1483, 2116, 3691, 4885, 1822, 1115, 1952, 4887, 876, 2002, 4576, 3443, 5286, 2441, 4713, 121, 2388, 292, 5439, 83, 4206, 4866, 1120, 5436, 1558, 1312, 2596, 3921, 1887, 388, 2130, 1360, 1525, 4673, 4770, 3790, 1675, 2897, 556, 4577, 4946, 2628, 1915, 2862, 5186, 4722, 3211, 2127, 2225, 352, 1392, 1877, 2901, 1025, 4799, 1285, 2739, 5107, 4436, 415, 2864, 15, 2351, 4600, 2046, 3401, 650, 3938, 1545, 226, 4522, 992, 5069, 534, 18, 335, 3566, 3064, 2698, 989, 123, 1932, 4178, 3670, 4847, 1514, 2273, 1786, 574, 2856, 3256, 618, 4694, 5405, 4404, 2676, 3762, 5255, 3755, 2485, 5321, 536, 233, 3760, 1837, 4431, 3948, 5252, 3797, 1538, 13, 1387, 1886, 1994, 2954, 4108, 3432, 3881, 4477, 2919, 4613, 5175, 714, 1719, 4590, 3976, 3180, 2250, 2329, 3919, 5171, 3330, 2506, 3126, 3434, 223, 1272, 1304, 2738, 3311, 1290, 3073, 3199, 5388, 1989, 2828, 1431, 2509, 1643, 3373, 2821, 1188, 2859, 1955, 510, 1486, 595, 2764, 2793, 2298, 708, 1768, 5056, 5179, 4869, 2794, 2360, 4895, 1094, 5372, 2311, 2488, 1066, 2618, 429, 571, 2244, 2290, 1380, 2387, 68, 2439, 1878, 3749, 4145, 3746, 4125, 1315, 2150, 4656, 348, 770, 3019, 2275, 587, 315, 4120, 36, 2855, 3651, 2566, 4293, 640, 1490, 4054, 4959, 1835, 2354, 3522, 4901, 1243, 1571, 3332, 652, 2068, 1808, 5156, 1114, 4716, 2121, 5117, 4747, 4593, 451, 3953, 2782, 2461, 5091, 4920, 4668, 3397, 5247, 1260, 297, 2704, 3504, 3203, 2900, 384, 157, 4868, 3488, 5245, 3173, 1647, 3273, 1192, 3908, 38, 3992, 749, 5294, 3848, 860, 2479, 2459, 867, 3218, 4838, 4482, 20, 1521, 1641, 122, 3118, 2063, 2400, 3519, 1063, 2035, 3442, 2890, 1763, 2119, 5400, 1961, 4854, 2292, 2772, 527, 4917, 4955, 2172, 1186, 4006, 1388, 4382, 4717, 2798, 831, 1206, 189, 5149, 4021, 507, 3599, 3197, 5148, 539, 2171, 2575, 1615, 4032, 2592, 5425, 350, 201, 2074, 3364, 3764, 2122, 3738, 1086, 4460, 400, 63, 1662, 286, 291, 693, 3484, 2629, 4674, 2334, 1913, 4762, 2824, 4767, 4750, 4965, 1785, 2069, 583, 1797, 5051, 4848, 2634, 1507, 4085, 5159, 3279, 3927, 4, 550, 5447, 207, 2799, 551, 5144, 2563, 146, 4989, 4400, 2113, 434, 27, 4129, 3768, 3668, 3459, 3091, 1215, 4091, 1681, 2872, 4014, 4194, 779, 4029, 3756, 4760, 2476, 1749, 4658, 4871, 4348, 2757, 646, 1897, 2195, 316, 716, 4208, 5383, 825, 5370, 3078, 3778, 1702, 3984, 3847, 1150, 4300, 649, 4808, 3775, 4935, 3159, 687, 1223, 946, 4538, 4535, 3077, 5359, 780, 477, 2524, 371, 5142, 3611, 62, 1069, 4193, 883, 4130, 4328, 622, 4974, 1436, 4519, 1762, 4238, 3012, 3554, 4026, 3342, 4182, 5410, 1407, 2736, 913, 4045, 182, 1382, 3625, 1351, 3839, 3583, 2938, 46, 829, 5326, 2230, 612, 5021, 3121, 1127, 3006, 1852, 329, 118, 3794, 4081, 72, 1330, 519, 1195, 2017, 1920, 314, 1129, 3544, 1000, 282, 4041, 2857, 324, 2210, 5283, 2272, 4438, 10, 5341, 4447, 5120, 4167, 1047, 742, 4222, 2916, 3377, 2533, 2707, 2819, 42, 3054, 703, 1519, 1891, 1740, 2997, 347, 5190, 3489, 4284, 833, 4467, 2603, 4198, 4987, 4303, 2483, 435, 4121, 2536, 3048, 2561, 4425, 3177, 2774, 5313, 5078, 1804, 2780, 317, 1372, 1842, 2517, 35, 4283, 3692, 794, 4047, 4496, 4319, 1623, 896, 4416, 3383, 2217, 2330, 2026, 2565, 890, 1423, 3773, 2941, 4926, 2977, 256, 2755, 3724, 1697, 3141, 3189, 2520, 402, 1159, 1593, 508, 1536, 2376, 2842, 691, 3596, 2321, 1576, 5411, 2201, 2532, 4138, 4631, 3815, 4657, 2905, 3472, 4518, 4823, 4810, 2892, 4073, 2806, 3715, 31, 2372, 1782, 2133, 1893, 3932, 4602, 3997, 1607, 1238, 4296, 1350, 4498, 4735, 1489, 4877, 845, 1630, 3469, 4143, 4002, 106, 2773, 2881, 287, 2062, 1757, 4230, 1627, 830, 563, 1196, 2460, 5333, 2472, 1067, 1377, 4844, 3515, 4552, 958, 4347, 1170, 1543, 3120, 2239, 28, 4909, 3026, 515, 3293, 1948, 4948, 76, 970, 840, 4011, 2675, 4050, 37, 108, 4651, 3319, 3660, 5160, 4768, 1911, 5345, 23, 4419, 1815, 447, 581, 4426, 893, 2756, 1864, 4418, 4444, 1411, 3446, 3278, 1618, 4786, 3998, 2055, 2795, 4841, 1599, 1044, 2418, 2206, 1394, 3409, 4428, 5301, 5139, 4504, 3974, 4123, 2414, 3527, 4244, 4985, 3310, 3975, 1318, 952, 4822, 3414, 2223, 1506, 627, 3094, 1236, 4642, 2481, 1629, 4509, 4265, 3829, 4149, 3249, 426, 3817, 2571, 3894, 4662, 744, 4561, 1926, 3576, 2655, 1714, 2072, 1559, 3358, 4741, 2526, 2896, 5132, 613, 4331, 1969, 1727, 1293, 871, 5264, 4669, 1505, 1095]",277,750,1,False,750
327,numeric,numeric,5,True,True,True,"{2: 151, 1: 172, 5: 122, 3: 154, 4: 141, 0: 10}","[4097, 1548, 5419, 4731, 3902, 3380, 4432, 3710, 3542, 3991, 4880, 2494, 2930, 1237, 5356, 235, 4127, 3911, 217, 3274, 932, 1468, 2624, 2837, 3687, 1483, 2116, 3691, 4885, 1822, 1115, 1952, 4887, 876, 2002, 4576, 3443, 5286, 2441, 4713, 121, 2388, 292, 5439, 83, 4206, 4866, 1120, 5436, 1558, 1312, 2596, 3921, 1887, 388, 2130, 1360, 1525, 4673, 4770, 3790, 1675, 2897, 556, 4577, 4946, 2628, 1915, 2862, 5186, 4722, 3211, 2127, 2225, 352, 1392, 1877, 2901, 1025, 4799, 1285, 2739, 5107, 4436, 415, 2864, 15, 2351, 4600, 2046, 3401, 650, 3938, 1545, 226, 4522, 992, 5069, 534, 18, 335, 3566, 3064, 2698, 989, 123, 1932, 4178, 3670, 4847, 1514, 2273, 1786, 574, 2856, 3256, 618, 4694, 5405, 4404, 2676, 3762, 5255, 3755, 2485, 5321, 536, 233, 3760, 1837, 4431, 3948, 5252, 3797, 1538, 13, 1387, 1886, 1994, 2954, 4108, 3432, 3881, 4477, 2919, 4613, 5175, 714, 1719, 4590, 3976, 3180, 2250, 2329, 3919, 5171, 3330, 2506, 3126, 3434, 223, 1272, 1304, 2738, 3311, 1290, 3073, 3199, 5388, 1989, 2828, 1431, 2509, 1643, 3373, 2821, 1188, 2859, 1955, 510, 1486, 595, 2764, 2793, 2298, 708, 1768, 5056, 5179, 4869, 2794, 2360, 4895, 1094, 5372, 2311, 2488, 1066, 2618, 429, 571, 2244, 2290, 1380, 2387, 68, 2439, 1878, 3749, 4145, 3746, 4125, 1315, 2150, 4656, 348, 770, 3019, 2275, 587, 315, 4120, 36, 2855, 3651, 2566, 4293, 640, 1490, 4054, 4959, 1835, 2354, 3522, 4901, 1243, 1571, 3332, 652, 2068, 1808, 5156, 1114, 4716, 2121, 5117, 4747, 4593, 451, 3953, 2782, 2461, 5091, 4920, 4668, 3397, 5247, 1260, 297, 2704, 3504, 3203, 2900, 384, 157, 4868, 3488, 5245, 3173, 1647, 3273, 1192, 3908, 38, 3992, 749, 5294, 3848, 860, 2479, 2459, 867, 3218, 4838, 4482, 20, 1521, 1641, 122, 3118, 2063, 2400, 3519, 1063, 2035, 3442, 2890, 1763, 2119, 5400, 1961, 4854, 2292, 2772, 527, 4917, 4955, 2172, 1186, 4006, 1388, 4382, 4717, 2798, 831, 1206, 189, 5149, 4021, 507, 3599, 3197, 5148, 539, 2171, 2575, 1615, 4032, 2592, 5425, 350, 201, 2074, 3364, 3764, 2122, 3738, 1086, 4460, 400, 63, 1662, 286, 291, 693, 3484, 2629, 4674, 2334, 1913, 4762, 2824, 4767, 4750, 4965, 1785, 2069, 583, 1797, 5051, 4848, 2634, 1507, 4085, 5159, 3279, 3927, 4, 550, 5447, 207, 2799, 551, 5144, 2563, 146, 4989, 4400, 2113, 434, 27, 4129, 3768, 3668, 3459, 3091, 1215, 4091, 1681, 2872, 4014, 4194, 779, 4029, 3756, 4760, 2476, 1749, 4658, 4871, 4348, 2757, 646, 1897, 2195, 316, 716, 4208, 5383, 825, 5370, 3078, 3778, 1702, 3984, 3847, 1150, 4300, 649, 4808, 3775, 4935, 3159, 687, 1223, 946, 4538, 4535, 3077, 5359, 780, 477, 2524, 371, 5142, 3611, 62, 1069, 4193, 883, 4130, 4328, 622, 4974, 1436, 4519, 1762, 4238, 3012, 3554, 4026, 3342, 4182, 5410, 1407, 2736, 913, 4045, 182, 1382, 3625, 1351, 3839, 3583, 2938, 46, 829, 5326, 2230, 612, 5021, 3121, 1127, 3006, 1852, 329, 118, 3794, 4081, 72, 1330, 519, 1195, 2017, 1920, 314, 1129, 3544, 1000, 282, 4041, 2857, 324, 2210, 5283, 2272, 4438, 10, 5341, 4447, 5120, 4167, 1047, 742, 4222, 2916, 3377, 2533, 2707, 2819, 42, 3054, 703, 1519, 1891, 1740, 2997, 347, 5190, 3489, 4284, 833, 4467, 2603, 4198, 4987, 4303, 2483, 435, 4121, 2536, 3048, 2561, 4425, 3177, 2774, 5313, 5078, 1804, 2780, 317, 1372, 1842, 2517, 35, 4283, 3692, 794, 4047, 4496, 4319, 1623, 896, 4416, 3383, 2217, 2330, 2026, 2565, 890, 1423, 3773, 2941, 4926, 2977, 256, 2755, 3724, 1697, 3141, 3189, 2520, 402, 1159, 1593, 508, 1536, 2376, 2842, 691, 3596, 2321, 1576, 5411, 2201, 2532, 4138, 4631, 3815, 4657, 2905, 3472, 4518, 4823, 4810, 2892, 4073, 2806, 3715, 31, 2372, 1782, 2133, 1893, 3932, 4602, 3997, 1607, 1238, 4296, 1350, 4498, 4735, 1489, 4877, 845, 1630, 3469, 4143, 4002, 106, 2773, 2881, 287, 2062, 1757, 4230, 1627, 830, 563, 1196, 2460, 5333, 2472, 1067, 1377, 4844, 3515, 4552, 958, 4347, 1170, 1543, 3120, 2239, 28, 4909, 3026, 515, 3293, 1948, 4948, 76, 970, 840, 4011, 2675, 4050, 37, 108, 4651, 3319, 3660, 5160, 4768, 1911, 5345, 23, 4419, 1815, 447, 581, 4426, 893, 2756, 1864, 4418, 4444, 1411, 3446, 3278, 1618, 4786, 3998, 2055, 2795, 4841, 1599, 1044, 2418, 2206, 1394, 3409, 4428, 5301, 5139, 4504, 3974, 4123, 2414, 3527, 4244, 4985, 3310, 3975, 1318, 952, 4822, 3414, 2223, 1506, 627, 3094, 1236, 4642, 2481, 1629, 4509, 4265, 3829, 4149, 3249, 426, 3817, 2571, 3894, 4662, 744, 4561, 1926, 3576, 2655, 1714, 2072, 1559, 3358, 4741, 2526, 2896, 5132, 613, 4331, 1969, 1727, 1293, 871, 5264, 4669, 1505, 1095]",327,750,1,False,750
151,human,human,3,True,True,True,"{2: 151, 1: 172, 5: 122, 3: 154, 4: 141, 0: 10}","[4097, 1548, 5419, 4731, 3902, 3380, 4432, 3710, 3542, 3991, 4880, 2494, 2930, 1237, 5356, 235, 4127, 3911, 217, 3274, 932, 1468, 2624, 2837, 3687, 1483, 2116, 3691, 4885, 1822, 1115, 1952, 4887, 876, 2002, 4576, 3443, 5286, 2441, 4713, 121, 2388, 292, 5439, 83, 4206, 4866, 1120, 5436, 1558, 1312, 2596, 3921, 1887, 388, 2130, 1360, 1525, 4673, 4770, 3790, 1675, 2897, 556, 4577, 4946, 2628, 1915, 2862, 5186, 4722, 3211, 2127, 2225, 352, 1392, 1877, 2901, 1025, 4799, 1285, 2739, 5107, 4436, 415, 2864, 15, 2351, 4600, 2046, 3401, 650, 3938, 1545, 226, 4522, 992, 5069, 534, 18, 335, 3566, 3064, 2698, 989, 123, 1932, 4178, 3670, 4847, 1514, 2273, 1786, 574, 2856, 3256, 618, 4694, 5405, 4404, 2676, 3762, 5255, 3755, 2485, 5321, 536, 233, 3760, 1837, 4431, 3948, 5252, 3797, 1538, 13, 1387, 1886, 1994, 2954, 4108, 3432, 3881, 4477, 2919, 4613, 5175, 714, 1719, 4590, 3976, 3180, 2250, 2329, 3919, 5171, 3330, 2506, 3126, 3434, 223, 1272, 1304, 2738, 3311, 1290, 3073, 3199, 5388, 1989, 2828, 1431, 2509, 1643, 3373, 2821, 1188, 2859, 1955, 510, 1486, 595, 2764, 2793, 2298, 708, 1768, 5056, 5179, 4869, 2794, 2360, 4895, 1094, 5372, 2311, 2488, 1066, 2618, 429, 571, 2244, 2290, 1380, 2387, 68, 2439, 1878, 3749, 4145, 3746, 4125, 1315, 2150, 4656, 348, 770, 3019, 2275, 587, 315, 4120, 36, 2855, 3651, 2566, 4293, 640, 1490, 4054, 4959, 1835, 2354, 3522, 4901, 1243, 1571, 3332, 652, 2068, 1808, 5156, 1114, 4716, 2121, 5117, 4747, 4593, 451, 3953, 2782, 2461, 5091, 4920, 4668, 3397, 5247, 1260, 297, 2704, 3504, 3203, 2900, 384, 157, 4868, 3488, 5245, 3173, 1647, 3273, 1192, 3908, 38, 3992, 749, 5294, 3848, 860, 2479, 2459, 867, 3218, 4838, 4482, 20, 1521, 1641, 122, 3118, 2063, 2400, 3519, 1063, 2035, 3442, 2890, 1763, 2119, 5400, 1961, 4854, 2292, 2772, 527, 4917, 4955, 2172, 1186, 4006, 1388, 4382, 4717, 2798, 831, 1206, 189, 5149, 4021, 507, 3599, 3197, 5148, 539, 2171, 2575, 1615, 4032, 2592, 5425, 350, 201, 2074, 3364, 3764, 2122, 3738, 1086, 4460, 400, 63, 1662, 286, 291, 693, 3484, 2629, 4674, 2334, 1913, 4762, 2824, 4767, 4750, 4965, 1785, 2069, 583, 1797, 5051, 4848, 2634, 1507, 4085, 5159, 3279, 3927, 4, 550, 5447, 207, 2799, 551, 5144, 2563, 146, 4989, 4400, 2113, 434, 27, 4129, 3768, 3668, 3459, 3091, 1215, 4091, 1681, 2872, 4014, 4194, 779, 4029, 3756, 4760, 2476, 1749, 4658, 4871, 4348, 2757, 646, 1897, 2195, 316, 716, 4208, 5383, 825, 5370, 3078, 3778, 1702, 3984, 3847, 1150, 4300, 649, 4808, 3775, 4935, 3159, 687, 1223, 946, 4538, 4535, 3077, 5359, 780, 477, 2524, 371, 5142, 3611, 62, 1069, 4193, 883, 4130, 4328, 622, 4974, 1436, 4519, 1762, 4238, 3012, 3554, 4026, 3342, 4182, 5410, 1407, 2736, 913, 4045, 182, 1382, 3625, 1351, 3839, 3583, 2938, 46, 829, 5326, 2230, 612, 5021, 3121, 1127, 3006, 1852, 329, 118, 3794, 4081, 72, 1330, 519, 1195, 2017, 1920, 314, 1129, 3544, 1000, 282, 4041, 2857, 324, 2210, 5283, 2272, 4438, 10, 5341, 4447, 5120, 4167, 1047, 742, 4222, 2916, 3377, 2533, 2707, 2819, 42, 3054, 703, 1519, 1891, 1740, 2997, 347, 5190, 3489, 4284, 833, 4467, 2603, 4198, 4987, 4303, 2483, 435, 4121, 2536, 3048, 2561, 4425, 3177, 2774, 5313, 5078, 1804, 2780, 317, 1372, 1842, 2517, 35, 4283, 3692, 794, 4047, 4496, 4319, 1623, 896, 4416, 3383, 2217, 2330, 2026, 2565, 890, 1423, 3773, 2941, 4926, 2977, 256, 2755, 3724, 1697, 3141, 3189, 2520, 402, 1159, 1593, 508, 1536, 2376, 2842, 691, 3596, 2321, 1576, 5411, 2201, 2532, 4138, 4631, 3815, 4657, 2905, 3472, 4518, 4823, 4810, 2892, 4073, 2806, 3715, 31, 2372, 1782, 2133, 1893, 3932, 4602, 3997, 1607, 1238, 4296, 1350, 4498, 4735, 1489, 4877, 845, 1630, 3469, 4143, 4002, 106, 2773, 2881, 287, 2062, 1757, 4230, 1627, 830, 563, 1196, 2460, 5333, 2472, 1067, 1377, 4844, 3515, 4552, 958, 4347, 1170, 1543, 3120, 2239, 28, 4909, 3026, 515, 3293, 1948, 4948, 76, 970, 840, 4011, 2675, 4050, 37, 108, 4651, 3319, 3660, 5160, 4768, 1911, 5345, 23, 4419, 1815, 447, 581, 4426, 893, 2756, 1864, 4418, 4444, 1411, 3446, 3278, 1618, 4786, 3998, 2055, 2795, 4841, 1599, 1044, 2418, 2206, 1394, 3409, 4428, 5301, 5139, 4504, 3974, 4123, 2414, 3527, 4244, 4985, 3310, 3975, 1318, 952, 4822, 3414, 2223, 1506, 627, 3094, 1236, 4642, 2481, 1629, 4509, 4265, 3829, 4149, 3249, 426, 3817, 2571, 3894, 4662, 744, 4561, 1926, 3576, 2655, 1714, 2072, 1559, 3358, 4741, 2526, 2896, 5132, 613, 4331, 1969, 1727, 1293, 871, 5264, 4669, 1505, 1095]",151,750,1,False,750
222,numeric,description,2,True,False,True,"{2: 151, 1: 172, 5: 122, 3: 154, 4: 141, 0: 10}","[4097, 1548, 5419, 4731, 3902, 3380, 4432, 3710, 3542, 3991, 4880, 2494, 2930, 1237, 5356, 235, 4127, 3911, 217, 3274, 932, 1468, 2624, 2837, 3687, 1483, 2116, 3691, 4885, 1822, 1115, 1952, 4887, 876, 2002, 4576, 3443, 5286, 2441, 4713, 121, 2388, 292, 5439, 83, 4206, 4866, 1120, 5436, 1558, 1312, 2596, 3921, 1887, 388, 2130, 1360, 1525, 4673, 4770, 3790, 1675, 2897, 556, 4577, 4946, 2628, 1915, 2862, 5186, 4722, 3211, 2127, 2225, 352, 1392, 1877, 2901, 1025, 4799, 1285, 2739, 5107, 4436, 415, 2864, 15, 2351, 4600, 2046, 3401, 650, 3938, 1545, 226, 4522, 992, 5069, 534, 18, 335, 3566, 3064, 2698, 989, 123, 1932, 4178, 3670, 4847, 1514, 2273, 1786, 574, 2856, 3256, 618, 4694, 5405, 4404, 2676, 3762, 5255, 3755, 2485, 5321, 536, 233, 3760, 1837, 4431, 3948, 5252, 3797, 1538, 13, 1387, 1886, 1994, 2954, 4108, 3432, 3881, 4477, 2919, 4613, 5175, 714, 1719, 4590, 3976, 3180, 2250, 2329, 3919, 5171, 3330, 2506, 3126, 3434, 223, 1272, 1304, 2738, 3311, 1290, 3073, 3199, 5388, 1989, 2828, 1431, 2509, 1643, 3373, 2821, 1188, 2859, 1955, 510, 1486, 595, 2764, 2793, 2298, 708, 1768, 5056, 5179, 4869, 2794, 2360, 4895, 1094, 5372, 2311, 2488, 1066, 2618, 429, 571, 2244, 2290, 1380, 2387, 68, 2439, 1878, 3749, 4145, 3746, 4125, 1315, 2150, 4656, 348, 770, 3019, 2275, 587, 315, 4120, 36, 2855, 3651, 2566, 4293, 640, 1490, 4054, 4959, 1835, 2354, 3522, 4901, 1243, 1571, 3332, 652, 2068, 1808, 5156, 1114, 4716, 2121, 5117, 4747, 4593, 451, 3953, 2782, 2461, 5091, 4920, 4668, 3397, 5247, 1260, 297, 2704, 3504, 3203, 2900, 384, 157, 4868, 3488, 5245, 3173, 1647, 3273, 1192, 3908, 38, 3992, 749, 5294, 3848, 860, 2479, 2459, 867, 3218, 4838, 4482, 20, 1521, 1641, 122, 3118, 2063, 2400, 3519, 1063, 2035, 3442, 2890, 1763, 2119, 5400, 1961, 4854, 2292, 2772, 527, 4917, 4955, 2172, 1186, 4006, 1388, 4382, 4717, 2798, 831, 1206, 189, 5149, 4021, 507, 3599, 3197, 5148, 539, 2171, 2575, 1615, 4032, 2592, 5425, 350, 201, 2074, 3364, 3764, 2122, 3738, 1086, 4460, 400, 63, 1662, 286, 291, 693, 3484, 2629, 4674, 2334, 1913, 4762, 2824, 4767, 4750, 4965, 1785, 2069, 583, 1797, 5051, 4848, 2634, 1507, 4085, 5159, 3279, 3927, 4, 550, 5447, 207, 2799, 551, 5144, 2563, 146, 4989, 4400, 2113, 434, 27, 4129, 3768, 3668, 3459, 3091, 1215, 4091, 1681, 2872, 4014, 4194, 779, 4029, 3756, 4760, 2476, 1749, 4658, 4871, 4348, 2757, 646, 1897, 2195, 316, 716, 4208, 5383, 825, 5370, 3078, 3778, 1702, 3984, 3847, 1150, 4300, 649, 4808, 3775, 4935, 3159, 687, 1223, 946, 4538, 4535, 3077, 5359, 780, 477, 2524, 371, 5142, 3611, 62, 1069, 4193, 883, 4130, 4328, 622, 4974, 1436, 4519, 1762, 4238, 3012, 3554, 4026, 3342, 4182, 5410, 1407, 2736, 913, 4045, 182, 1382, 3625, 1351, 3839, 3583, 2938, 46, 829, 5326, 2230, 612, 5021, 3121, 1127, 3006, 1852, 329, 118, 3794, 4081, 72, 1330, 519, 1195, 2017, 1920, 314, 1129, 3544, 1000, 282, 4041, 2857, 324, 2210, 5283, 2272, 4438, 10, 5341, 4447, 5120, 4167, 1047, 742, 4222, 2916, 3377, 2533, 2707, 2819, 42, 3054, 703, 1519, 1891, 1740, 2997, 347, 5190, 3489, 4284, 833, 4467, 2603, 4198, 4987, 4303, 2483, 435, 4121, 2536, 3048, 2561, 4425, 3177, 2774, 5313, 5078, 1804, 2780, 317, 1372, 1842, 2517, 35, 4283, 3692, 794, 4047, 4496, 4319, 1623, 896, 4416, 3383, 2217, 2330, 2026, 2565, 890, 1423, 3773, 2941, 4926, 2977, 256, 2755, 3724, 1697, 3141, 3189, 2520, 402, 1159, 1593, 508, 1536, 2376, 2842, 691, 3596, 2321, 1576, 5411, 2201, 2532, 4138, 4631, 3815, 4657, 2905, 3472, 4518, 4823, 4810, 2892, 4073, 2806, 3715, 31, 2372, 1782, 2133, 1893, 3932, 4602, 3997, 1607, 1238, 4296, 1350, 4498, 4735, 1489, 4877, 845, 1630, 3469, 4143, 4002, 106, 2773, 2881, 287, 2062, 1757, 4230, 1627, 830, 563, 1196, 2460, 5333, 2472, 1067, 1377, 4844, 3515, 4552, 958, 4347, 1170, 1543, 3120, 2239, 28, 4909, 3026, 515, 3293, 1948, 4948, 76, 970, 840, 4011, 2675, 4050, 37, 108, 4651, 3319, 3660, 5160, 4768, 1911, 5345, 23, 4419, 1815, 447, 581, 4426, 893, 2756, 1864, 4418, 4444, 1411, 3446, 3278, 1618, 4786, 3998, 2055, 2795, 4841, 1599, 1044, 2418, 2206, 1394, 3409, 4428, 5301, 5139, 4504, 3974, 4123, 2414, 3527, 4244, 4985, 3310, 3975, 1318, 952, 4822, 3414, 2223, 1506, 627, 3094, 1236, 4642, 2481, 1629, 4509, 4265, 3829, 4149, 3249, 426, 3817, 2571, 3894, 4662, 744, 4561, 1926, 3576, 2655, 1714, 2072, 1559, 3358, 4741, 2526, 2896, 5132, 613, 4331, 1969, 1727, 1293, 871, 5264, 4669, 1505, 1095]",222,750,1,False,750
75,numeric,description,2,True,False,True,"{2: 151, 1: 172, 5: 122, 3: 154, 4: 141, 0: 10}","[4097, 1548, 5419, 4731, 3902, 3380, 4432, 3710, 3542, 3991, 4880, 2494, 2930, 1237, 5356, 235, 4127, 3911, 217, 3274, 932, 1468, 2624, 2837, 3687, 1483, 2116, 3691, 4885, 1822, 1115, 1952, 4887, 876, 2002, 4576, 3443, 5286, 2441, 4713, 121, 2388, 292, 5439, 83, 4206, 4866, 1120, 5436, 1558, 1312, 2596, 3921, 1887, 388, 2130, 1360, 1525, 4673, 4770, 3790, 1675, 2897, 556, 4577, 4946, 2628, 1915, 2862, 5186, 4722, 3211, 2127, 2225, 352, 1392, 1877, 2901, 1025, 4799, 1285, 2739, 5107, 4436, 415, 2864, 15, 2351, 4600, 2046, 3401, 650, 3938, 1545, 226, 4522, 992, 5069, 534, 18, 335, 3566, 3064, 2698, 989, 123, 1932, 4178, 3670, 4847, 1514, 2273, 1786, 574, 2856, 3256, 618, 4694, 5405, 4404, 2676, 3762, 5255, 3755, 2485, 5321, 536, 233, 3760, 1837, 4431, 3948, 5252, 3797, 1538, 13, 1387, 1886, 1994, 2954, 4108, 3432, 3881, 4477, 2919, 4613, 5175, 714, 1719, 4590, 3976, 3180, 2250, 2329, 3919, 5171, 3330, 2506, 3126, 3434, 223, 1272, 1304, 2738, 3311, 1290, 3073, 3199, 5388, 1989, 2828, 1431, 2509, 1643, 3373, 2821, 1188, 2859, 1955, 510, 1486, 595, 2764, 2793, 2298, 708, 1768, 5056, 5179, 4869, 2794, 2360, 4895, 1094, 5372, 2311, 2488, 1066, 2618, 429, 571, 2244, 2290, 1380, 2387, 68, 2439, 1878, 3749, 4145, 3746, 4125, 1315, 2150, 4656, 348, 770, 3019, 2275, 587, 315, 4120, 36, 2855, 3651, 2566, 4293, 640, 1490, 4054, 4959, 1835, 2354, 3522, 4901, 1243, 1571, 3332, 652, 2068, 1808, 5156, 1114, 4716, 2121, 5117, 4747, 4593, 451, 3953, 2782, 2461, 5091, 4920, 4668, 3397, 5247, 1260, 297, 2704, 3504, 3203, 2900, 384, 157, 4868, 3488, 5245, 3173, 1647, 3273, 1192, 3908, 38, 3992, 749, 5294, 3848, 860, 2479, 2459, 867, 3218, 4838, 4482, 20, 1521, 1641, 122, 3118, 2063, 2400, 3519, 1063, 2035, 3442, 2890, 1763, 2119, 5400, 1961, 4854, 2292, 2772, 527, 4917, 4955, 2172, 1186, 4006, 1388, 4382, 4717, 2798, 831, 1206, 189, 5149, 4021, 507, 3599, 3197, 5148, 539, 2171, 2575, 1615, 4032, 2592, 5425, 350, 201, 2074, 3364, 3764, 2122, 3738, 1086, 4460, 400, 63, 1662, 286, 291, 693, 3484, 2629, 4674, 2334, 1913, 4762, 2824, 4767, 4750, 4965, 1785, 2069, 583, 1797, 5051, 4848, 2634, 1507, 4085, 5159, 3279, 3927, 4, 550, 5447, 207, 2799, 551, 5144, 2563, 146, 4989, 4400, 2113, 434, 27, 4129, 3768, 3668, 3459, 3091, 1215, 4091, 1681, 2872, 4014, 4194, 779, 4029, 3756, 4760, 2476, 1749, 4658, 4871, 4348, 2757, 646, 1897, 2195, 316, 716, 4208, 5383, 825, 5370, 3078, 3778, 1702, 3984, 3847, 1150, 4300, 649, 4808, 3775, 4935, 3159, 687, 1223, 946, 4538, 4535, 3077, 5359, 780, 477, 2524, 371, 5142, 3611, 62, 1069, 4193, 883, 4130, 4328, 622, 4974, 1436, 4519, 1762, 4238, 3012, 3554, 4026, 3342, 4182, 5410, 1407, 2736, 913, 4045, 182, 1382, 3625, 1351, 3839, 3583, 2938, 46, 829, 5326, 2230, 612, 5021, 3121, 1127, 3006, 1852, 329, 118, 3794, 4081, 72, 1330, 519, 1195, 2017, 1920, 314, 1129, 3544, 1000, 282, 4041, 2857, 324, 2210, 5283, 2272, 4438, 10, 5341, 4447, 5120, 4167, 1047, 742, 4222, 2916, 3377, 2533, 2707, 2819, 42, 3054, 703, 1519, 1891, 1740, 2997, 347, 5190, 3489, 4284, 833, 4467, 2603, 4198, 4987, 4303, 2483, 435, 4121, 2536, 3048, 2561, 4425, 3177, 2774, 5313, 5078, 1804, 2780, 317, 1372, 1842, 2517, 35, 4283, 3692, 794, 4047, 4496, 4319, 1623, 896, 4416, 3383, 2217, 2330, 2026, 2565, 890, 1423, 3773, 2941, 4926, 2977, 256, 2755, 3724, 1697, 3141, 3189, 2520, 402, 1159, 1593, 508, 1536, 2376, 2842, 691, 3596, 2321, 1576, 5411, 2201, 2532, 4138, 4631, 3815, 4657, 2905, 3472, 4518, 4823, 4810, 2892, 4073, 2806, 3715, 31, 2372, 1782, 2133, 1893, 3932, 4602, 3997, 1607, 1238, 4296, 1350, 4498, 4735, 1489, 4877, 845, 1630, 3469, 4143, 4002, 106, 2773, 2881, 287, 2062, 1757, 4230, 1627, 830, 563, 1196, 2460, 5333, 2472, 1067, 1377, 4844, 3515, 4552, 958, 4347, 1170, 1543, 3120, 2239, 28, 4909, 3026, 515, 3293, 1948, 4948, 76, 970, 840, 4011, 2675, 4050, 37, 108, 4651, 3319, 3660, 5160, 4768, 1911, 5345, 23, 4419, 1815, 447, 581, 4426, 893, 2756, 1864, 4418, 4444, 1411, 3446, 3278, 1618, 4786, 3998, 2055, 2795, 4841, 1599, 1044, 2418, 2206, 1394, 3409, 4428, 5301, 5139, 4504, 3974, 4123, 2414, 3527, 4244, 4985, 3310, 3975, 1318, 952, 4822, 3414, 2223, 1506, 627, 3094, 1236, 4642, 2481, 1629, 4509, 4265, 3829, 4149, 3249, 426, 3817, 2571, 3894, 4662, 744, 4561, 1926, 3576, 2655, 1714, 2072, 1559, 3358, 4741, 2526, 2896, 5132, 613, 4331, 1969, 1727, 1293, 871, 5264, 4669, 1505, 1095]",75,750,1,False,750
76,numeric,entity,1,True,False,True,"{2: 151, 1: 172, 5: 122, 3: 154, 4: 141, 0: 10}","[4097, 1548, 5419, 4731, 3902, 3380, 4432, 3710, 3542, 3991, 4880, 2494, 2930, 1237, 5356, 235, 4127, 3911, 217, 3274, 932, 1468, 2624, 2837, 3687, 1483, 2116, 3691, 4885, 1822, 1115, 1952, 4887, 876, 2002, 4576, 3443, 5286, 2441, 4713, 121, 2388, 292, 5439, 83, 4206, 4866, 1120, 5436, 1558, 1312, 2596, 3921, 1887, 388, 2130, 1360, 1525, 4673, 4770, 3790, 1675, 2897, 556, 4577, 4946, 2628, 1915, 2862, 5186, 4722, 3211, 2127, 2225, 352, 1392, 1877, 2901, 1025, 4799, 1285, 2739, 5107, 4436, 415, 2864, 15, 2351, 4600, 2046, 3401, 650, 3938, 1545, 226, 4522, 992, 5069, 534, 18, 335, 3566, 3064, 2698, 989, 123, 1932, 4178, 3670, 4847, 1514, 2273, 1786, 574, 2856, 3256, 618, 4694, 5405, 4404, 2676, 3762, 5255, 3755, 2485, 5321, 536, 233, 3760, 1837, 4431, 3948, 5252, 3797, 1538, 13, 1387, 1886, 1994, 2954, 4108, 3432, 3881, 4477, 2919, 4613, 5175, 714, 1719, 4590, 3976, 3180, 2250, 2329, 3919, 5171, 3330, 2506, 3126, 3434, 223, 1272, 1304, 2738, 3311, 1290, 3073, 3199, 5388, 1989, 2828, 1431, 2509, 1643, 3373, 2821, 1188, 2859, 1955, 510, 1486, 595, 2764, 2793, 2298, 708, 1768, 5056, 5179, 4869, 2794, 2360, 4895, 1094, 5372, 2311, 2488, 1066, 2618, 429, 571, 2244, 2290, 1380, 2387, 68, 2439, 1878, 3749, 4145, 3746, 4125, 1315, 2150, 4656, 348, 770, 3019, 2275, 587, 315, 4120, 36, 2855, 3651, 2566, 4293, 640, 1490, 4054, 4959, 1835, 2354, 3522, 4901, 1243, 1571, 3332, 652, 2068, 1808, 5156, 1114, 4716, 2121, 5117, 4747, 4593, 451, 3953, 2782, 2461, 5091, 4920, 4668, 3397, 5247, 1260, 297, 2704, 3504, 3203, 2900, 384, 157, 4868, 3488, 5245, 3173, 1647, 3273, 1192, 3908, 38, 3992, 749, 5294, 3848, 860, 2479, 2459, 867, 3218, 4838, 4482, 20, 1521, 1641, 122, 3118, 2063, 2400, 3519, 1063, 2035, 3442, 2890, 1763, 2119, 5400, 1961, 4854, 2292, 2772, 527, 4917, 4955, 2172, 1186, 4006, 1388, 4382, 4717, 2798, 831, 1206, 189, 5149, 4021, 507, 3599, 3197, 5148, 539, 2171, 2575, 1615, 4032, 2592, 5425, 350, 201, 2074, 3364, 3764, 2122, 3738, 1086, 4460, 400, 63, 1662, 286, 291, 693, 3484, 2629, 4674, 2334, 1913, 4762, 2824, 4767, 4750, 4965, 1785, 2069, 583, 1797, 5051, 4848, 2634, 1507, 4085, 5159, 3279, 3927, 4, 550, 5447, 207, 2799, 551, 5144, 2563, 146, 4989, 4400, 2113, 434, 27, 4129, 3768, 3668, 3459, 3091, 1215, 4091, 1681, 2872, 4014, 4194, 779, 4029, 3756, 4760, 2476, 1749, 4658, 4871, 4348, 2757, 646, 1897, 2195, 316, 716, 4208, 5383, 825, 5370, 3078, 3778, 1702, 3984, 3847, 1150, 4300, 649, 4808, 3775, 4935, 3159, 687, 1223, 946, 4538, 4535, 3077, 5359, 780, 477, 2524, 371, 5142, 3611, 62, 1069, 4193, 883, 4130, 4328, 622, 4974, 1436, 4519, 1762, 4238, 3012, 3554, 4026, 3342, 4182, 5410, 1407, 2736, 913, 4045, 182, 1382, 3625, 1351, 3839, 3583, 2938, 46, 829, 5326, 2230, 612, 5021, 3121, 1127, 3006, 1852, 329, 118, 3794, 4081, 72, 1330, 519, 1195, 2017, 1920, 314, 1129, 3544, 1000, 282, 4041, 2857, 324, 2210, 5283, 2272, 4438, 10, 5341, 4447, 5120, 4167, 1047, 742, 4222, 2916, 3377, 2533, 2707, 2819, 42, 3054, 703, 1519, 1891, 1740, 2997, 347, 5190, 3489, 4284, 833, 4467, 2603, 4198, 4987, 4303, 2483, 435, 4121, 2536, 3048, 2561, 4425, 3177, 2774, 5313, 5078, 1804, 2780, 317, 1372, 1842, 2517, 35, 4283, 3692, 794, 4047, 4496, 4319, 1623, 896, 4416, 3383, 2217, 2330, 2026, 2565, 890, 1423, 3773, 2941, 4926, 2977, 256, 2755, 3724, 1697, 3141, 3189, 2520, 402, 1159, 1593, 508, 1536, 2376, 2842, 691, 3596, 2321, 1576, 5411, 2201, 2532, 4138, 4631, 3815, 4657, 2905, 3472, 4518, 4823, 4810, 2892, 4073, 2806, 3715, 31, 2372, 1782, 2133, 1893, 3932, 4602, 3997, 1607, 1238, 4296, 1350, 4498, 4735, 1489, 4877, 845, 1630, 3469, 4143, 4002, 106, 2773, 2881, 287, 2062, 1757, 4230, 1627, 830, 563, 1196, 2460, 5333, 2472, 1067, 1377, 4844, 3515, 4552, 958, 4347, 1170, 1543, 3120, 2239, 28, 4909, 3026, 515, 3293, 1948, 4948, 76, 970, 840, 4011, 2675, 4050, 37, 108, 4651, 3319, 3660, 5160, 4768, 1911, 5345, 23, 4419, 1815, 447, 581, 4426, 893, 2756, 1864, 4418, 4444, 1411, 3446, 3278, 1618, 4786, 3998, 2055, 2795, 4841, 1599, 1044, 2418, 2206, 1394, 3409, 4428, 5301, 5139, 4504, 3974, 4123, 2414, 3527, 4244, 4985, 3310, 3975, 1318, 952, 4822, 3414, 2223, 1506, 627, 3094, 1236, 4642, 2481, 1629, 4509, 4265, 3829, 4149, 3249, 426, 3817, 2571, 3894, 4662, 744, 4561, 1926, 3576, 2655, 1714, 2072, 1559, 3358, 4741, 2526, 2896, 5132, 613, 4331, 1969, 1727, 1293, 871, 5264, 4669, 1505, 1095]",76,750,1,False,750
123,human,human,3,True,True,True,"{2: 151, 1: 172, 5: 122, 3: 154, 4: 141, 0: 10}","[4097, 1548, 5419, 4731, 3902, 3380, 4432, 3710, 3542, 3991, 4880, 2494, 2930, 1237, 5356, 235, 4127, 3911, 217, 3274, 932, 1468, 2624, 2837, 3687, 1483, 2116, 3691, 4885, 1822, 1115, 1952, 4887, 876, 2002, 4576, 3443, 5286, 2441, 4713, 121, 2388, 292, 5439, 83, 4206, 4866, 1120, 5436, 1558, 1312, 2596, 3921, 1887, 388, 2130, 1360, 1525, 4673, 4770, 3790, 1675, 2897, 556, 4577, 4946, 2628, 1915, 2862, 5186, 4722, 3211, 2127, 2225, 352, 1392, 1877, 2901, 1025, 4799, 1285, 2739, 5107, 4436, 415, 2864, 15, 2351, 4600, 2046, 3401, 650, 3938, 1545, 226, 4522, 992, 5069, 534, 18, 335, 3566, 3064, 2698, 989, 123, 1932, 4178, 3670, 4847, 1514, 2273, 1786, 574, 2856, 3256, 618, 4694, 5405, 4404, 2676, 3762, 5255, 3755, 2485, 5321, 536, 233, 3760, 1837, 4431, 3948, 5252, 3797, 1538, 13, 1387, 1886, 1994, 2954, 4108, 3432, 3881, 4477, 2919, 4613, 5175, 714, 1719, 4590, 3976, 3180, 2250, 2329, 3919, 5171, 3330, 2506, 3126, 3434, 223, 1272, 1304, 2738, 3311, 1290, 3073, 3199, 5388, 1989, 2828, 1431, 2509, 1643, 3373, 2821, 1188, 2859, 1955, 510, 1486, 595, 2764, 2793, 2298, 708, 1768, 5056, 5179, 4869, 2794, 2360, 4895, 1094, 5372, 2311, 2488, 1066, 2618, 429, 571, 2244, 2290, 1380, 2387, 68, 2439, 1878, 3749, 4145, 3746, 4125, 1315, 2150, 4656, 348, 770, 3019, 2275, 587, 315, 4120, 36, 2855, 3651, 2566, 4293, 640, 1490, 4054, 4959, 1835, 2354, 3522, 4901, 1243, 1571, 3332, 652, 2068, 1808, 5156, 1114, 4716, 2121, 5117, 4747, 4593, 451, 3953, 2782, 2461, 5091, 4920, 4668, 3397, 5247, 1260, 297, 2704, 3504, 3203, 2900, 384, 157, 4868, 3488, 5245, 3173, 1647, 3273, 1192, 3908, 38, 3992, 749, 5294, 3848, 860, 2479, 2459, 867, 3218, 4838, 4482, 20, 1521, 1641, 122, 3118, 2063, 2400, 3519, 1063, 2035, 3442, 2890, 1763, 2119, 5400, 1961, 4854, 2292, 2772, 527, 4917, 4955, 2172, 1186, 4006, 1388, 4382, 4717, 2798, 831, 1206, 189, 5149, 4021, 507, 3599, 3197, 5148, 539, 2171, 2575, 1615, 4032, 2592, 5425, 350, 201, 2074, 3364, 3764, 2122, 3738, 1086, 4460, 400, 63, 1662, 286, 291, 693, 3484, 2629, 4674, 2334, 1913, 4762, 2824, 4767, 4750, 4965, 1785, 2069, 583, 1797, 5051, 4848, 2634, 1507, 4085, 5159, 3279, 3927, 4, 550, 5447, 207, 2799, 551, 5144, 2563, 146, 4989, 4400, 2113, 434, 27, 4129, 3768, 3668, 3459, 3091, 1215, 4091, 1681, 2872, 4014, 4194, 779, 4029, 3756, 4760, 2476, 1749, 4658, 4871, 4348, 2757, 646, 1897, 2195, 316, 716, 4208, 5383, 825, 5370, 3078, 3778, 1702, 3984, 3847, 1150, 4300, 649, 4808, 3775, 4935, 3159, 687, 1223, 946, 4538, 4535, 3077, 5359, 780, 477, 2524, 371, 5142, 3611, 62, 1069, 4193, 883, 4130, 4328, 622, 4974, 1436, 4519, 1762, 4238, 3012, 3554, 4026, 3342, 4182, 5410, 1407, 2736, 913, 4045, 182, 1382, 3625, 1351, 3839, 3583, 2938, 46, 829, 5326, 2230, 612, 5021, 3121, 1127, 3006, 1852, 329, 118, 3794, 4081, 72, 1330, 519, 1195, 2017, 1920, 314, 1129, 3544, 1000, 282, 4041, 2857, 324, 2210, 5283, 2272, 4438, 10, 5341, 4447, 5120, 4167, 1047, 742, 4222, 2916, 3377, 2533, 2707, 2819, 42, 3054, 703, 1519, 1891, 1740, 2997, 347, 5190, 3489, 4284, 833, 4467, 2603, 4198, 4987, 4303, 2483, 435, 4121, 2536, 3048, 2561, 4425, 3177, 2774, 5313, 5078, 1804, 2780, 317, 1372, 1842, 2517, 35, 4283, 3692, 794, 4047, 4496, 4319, 1623, 896, 4416, 3383, 2217, 2330, 2026, 2565, 890, 1423, 3773, 2941, 4926, 2977, 256, 2755, 3724, 1697, 3141, 3189, 2520, 402, 1159, 1593, 508, 1536, 2376, 2842, 691, 3596, 2321, 1576, 5411, 2201, 2532, 4138, 4631, 3815, 4657, 2905, 3472, 4518, 4823, 4810, 2892, 4073, 2806, 3715, 31, 2372, 1782, 2133, 1893, 3932, 4602, 3997, 1607, 1238, 4296, 1350, 4498, 4735, 1489, 4877, 845, 1630, 3469, 4143, 4002, 106, 2773, 2881, 287, 2062, 1757, 4230, 1627, 830, 563, 1196, 2460, 5333, 2472, 1067, 1377, 4844, 3515, 4552, 958, 4347, 1170, 1543, 3120, 2239, 28, 4909, 3026, 515, 3293, 1948, 4948, 76, 970, 840, 4011, 2675, 4050, 37, 108, 4651, 3319, 3660, 5160, 4768, 1911, 5345, 23, 4419, 1815, 447, 581, 4426, 893, 2756, 1864, 4418, 4444, 1411, 3446, 3278, 1618, 4786, 3998, 2055, 2795, 4841, 1599, 1044, 2418, 2206, 1394, 3409, 4428, 5301, 5139, 4504, 3974, 4123, 2414, 3527, 4244, 4985, 3310, 3975, 1318, 952, 4822, 3414, 2223, 1506, 627, 3094, 1236, 4642, 2481, 1629, 4509, 4265, 3829, 4149, 3249, 426, 3817, 2571, 3894, 4662, 744, 4561, 1926, 3576, 2655, 1714, 2072, 1559, 3358, 4741, 2526, 2896, 5132, 613, 4331, 1969, 1727, 1293, 871, 5264, 4669, 1505, 1095]",123,750,1,False,750
102,numeric,description,2,True,False,True,"{2: 151, 1: 172, 5: 122, 3: 154, 4: 141, 0: 10}","[4097, 1548, 5419, 4731, 3902, 3380, 4432, 3710, 3542, 3991, 4880, 2494, 2930, 1237, 5356, 235, 4127, 3911, 217, 3274, 932, 1468, 2624, 2837, 3687, 1483, 2116, 3691, 4885, 1822, 1115, 1952, 4887, 876, 2002, 4576, 3443, 5286, 2441, 4713, 121, 2388, 292, 5439, 83, 4206, 4866, 1120, 5436, 1558, 1312, 2596, 3921, 1887, 388, 2130, 1360, 1525, 4673, 4770, 3790, 1675, 2897, 556, 4577, 4946, 2628, 1915, 2862, 5186, 4722, 3211, 2127, 2225, 352, 1392, 1877, 2901, 1025, 4799, 1285, 2739, 5107, 4436, 415, 2864, 15, 2351, 4600, 2046, 3401, 650, 3938, 1545, 226, 4522, 992, 5069, 534, 18, 335, 3566, 3064, 2698, 989, 123, 1932, 4178, 3670, 4847, 1514, 2273, 1786, 574, 2856, 3256, 618, 4694, 5405, 4404, 2676, 3762, 5255, 3755, 2485, 5321, 536, 233, 3760, 1837, 4431, 3948, 5252, 3797, 1538, 13, 1387, 1886, 1994, 2954, 4108, 3432, 3881, 4477, 2919, 4613, 5175, 714, 1719, 4590, 3976, 3180, 2250, 2329, 3919, 5171, 3330, 2506, 3126, 3434, 223, 1272, 1304, 2738, 3311, 1290, 3073, 3199, 5388, 1989, 2828, 1431, 2509, 1643, 3373, 2821, 1188, 2859, 1955, 510, 1486, 595, 2764, 2793, 2298, 708, 1768, 5056, 5179, 4869, 2794, 2360, 4895, 1094, 5372, 2311, 2488, 1066, 2618, 429, 571, 2244, 2290, 1380, 2387, 68, 2439, 1878, 3749, 4145, 3746, 4125, 1315, 2150, 4656, 348, 770, 3019, 2275, 587, 315, 4120, 36, 2855, 3651, 2566, 4293, 640, 1490, 4054, 4959, 1835, 2354, 3522, 4901, 1243, 1571, 3332, 652, 2068, 1808, 5156, 1114, 4716, 2121, 5117, 4747, 4593, 451, 3953, 2782, 2461, 5091, 4920, 4668, 3397, 5247, 1260, 297, 2704, 3504, 3203, 2900, 384, 157, 4868, 3488, 5245, 3173, 1647, 3273, 1192, 3908, 38, 3992, 749, 5294, 3848, 860, 2479, 2459, 867, 3218, 4838, 4482, 20, 1521, 1641, 122, 3118, 2063, 2400, 3519, 1063, 2035, 3442, 2890, 1763, 2119, 5400, 1961, 4854, 2292, 2772, 527, 4917, 4955, 2172, 1186, 4006, 1388, 4382, 4717, 2798, 831, 1206, 189, 5149, 4021, 507, 3599, 3197, 5148, 539, 2171, 2575, 1615, 4032, 2592, 5425, 350, 201, 2074, 3364, 3764, 2122, 3738, 1086, 4460, 400, 63, 1662, 286, 291, 693, 3484, 2629, 4674, 2334, 1913, 4762, 2824, 4767, 4750, 4965, 1785, 2069, 583, 1797, 5051, 4848, 2634, 1507, 4085, 5159, 3279, 3927, 4, 550, 5447, 207, 2799, 551, 5144, 2563, 146, 4989, 4400, 2113, 434, 27, 4129, 3768, 3668, 3459, 3091, 1215, 4091, 1681, 2872, 4014, 4194, 779, 4029, 3756, 4760, 2476, 1749, 4658, 4871, 4348, 2757, 646, 1897, 2195, 316, 716, 4208, 5383, 825, 5370, 3078, 3778, 1702, 3984, 3847, 1150, 4300, 649, 4808, 3775, 4935, 3159, 687, 1223, 946, 4538, 4535, 3077, 5359, 780, 477, 2524, 371, 5142, 3611, 62, 1069, 4193, 883, 4130, 4328, 622, 4974, 1436, 4519, 1762, 4238, 3012, 3554, 4026, 3342, 4182, 5410, 1407, 2736, 913, 4045, 182, 1382, 3625, 1351, 3839, 3583, 2938, 46, 829, 5326, 2230, 612, 5021, 3121, 1127, 3006, 1852, 329, 118, 3794, 4081, 72, 1330, 519, 1195, 2017, 1920, 314, 1129, 3544, 1000, 282, 4041, 2857, 324, 2210, 5283, 2272, 4438, 10, 5341, 4447, 5120, 4167, 1047, 742, 4222, 2916, 3377, 2533, 2707, 2819, 42, 3054, 703, 1519, 1891, 1740, 2997, 347, 5190, 3489, 4284, 833, 4467, 2603, 4198, 4987, 4303, 2483, 435, 4121, 2536, 3048, 2561, 4425, 3177, 2774, 5313, 5078, 1804, 2780, 317, 1372, 1842, 2517, 35, 4283, 3692, 794, 4047, 4496, 4319, 1623, 896, 4416, 3383, 2217, 2330, 2026, 2565, 890, 1423, 3773, 2941, 4926, 2977, 256, 2755, 3724, 1697, 3141, 3189, 2520, 402, 1159, 1593, 508, 1536, 2376, 2842, 691, 3596, 2321, 1576, 5411, 2201, 2532, 4138, 4631, 3815, 4657, 2905, 3472, 4518, 4823, 4810, 2892, 4073, 2806, 3715, 31, 2372, 1782, 2133, 1893, 3932, 4602, 3997, 1607, 1238, 4296, 1350, 4498, 4735, 1489, 4877, 845, 1630, 3469, 4143, 4002, 106, 2773, 2881, 287, 2062, 1757, 4230, 1627, 830, 563, 1196, 2460, 5333, 2472, 1067, 1377, 4844, 3515, 4552, 958, 4347, 1170, 1543, 3120, 2239, 28, 4909, 3026, 515, 3293, 1948, 4948, 76, 970, 840, 4011, 2675, 4050, 37, 108, 4651, 3319, 3660, 5160, 4768, 1911, 5345, 23, 4419, 1815, 447, 581, 4426, 893, 2756, 1864, 4418, 4444, 1411, 3446, 3278, 1618, 4786, 3998, 2055, 2795, 4841, 1599, 1044, 2418, 2206, 1394, 3409, 4428, 5301, 5139, 4504, 3974, 4123, 2414, 3527, 4244, 4985, 3310, 3975, 1318, 952, 4822, 3414, 2223, 1506, 627, 3094, 1236, 4642, 2481, 1629, 4509, 4265, 3829, 4149, 3249, 426, 3817, 2571, 3894, 4662, 744, 4561, 1926, 3576, 2655, 1714, 2072, 1559, 3358, 4741, 2526, 2896, 5132, 613, 4331, 1969, 1727, 1293, 871, 5264, 4669, 1505, 1095]",102,750,1,False,750
426,description,description,2,True,True,True,"{2: 151, 1: 172, 5: 122, 3: 154, 4: 141, 0: 10}","[4097, 1548, 5419, 4731, 3902, 3380, 4432, 3710, 3542, 3991, 4880, 2494, 2930, 1237, 5356, 235, 4127, 3911, 217, 3274, 932, 1468, 2624, 2837, 3687, 1483, 2116, 3691, 4885, 1822, 1115, 1952, 4887, 876, 2002, 4576, 3443, 5286, 2441, 4713, 121, 2388, 292, 5439, 83, 4206, 4866, 1120, 5436, 1558, 1312, 2596, 3921, 1887, 388, 2130, 1360, 1525, 4673, 4770, 3790, 1675, 2897, 556, 4577, 4946, 2628, 1915, 2862, 5186, 4722, 3211, 2127, 2225, 352, 1392, 1877, 2901, 1025, 4799, 1285, 2739, 5107, 4436, 415, 2864, 15, 2351, 4600, 2046, 3401, 650, 3938, 1545, 226, 4522, 992, 5069, 534, 18, 335, 3566, 3064, 2698, 989, 123, 1932, 4178, 3670, 4847, 1514, 2273, 1786, 574, 2856, 3256, 618, 4694, 5405, 4404, 2676, 3762, 5255, 3755, 2485, 5321, 536, 233, 3760, 1837, 4431, 3948, 5252, 3797, 1538, 13, 1387, 1886, 1994, 2954, 4108, 3432, 3881, 4477, 2919, 4613, 5175, 714, 1719, 4590, 3976, 3180, 2250, 2329, 3919, 5171, 3330, 2506, 3126, 3434, 223, 1272, 1304, 2738, 3311, 1290, 3073, 3199, 5388, 1989, 2828, 1431, 2509, 1643, 3373, 2821, 1188, 2859, 1955, 510, 1486, 595, 2764, 2793, 2298, 708, 1768, 5056, 5179, 4869, 2794, 2360, 4895, 1094, 5372, 2311, 2488, 1066, 2618, 429, 571, 2244, 2290, 1380, 2387, 68, 2439, 1878, 3749, 4145, 3746, 4125, 1315, 2150, 4656, 348, 770, 3019, 2275, 587, 315, 4120, 36, 2855, 3651, 2566, 4293, 640, 1490, 4054, 4959, 1835, 2354, 3522, 4901, 1243, 1571, 3332, 652, 2068, 1808, 5156, 1114, 4716, 2121, 5117, 4747, 4593, 451, 3953, 2782, 2461, 5091, 4920, 4668, 3397, 5247, 1260, 297, 2704, 3504, 3203, 2900, 384, 157, 4868, 3488, 5245, 3173, 1647, 3273, 1192, 3908, 38, 3992, 749, 5294, 3848, 860, 2479, 2459, 867, 3218, 4838, 4482, 20, 1521, 1641, 122, 3118, 2063, 2400, 3519, 1063, 2035, 3442, 2890, 1763, 2119, 5400, 1961, 4854, 2292, 2772, 527, 4917, 4955, 2172, 1186, 4006, 1388, 4382, 4717, 2798, 831, 1206, 189, 5149, 4021, 507, 3599, 3197, 5148, 539, 2171, 2575, 1615, 4032, 2592, 5425, 350, 201, 2074, 3364, 3764, 2122, 3738, 1086, 4460, 400, 63, 1662, 286, 291, 693, 3484, 2629, 4674, 2334, 1913, 4762, 2824, 4767, 4750, 4965, 1785, 2069, 583, 1797, 5051, 4848, 2634, 1507, 4085, 5159, 3279, 3927, 4, 550, 5447, 207, 2799, 551, 5144, 2563, 146, 4989, 4400, 2113, 434, 27, 4129, 3768, 3668, 3459, 3091, 1215, 4091, 1681, 2872, 4014, 4194, 779, 4029, 3756, 4760, 2476, 1749, 4658, 4871, 4348, 2757, 646, 1897, 2195, 316, 716, 4208, 5383, 825, 5370, 3078, 3778, 1702, 3984, 3847, 1150, 4300, 649, 4808, 3775, 4935, 3159, 687, 1223, 946, 4538, 4535, 3077, 5359, 780, 477, 2524, 371, 5142, 3611, 62, 1069, 4193, 883, 4130, 4328, 622, 4974, 1436, 4519, 1762, 4238, 3012, 3554, 4026, 3342, 4182, 5410, 1407, 2736, 913, 4045, 182, 1382, 3625, 1351, 3839, 3583, 2938, 46, 829, 5326, 2230, 612, 5021, 3121, 1127, 3006, 1852, 329, 118, 3794, 4081, 72, 1330, 519, 1195, 2017, 1920, 314, 1129, 3544, 1000, 282, 4041, 2857, 324, 2210, 5283, 2272, 4438, 10, 5341, 4447, 5120, 4167, 1047, 742, 4222, 2916, 3377, 2533, 2707, 2819, 42, 3054, 703, 1519, 1891, 1740, 2997, 347, 5190, 3489, 4284, 833, 4467, 2603, 4198, 4987, 4303, 2483, 435, 4121, 2536, 3048, 2561, 4425, 3177, 2774, 5313, 5078, 1804, 2780, 317, 1372, 1842, 2517, 35, 4283, 3692, 794, 4047, 4496, 4319, 1623, 896, 4416, 3383, 2217, 2330, 2026, 2565, 890, 1423, 3773, 2941, 4926, 2977, 256, 2755, 3724, 1697, 3141, 3189, 2520, 402, 1159, 1593, 508, 1536, 2376, 2842, 691, 3596, 2321, 1576, 5411, 2201, 2532, 4138, 4631, 3815, 4657, 2905, 3472, 4518, 4823, 4810, 2892, 4073, 2806, 3715, 31, 2372, 1782, 2133, 1893, 3932, 4602, 3997, 1607, 1238, 4296, 1350, 4498, 4735, 1489, 4877, 845, 1630, 3469, 4143, 4002, 106, 2773, 2881, 287, 2062, 1757, 4230, 1627, 830, 563, 1196, 2460, 5333, 2472, 1067, 1377, 4844, 3515, 4552, 958, 4347, 1170, 1543, 3120, 2239, 28, 4909, 3026, 515, 3293, 1948, 4948, 76, 970, 840, 4011, 2675, 4050, 37, 108, 4651, 3319, 3660, 5160, 4768, 1911, 5345, 23, 4419, 1815, 447, 581, 4426, 893, 2756, 1864, 4418, 4444, 1411, 3446, 3278, 1618, 4786, 3998, 2055, 2795, 4841, 1599, 1044, 2418, 2206, 1394, 3409, 4428, 5301, 5139, 4504, 3974, 4123, 2414, 3527, 4244, 4985, 3310, 3975, 1318, 952, 4822, 3414, 2223, 1506, 627, 3094, 1236, 4642, 2481, 1629, 4509, 4265, 3829, 4149, 3249, 426, 3817, 2571, 3894, 4662, 744, 4561, 1926, 3576, 2655, 1714, 2072, 1559, 3358, 4741, 2526, 2896, 5132, 613, 4331, 1969, 1727, 1293, 871, 5264, 4669, 1505, 1095]",426,750,1,False,750
390,human,human,3,True,True,True,"{2: 151, 1: 172, 5: 122, 3: 154, 4: 141, 0: 10}","[4097, 1548, 5419, 4731, 3902, 3380, 4432, 3710, 3542, 3991, 4880, 2494, 2930, 1237, 5356, 235, 4127, 3911, 217, 3274, 932, 1468, 2624, 2837, 3687, 1483, 2116, 3691, 4885, 1822, 1115, 1952, 4887, 876, 2002, 4576, 3443, 5286, 2441, 4713, 121, 2388, 292, 5439, 83, 4206, 4866, 1120, 5436, 1558, 1312, 2596, 3921, 1887, 388, 2130, 1360, 1525, 4673, 4770, 3790, 1675, 2897, 556, 4577, 4946, 2628, 1915, 2862, 5186, 4722, 3211, 2127, 2225, 352, 1392, 1877, 2901, 1025, 4799, 1285, 2739, 5107, 4436, 415, 2864, 15, 2351, 4600, 2046, 3401, 650, 3938, 1545, 226, 4522, 992, 5069, 534, 18, 335, 3566, 3064, 2698, 989, 123, 1932, 4178, 3670, 4847, 1514, 2273, 1786, 574, 2856, 3256, 618, 4694, 5405, 4404, 2676, 3762, 5255, 3755, 2485, 5321, 536, 233, 3760, 1837, 4431, 3948, 5252, 3797, 1538, 13, 1387, 1886, 1994, 2954, 4108, 3432, 3881, 4477, 2919, 4613, 5175, 714, 1719, 4590, 3976, 3180, 2250, 2329, 3919, 5171, 3330, 2506, 3126, 3434, 223, 1272, 1304, 2738, 3311, 1290, 3073, 3199, 5388, 1989, 2828, 1431, 2509, 1643, 3373, 2821, 1188, 2859, 1955, 510, 1486, 595, 2764, 2793, 2298, 708, 1768, 5056, 5179, 4869, 2794, 2360, 4895, 1094, 5372, 2311, 2488, 1066, 2618, 429, 571, 2244, 2290, 1380, 2387, 68, 2439, 1878, 3749, 4145, 3746, 4125, 1315, 2150, 4656, 348, 770, 3019, 2275, 587, 315, 4120, 36, 2855, 3651, 2566, 4293, 640, 1490, 4054, 4959, 1835, 2354, 3522, 4901, 1243, 1571, 3332, 652, 2068, 1808, 5156, 1114, 4716, 2121, 5117, 4747, 4593, 451, 3953, 2782, 2461, 5091, 4920, 4668, 3397, 5247, 1260, 297, 2704, 3504, 3203, 2900, 384, 157, 4868, 3488, 5245, 3173, 1647, 3273, 1192, 3908, 38, 3992, 749, 5294, 3848, 860, 2479, 2459, 867, 3218, 4838, 4482, 20, 1521, 1641, 122, 3118, 2063, 2400, 3519, 1063, 2035, 3442, 2890, 1763, 2119, 5400, 1961, 4854, 2292, 2772, 527, 4917, 4955, 2172, 1186, 4006, 1388, 4382, 4717, 2798, 831, 1206, 189, 5149, 4021, 507, 3599, 3197, 5148, 539, 2171, 2575, 1615, 4032, 2592, 5425, 350, 201, 2074, 3364, 3764, 2122, 3738, 1086, 4460, 400, 63, 1662, 286, 291, 693, 3484, 2629, 4674, 2334, 1913, 4762, 2824, 4767, 4750, 4965, 1785, 2069, 583, 1797, 5051, 4848, 2634, 1507, 4085, 5159, 3279, 3927, 4, 550, 5447, 207, 2799, 551, 5144, 2563, 146, 4989, 4400, 2113, 434, 27, 4129, 3768, 3668, 3459, 3091, 1215, 4091, 1681, 2872, 4014, 4194, 779, 4029, 3756, 4760, 2476, 1749, 4658, 4871, 4348, 2757, 646, 1897, 2195, 316, 716, 4208, 5383, 825, 5370, 3078, 3778, 1702, 3984, 3847, 1150, 4300, 649, 4808, 3775, 4935, 3159, 687, 1223, 946, 4538, 4535, 3077, 5359, 780, 477, 2524, 371, 5142, 3611, 62, 1069, 4193, 883, 4130, 4328, 622, 4974, 1436, 4519, 1762, 4238, 3012, 3554, 4026, 3342, 4182, 5410, 1407, 2736, 913, 4045, 182, 1382, 3625, 1351, 3839, 3583, 2938, 46, 829, 5326, 2230, 612, 5021, 3121, 1127, 3006, 1852, 329, 118, 3794, 4081, 72, 1330, 519, 1195, 2017, 1920, 314, 1129, 3544, 1000, 282, 4041, 2857, 324, 2210, 5283, 2272, 4438, 10, 5341, 4447, 5120, 4167, 1047, 742, 4222, 2916, 3377, 2533, 2707, 2819, 42, 3054, 703, 1519, 1891, 1740, 2997, 347, 5190, 3489, 4284, 833, 4467, 2603, 4198, 4987, 4303, 2483, 435, 4121, 2536, 3048, 2561, 4425, 3177, 2774, 5313, 5078, 1804, 2780, 317, 1372, 1842, 2517, 35, 4283, 3692, 794, 4047, 4496, 4319, 1623, 896, 4416, 3383, 2217, 2330, 2026, 2565, 890, 1423, 3773, 2941, 4926, 2977, 256, 2755, 3724, 1697, 3141, 3189, 2520, 402, 1159, 1593, 508, 1536, 2376, 2842, 691, 3596, 2321, 1576, 5411, 2201, 2532, 4138, 4631, 3815, 4657, 2905, 3472, 4518, 4823, 4810, 2892, 4073, 2806, 3715, 31, 2372, 1782, 2133, 1893, 3932, 4602, 3997, 1607, 1238, 4296, 1350, 4498, 4735, 1489, 4877, 845, 1630, 3469, 4143, 4002, 106, 2773, 2881, 287, 2062, 1757, 4230, 1627, 830, 563, 1196, 2460, 5333, 2472, 1067, 1377, 4844, 3515, 4552, 958, 4347, 1170, 1543, 3120, 2239, 28, 4909, 3026, 515, 3293, 1948, 4948, 76, 970, 840, 4011, 2675, 4050, 37, 108, 4651, 3319, 3660, 5160, 4768, 1911, 5345, 23, 4419, 1815, 447, 581, 4426, 893, 2756, 1864, 4418, 4444, 1411, 3446, 3278, 1618, 4786, 3998, 2055, 2795, 4841, 1599, 1044, 2418, 2206, 1394, 3409, 4428, 5301, 5139, 4504, 3974, 4123, 2414, 3527, 4244, 4985, 3310, 3975, 1318, 952, 4822, 3414, 2223, 1506, 627, 3094, 1236, 4642, 2481, 1629, 4509, 4265, 3829, 4149, 3249, 426, 3817, 2571, 3894, 4662, 744, 4561, 1926, 3576, 2655, 1714, 2072, 1559, 3358, 4741, 2526, 2896, 5132, 613, 4331, 1969, 1727, 1293, 871, 5264, 4669, 1505, 1095]",390,750,1,False,750
265,numeric,description,2,True,False,True,"{2: 151, 1: 172, 5: 122, 3: 154, 4: 141, 0: 10}","[4097, 1548, 5419, 4731, 3902, 3380, 4432, 3710, 3542, 3991, 4880, 2494, 2930, 1237, 5356, 235, 4127, 3911, 217, 3274, 932, 1468, 2624, 2837, 3687, 1483, 2116, 3691, 4885, 1822, 1115, 1952, 4887, 876, 2002, 4576, 3443, 5286, 2441, 4713, 121, 2388, 292, 5439, 83, 4206, 4866, 1120, 5436, 1558, 1312, 2596, 3921, 1887, 388, 2130, 1360, 1525, 4673, 4770, 3790, 1675, 2897, 556, 4577, 4946, 2628, 1915, 2862, 5186, 4722, 3211, 2127, 2225, 352, 1392, 1877, 2901, 1025, 4799, 1285, 2739, 5107, 4436, 415, 2864, 15, 2351, 4600, 2046, 3401, 650, 3938, 1545, 226, 4522, 992, 5069, 534, 18, 335, 3566, 3064, 2698, 989, 123, 1932, 4178, 3670, 4847, 1514, 2273, 1786, 574, 2856, 3256, 618, 4694, 5405, 4404, 2676, 3762, 5255, 3755, 2485, 5321, 536, 233, 3760, 1837, 4431, 3948, 5252, 3797, 1538, 13, 1387, 1886, 1994, 2954, 4108, 3432, 3881, 4477, 2919, 4613, 5175, 714, 1719, 4590, 3976, 3180, 2250, 2329, 3919, 5171, 3330, 2506, 3126, 3434, 223, 1272, 1304, 2738, 3311, 1290, 3073, 3199, 5388, 1989, 2828, 1431, 2509, 1643, 3373, 2821, 1188, 2859, 1955, 510, 1486, 595, 2764, 2793, 2298, 708, 1768, 5056, 5179, 4869, 2794, 2360, 4895, 1094, 5372, 2311, 2488, 1066, 2618, 429, 571, 2244, 2290, 1380, 2387, 68, 2439, 1878, 3749, 4145, 3746, 4125, 1315, 2150, 4656, 348, 770, 3019, 2275, 587, 315, 4120, 36, 2855, 3651, 2566, 4293, 640, 1490, 4054, 4959, 1835, 2354, 3522, 4901, 1243, 1571, 3332, 652, 2068, 1808, 5156, 1114, 4716, 2121, 5117, 4747, 4593, 451, 3953, 2782, 2461, 5091, 4920, 4668, 3397, 5247, 1260, 297, 2704, 3504, 3203, 2900, 384, 157, 4868, 3488, 5245, 3173, 1647, 3273, 1192, 3908, 38, 3992, 749, 5294, 3848, 860, 2479, 2459, 867, 3218, 4838, 4482, 20, 1521, 1641, 122, 3118, 2063, 2400, 3519, 1063, 2035, 3442, 2890, 1763, 2119, 5400, 1961, 4854, 2292, 2772, 527, 4917, 4955, 2172, 1186, 4006, 1388, 4382, 4717, 2798, 831, 1206, 189, 5149, 4021, 507, 3599, 3197, 5148, 539, 2171, 2575, 1615, 4032, 2592, 5425, 350, 201, 2074, 3364, 3764, 2122, 3738, 1086, 4460, 400, 63, 1662, 286, 291, 693, 3484, 2629, 4674, 2334, 1913, 4762, 2824, 4767, 4750, 4965, 1785, 2069, 583, 1797, 5051, 4848, 2634, 1507, 4085, 5159, 3279, 3927, 4, 550, 5447, 207, 2799, 551, 5144, 2563, 146, 4989, 4400, 2113, 434, 27, 4129, 3768, 3668, 3459, 3091, 1215, 4091, 1681, 2872, 4014, 4194, 779, 4029, 3756, 4760, 2476, 1749, 4658, 4871, 4348, 2757, 646, 1897, 2195, 316, 716, 4208, 5383, 825, 5370, 3078, 3778, 1702, 3984, 3847, 1150, 4300, 649, 4808, 3775, 4935, 3159, 687, 1223, 946, 4538, 4535, 3077, 5359, 780, 477, 2524, 371, 5142, 3611, 62, 1069, 4193, 883, 4130, 4328, 622, 4974, 1436, 4519, 1762, 4238, 3012, 3554, 4026, 3342, 4182, 5410, 1407, 2736, 913, 4045, 182, 1382, 3625, 1351, 3839, 3583, 2938, 46, 829, 5326, 2230, 612, 5021, 3121, 1127, 3006, 1852, 329, 118, 3794, 4081, 72, 1330, 519, 1195, 2017, 1920, 314, 1129, 3544, 1000, 282, 4041, 2857, 324, 2210, 5283, 2272, 4438, 10, 5341, 4447, 5120, 4167, 1047, 742, 4222, 2916, 3377, 2533, 2707, 2819, 42, 3054, 703, 1519, 1891, 1740, 2997, 347, 5190, 3489, 4284, 833, 4467, 2603, 4198, 4987, 4303, 2483, 435, 4121, 2536, 3048, 2561, 4425, 3177, 2774, 5313, 5078, 1804, 2780, 317, 1372, 1842, 2517, 35, 4283, 3692, 794, 4047, 4496, 4319, 1623, 896, 4416, 3383, 2217, 2330, 2026, 2565, 890, 1423, 3773, 2941, 4926, 2977, 256, 2755, 3724, 1697, 3141, 3189, 2520, 402, 1159, 1593, 508, 1536, 2376, 2842, 691, 3596, 2321, 1576, 5411, 2201, 2532, 4138, 4631, 3815, 4657, 2905, 3472, 4518, 4823, 4810, 2892, 4073, 2806, 3715, 31, 2372, 1782, 2133, 1893, 3932, 4602, 3997, 1607, 1238, 4296, 1350, 4498, 4735, 1489, 4877, 845, 1630, 3469, 4143, 4002, 106, 2773, 2881, 287, 2062, 1757, 4230, 1627, 830, 563, 1196, 2460, 5333, 2472, 1067, 1377, 4844, 3515, 4552, 958, 4347, 1170, 1543, 3120, 2239, 28, 4909, 3026, 515, 3293, 1948, 4948, 76, 970, 840, 4011, 2675, 4050, 37, 108, 4651, 3319, 3660, 5160, 4768, 1911, 5345, 23, 4419, 1815, 447, 581, 4426, 893, 2756, 1864, 4418, 4444, 1411, 3446, 3278, 1618, 4786, 3998, 2055, 2795, 4841, 1599, 1044, 2418, 2206, 1394, 3409, 4428, 5301, 5139, 4504, 3974, 4123, 2414, 3527, 4244, 4985, 3310, 3975, 1318, 952, 4822, 3414, 2223, 1506, 627, 3094, 1236, 4642, 2481, 1629, 4509, 4265, 3829, 4149, 3249, 426, 3817, 2571, 3894, 4662, 744, 4561, 1926, 3576, 2655, 1714, 2072, 1559, 3358, 4741, 2526, 2896, 5132, 613, 4331, 1969, 1727, 1293, 871, 5264, 4669, 1505, 1095]",265,750,1,False,750
135,numeric,entity,1,True,False,True,"{2: 151, 1: 172, 5: 122, 3: 154, 4: 141, 0: 10}","[4097, 1548, 5419, 4731, 3902, 3380, 4432, 3710, 3542, 3991, 4880, 2494, 2930, 1237, 5356, 235, 4127, 3911, 217, 3274, 932, 1468, 2624, 2837, 3687, 1483, 2116, 3691, 4885, 1822, 1115, 1952, 4887, 876, 2002, 4576, 3443, 5286, 2441, 4713, 121, 2388, 292, 5439, 83, 4206, 4866, 1120, 5436, 1558, 1312, 2596, 3921, 1887, 388, 2130, 1360, 1525, 4673, 4770, 3790, 1675, 2897, 556, 4577, 4946, 2628, 1915, 2862, 5186, 4722, 3211, 2127, 2225, 352, 1392, 1877, 2901, 1025, 4799, 1285, 2739, 5107, 4436, 415, 2864, 15, 2351, 4600, 2046, 3401, 650, 3938, 1545, 226, 4522, 992, 5069, 534, 18, 335, 3566, 3064, 2698, 989, 123, 1932, 4178, 3670, 4847, 1514, 2273, 1786, 574, 2856, 3256, 618, 4694, 5405, 4404, 2676, 3762, 5255, 3755, 2485, 5321, 536, 233, 3760, 1837, 4431, 3948, 5252, 3797, 1538, 13, 1387, 1886, 1994, 2954, 4108, 3432, 3881, 4477, 2919, 4613, 5175, 714, 1719, 4590, 3976, 3180, 2250, 2329, 3919, 5171, 3330, 2506, 3126, 3434, 223, 1272, 1304, 2738, 3311, 1290, 3073, 3199, 5388, 1989, 2828, 1431, 2509, 1643, 3373, 2821, 1188, 2859, 1955, 510, 1486, 595, 2764, 2793, 2298, 708, 1768, 5056, 5179, 4869, 2794, 2360, 4895, 1094, 5372, 2311, 2488, 1066, 2618, 429, 571, 2244, 2290, 1380, 2387, 68, 2439, 1878, 3749, 4145, 3746, 4125, 1315, 2150, 4656, 348, 770, 3019, 2275, 587, 315, 4120, 36, 2855, 3651, 2566, 4293, 640, 1490, 4054, 4959, 1835, 2354, 3522, 4901, 1243, 1571, 3332, 652, 2068, 1808, 5156, 1114, 4716, 2121, 5117, 4747, 4593, 451, 3953, 2782, 2461, 5091, 4920, 4668, 3397, 5247, 1260, 297, 2704, 3504, 3203, 2900, 384, 157, 4868, 3488, 5245, 3173, 1647, 3273, 1192, 3908, 38, 3992, 749, 5294, 3848, 860, 2479, 2459, 867, 3218, 4838, 4482, 20, 1521, 1641, 122, 3118, 2063, 2400, 3519, 1063, 2035, 3442, 2890, 1763, 2119, 5400, 1961, 4854, 2292, 2772, 527, 4917, 4955, 2172, 1186, 4006, 1388, 4382, 4717, 2798, 831, 1206, 189, 5149, 4021, 507, 3599, 3197, 5148, 539, 2171, 2575, 1615, 4032, 2592, 5425, 350, 201, 2074, 3364, 3764, 2122, 3738, 1086, 4460, 400, 63, 1662, 286, 291, 693, 3484, 2629, 4674, 2334, 1913, 4762, 2824, 4767, 4750, 4965, 1785, 2069, 583, 1797, 5051, 4848, 2634, 1507, 4085, 5159, 3279, 3927, 4, 550, 5447, 207, 2799, 551, 5144, 2563, 146, 4989, 4400, 2113, 434, 27, 4129, 3768, 3668, 3459, 3091, 1215, 4091, 1681, 2872, 4014, 4194, 779, 4029, 3756, 4760, 2476, 1749, 4658, 4871, 4348, 2757, 646, 1897, 2195, 316, 716, 4208, 5383, 825, 5370, 3078, 3778, 1702, 3984, 3847, 1150, 4300, 649, 4808, 3775, 4935, 3159, 687, 1223, 946, 4538, 4535, 3077, 5359, 780, 477, 2524, 371, 5142, 3611, 62, 1069, 4193, 883, 4130, 4328, 622, 4974, 1436, 4519, 1762, 4238, 3012, 3554, 4026, 3342, 4182, 5410, 1407, 2736, 913, 4045, 182, 1382, 3625, 1351, 3839, 3583, 2938, 46, 829, 5326, 2230, 612, 5021, 3121, 1127, 3006, 1852, 329, 118, 3794, 4081, 72, 1330, 519, 1195, 2017, 1920, 314, 1129, 3544, 1000, 282, 4041, 2857, 324, 2210, 5283, 2272, 4438, 10, 5341, 4447, 5120, 4167, 1047, 742, 4222, 2916, 3377, 2533, 2707, 2819, 42, 3054, 703, 1519, 1891, 1740, 2997, 347, 5190, 3489, 4284, 833, 4467, 2603, 4198, 4987, 4303, 2483, 435, 4121, 2536, 3048, 2561, 4425, 3177, 2774, 5313, 5078, 1804, 2780, 317, 1372, 1842, 2517, 35, 4283, 3692, 794, 4047, 4496, 4319, 1623, 896, 4416, 3383, 2217, 2330, 2026, 2565, 890, 1423, 3773, 2941, 4926, 2977, 256, 2755, 3724, 1697, 3141, 3189, 2520, 402, 1159, 1593, 508, 1536, 2376, 2842, 691, 3596, 2321, 1576, 5411, 2201, 2532, 4138, 4631, 3815, 4657, 2905, 3472, 4518, 4823, 4810, 2892, 4073, 2806, 3715, 31, 2372, 1782, 2133, 1893, 3932, 4602, 3997, 1607, 1238, 4296, 1350, 4498, 4735, 1489, 4877, 845, 1630, 3469, 4143, 4002, 106, 2773, 2881, 287, 2062, 1757, 4230, 1627, 830, 563, 1196, 2460, 5333, 2472, 1067, 1377, 4844, 3515, 4552, 958, 4347, 1170, 1543, 3120, 2239, 28, 4909, 3026, 515, 3293, 1948, 4948, 76, 970, 840, 4011, 2675, 4050, 37, 108, 4651, 3319, 3660, 5160, 4768, 1911, 5345, 23, 4419, 1815, 447, 581, 4426, 893, 2756, 1864, 4418, 4444, 1411, 3446, 3278, 1618, 4786, 3998, 2055, 2795, 4841, 1599, 1044, 2418, 2206, 1394, 3409, 4428, 5301, 5139, 4504, 3974, 4123, 2414, 3527, 4244, 4985, 3310, 3975, 1318, 952, 4822, 3414, 2223, 1506, 627, 3094, 1236, 4642, 2481, 1629, 4509, 4265, 3829, 4149, 3249, 426, 3817, 2571, 3894, 4662, 744, 4561, 1926, 3576, 2655, 1714, 2072, 1559, 3358, 4741, 2526, 2896, 5132, 613, 4331, 1969, 1727, 1293, 871, 5264, 4669, 1505, 1095]",135,750,1,False,750
37,numeric,numeric,5,True,True,True,"{2: 151, 1: 172, 5: 122, 3: 154, 4: 141, 0: 10}","[4097, 1548, 5419, 4731, 3902, 3380, 4432, 3710, 3542, 3991, 4880, 2494, 2930, 1237, 5356, 235, 4127, 3911, 217, 3274, 932, 1468, 2624, 2837, 3687, 1483, 2116, 3691, 4885, 1822, 1115, 1952, 4887, 876, 2002, 4576, 3443, 5286, 2441, 4713, 121, 2388, 292, 5439, 83, 4206, 4866, 1120, 5436, 1558, 1312, 2596, 3921, 1887, 388, 2130, 1360, 1525, 4673, 4770, 3790, 1675, 2897, 556, 4577, 4946, 2628, 1915, 2862, 5186, 4722, 3211, 2127, 2225, 352, 1392, 1877, 2901, 1025, 4799, 1285, 2739, 5107, 4436, 415, 2864, 15, 2351, 4600, 2046, 3401, 650, 3938, 1545, 226, 4522, 992, 5069, 534, 18, 335, 3566, 3064, 2698, 989, 123, 1932, 4178, 3670, 4847, 1514, 2273, 1786, 574, 2856, 3256, 618, 4694, 5405, 4404, 2676, 3762, 5255, 3755, 2485, 5321, 536, 233, 3760, 1837, 4431, 3948, 5252, 3797, 1538, 13, 1387, 1886, 1994, 2954, 4108, 3432, 3881, 4477, 2919, 4613, 5175, 714, 1719, 4590, 3976, 3180, 2250, 2329, 3919, 5171, 3330, 2506, 3126, 3434, 223, 1272, 1304, 2738, 3311, 1290, 3073, 3199, 5388, 1989, 2828, 1431, 2509, 1643, 3373, 2821, 1188, 2859, 1955, 510, 1486, 595, 2764, 2793, 2298, 708, 1768, 5056, 5179, 4869, 2794, 2360, 4895, 1094, 5372, 2311, 2488, 1066, 2618, 429, 571, 2244, 2290, 1380, 2387, 68, 2439, 1878, 3749, 4145, 3746, 4125, 1315, 2150, 4656, 348, 770, 3019, 2275, 587, 315, 4120, 36, 2855, 3651, 2566, 4293, 640, 1490, 4054, 4959, 1835, 2354, 3522, 4901, 1243, 1571, 3332, 652, 2068, 1808, 5156, 1114, 4716, 2121, 5117, 4747, 4593, 451, 3953, 2782, 2461, 5091, 4920, 4668, 3397, 5247, 1260, 297, 2704, 3504, 3203, 2900, 384, 157, 4868, 3488, 5245, 3173, 1647, 3273, 1192, 3908, 38, 3992, 749, 5294, 3848, 860, 2479, 2459, 867, 3218, 4838, 4482, 20, 1521, 1641, 122, 3118, 2063, 2400, 3519, 1063, 2035, 3442, 2890, 1763, 2119, 5400, 1961, 4854, 2292, 2772, 527, 4917, 4955, 2172, 1186, 4006, 1388, 4382, 4717, 2798, 831, 1206, 189, 5149, 4021, 507, 3599, 3197, 5148, 539, 2171, 2575, 1615, 4032, 2592, 5425, 350, 201, 2074, 3364, 3764, 2122, 3738, 1086, 4460, 400, 63, 1662, 286, 291, 693, 3484, 2629, 4674, 2334, 1913, 4762, 2824, 4767, 4750, 4965, 1785, 2069, 583, 1797, 5051, 4848, 2634, 1507, 4085, 5159, 3279, 3927, 4, 550, 5447, 207, 2799, 551, 5144, 2563, 146, 4989, 4400, 2113, 434, 27, 4129, 3768, 3668, 3459, 3091, 1215, 4091, 1681, 2872, 4014, 4194, 779, 4029, 3756, 4760, 2476, 1749, 4658, 4871, 4348, 2757, 646, 1897, 2195, 316, 716, 4208, 5383, 825, 5370, 3078, 3778, 1702, 3984, 3847, 1150, 4300, 649, 4808, 3775, 4935, 3159, 687, 1223, 946, 4538, 4535, 3077, 5359, 780, 477, 2524, 371, 5142, 3611, 62, 1069, 4193, 883, 4130, 4328, 622, 4974, 1436, 4519, 1762, 4238, 3012, 3554, 4026, 3342, 4182, 5410, 1407, 2736, 913, 4045, 182, 1382, 3625, 1351, 3839, 3583, 2938, 46, 829, 5326, 2230, 612, 5021, 3121, 1127, 3006, 1852, 329, 118, 3794, 4081, 72, 1330, 519, 1195, 2017, 1920, 314, 1129, 3544, 1000, 282, 4041, 2857, 324, 2210, 5283, 2272, 4438, 10, 5341, 4447, 5120, 4167, 1047, 742, 4222, 2916, 3377, 2533, 2707, 2819, 42, 3054, 703, 1519, 1891, 1740, 2997, 347, 5190, 3489, 4284, 833, 4467, 2603, 4198, 4987, 4303, 2483, 435, 4121, 2536, 3048, 2561, 4425, 3177, 2774, 5313, 5078, 1804, 2780, 317, 1372, 1842, 2517, 35, 4283, 3692, 794, 4047, 4496, 4319, 1623, 896, 4416, 3383, 2217, 2330, 2026, 2565, 890, 1423, 3773, 2941, 4926, 2977, 256, 2755, 3724, 1697, 3141, 3189, 2520, 402, 1159, 1593, 508, 1536, 2376, 2842, 691, 3596, 2321, 1576, 5411, 2201, 2532, 4138, 4631, 3815, 4657, 2905, 3472, 4518, 4823, 4810, 2892, 4073, 2806, 3715, 31, 2372, 1782, 2133, 1893, 3932, 4602, 3997, 1607, 1238, 4296, 1350, 4498, 4735, 1489, 4877, 845, 1630, 3469, 4143, 4002, 106, 2773, 2881, 287, 2062, 1757, 4230, 1627, 830, 563, 1196, 2460, 5333, 2472, 1067, 1377, 4844, 3515, 4552, 958, 4347, 1170, 1543, 3120, 2239, 28, 4909, 3026, 515, 3293, 1948, 4948, 76, 970, 840, 4011, 2675, 4050, 37, 108, 4651, 3319, 3660, 5160, 4768, 1911, 5345, 23, 4419, 1815, 447, 581, 4426, 893, 2756, 1864, 4418, 4444, 1411, 3446, 3278, 1618, 4786, 3998, 2055, 2795, 4841, 1599, 1044, 2418, 2206, 1394, 3409, 4428, 5301, 5139, 4504, 3974, 4123, 2414, 3527, 4244, 4985, 3310, 3975, 1318, 952, 4822, 3414, 2223, 1506, 627, 3094, 1236, 4642, 2481, 1629, 4509, 4265, 3829, 4149, 3249, 426, 3817, 2571, 3894, 4662, 744, 4561, 1926, 3576, 2655, 1714, 2072, 1559, 3358, 4741, 2526, 2896, 5132, 613, 4331, 1969, 1727, 1293, 871, 5264, 4669, 1505, 1095]",37,750,1,False,750
209,numeric,description,2,True,False,True,"{2: 151, 1: 172, 5: 122, 3: 154, 4: 141, 0: 10}","[4097, 1548, 5419, 4731, 3902, 3380, 4432, 3710, 3542, 3991, 4880, 2494, 2930, 1237, 5356, 235, 4127, 3911, 217, 3274, 932, 1468, 2624, 2837, 3687, 1483, 2116, 3691, 4885, 1822, 1115, 1952, 4887, 876, 2002, 4576, 3443, 5286, 2441, 4713, 121, 2388, 292, 5439, 83, 4206, 4866, 1120, 5436, 1558, 1312, 2596, 3921, 1887, 388, 2130, 1360, 1525, 4673, 4770, 3790, 1675, 2897, 556, 4577, 4946, 2628, 1915, 2862, 5186, 4722, 3211, 2127, 2225, 352, 1392, 1877, 2901, 1025, 4799, 1285, 2739, 5107, 4436, 415, 2864, 15, 2351, 4600, 2046, 3401, 650, 3938, 1545, 226, 4522, 992, 5069, 534, 18, 335, 3566, 3064, 2698, 989, 123, 1932, 4178, 3670, 4847, 1514, 2273, 1786, 574, 2856, 3256, 618, 4694, 5405, 4404, 2676, 3762, 5255, 3755, 2485, 5321, 536, 233, 3760, 1837, 4431, 3948, 5252, 3797, 1538, 13, 1387, 1886, 1994, 2954, 4108, 3432, 3881, 4477, 2919, 4613, 5175, 714, 1719, 4590, 3976, 3180, 2250, 2329, 3919, 5171, 3330, 2506, 3126, 3434, 223, 1272, 1304, 2738, 3311, 1290, 3073, 3199, 5388, 1989, 2828, 1431, 2509, 1643, 3373, 2821, 1188, 2859, 1955, 510, 1486, 595, 2764, 2793, 2298, 708, 1768, 5056, 5179, 4869, 2794, 2360, 4895, 1094, 5372, 2311, 2488, 1066, 2618, 429, 571, 2244, 2290, 1380, 2387, 68, 2439, 1878, 3749, 4145, 3746, 4125, 1315, 2150, 4656, 348, 770, 3019, 2275, 587, 315, 4120, 36, 2855, 3651, 2566, 4293, 640, 1490, 4054, 4959, 1835, 2354, 3522, 4901, 1243, 1571, 3332, 652, 2068, 1808, 5156, 1114, 4716, 2121, 5117, 4747, 4593, 451, 3953, 2782, 2461, 5091, 4920, 4668, 3397, 5247, 1260, 297, 2704, 3504, 3203, 2900, 384, 157, 4868, 3488, 5245, 3173, 1647, 3273, 1192, 3908, 38, 3992, 749, 5294, 3848, 860, 2479, 2459, 867, 3218, 4838, 4482, 20, 1521, 1641, 122, 3118, 2063, 2400, 3519, 1063, 2035, 3442, 2890, 1763, 2119, 5400, 1961, 4854, 2292, 2772, 527, 4917, 4955, 2172, 1186, 4006, 1388, 4382, 4717, 2798, 831, 1206, 189, 5149, 4021, 507, 3599, 3197, 5148, 539, 2171, 2575, 1615, 4032, 2592, 5425, 350, 201, 2074, 3364, 3764, 2122, 3738, 1086, 4460, 400, 63, 1662, 286, 291, 693, 3484, 2629, 4674, 2334, 1913, 4762, 2824, 4767, 4750, 4965, 1785, 2069, 583, 1797, 5051, 4848, 2634, 1507, 4085, 5159, 3279, 3927, 4, 550, 5447, 207, 2799, 551, 5144, 2563, 146, 4989, 4400, 2113, 434, 27, 4129, 3768, 3668, 3459, 3091, 1215, 4091, 1681, 2872, 4014, 4194, 779, 4029, 3756, 4760, 2476, 1749, 4658, 4871, 4348, 2757, 646, 1897, 2195, 316, 716, 4208, 5383, 825, 5370, 3078, 3778, 1702, 3984, 3847, 1150, 4300, 649, 4808, 3775, 4935, 3159, 687, 1223, 946, 4538, 4535, 3077, 5359, 780, 477, 2524, 371, 5142, 3611, 62, 1069, 4193, 883, 4130, 4328, 622, 4974, 1436, 4519, 1762, 4238, 3012, 3554, 4026, 3342, 4182, 5410, 1407, 2736, 913, 4045, 182, 1382, 3625, 1351, 3839, 3583, 2938, 46, 829, 5326, 2230, 612, 5021, 3121, 1127, 3006, 1852, 329, 118, 3794, 4081, 72, 1330, 519, 1195, 2017, 1920, 314, 1129, 3544, 1000, 282, 4041, 2857, 324, 2210, 5283, 2272, 4438, 10, 5341, 4447, 5120, 4167, 1047, 742, 4222, 2916, 3377, 2533, 2707, 2819, 42, 3054, 703, 1519, 1891, 1740, 2997, 347, 5190, 3489, 4284, 833, 4467, 2603, 4198, 4987, 4303, 2483, 435, 4121, 2536, 3048, 2561, 4425, 3177, 2774, 5313, 5078, 1804, 2780, 317, 1372, 1842, 2517, 35, 4283, 3692, 794, 4047, 4496, 4319, 1623, 896, 4416, 3383, 2217, 2330, 2026, 2565, 890, 1423, 3773, 2941, 4926, 2977, 256, 2755, 3724, 1697, 3141, 3189, 2520, 402, 1159, 1593, 508, 1536, 2376, 2842, 691, 3596, 2321, 1576, 5411, 2201, 2532, 4138, 4631, 3815, 4657, 2905, 3472, 4518, 4823, 4810, 2892, 4073, 2806, 3715, 31, 2372, 1782, 2133, 1893, 3932, 4602, 3997, 1607, 1238, 4296, 1350, 4498, 4735, 1489, 4877, 845, 1630, 3469, 4143, 4002, 106, 2773, 2881, 287, 2062, 1757, 4230, 1627, 830, 563, 1196, 2460, 5333, 2472, 1067, 1377, 4844, 3515, 4552, 958, 4347, 1170, 1543, 3120, 2239, 28, 4909, 3026, 515, 3293, 1948, 4948, 76, 970, 840, 4011, 2675, 4050, 37, 108, 4651, 3319, 3660, 5160, 4768, 1911, 5345, 23, 4419, 1815, 447, 581, 4426, 893, 2756, 1864, 4418, 4444, 1411, 3446, 3278, 1618, 4786, 3998, 2055, 2795, 4841, 1599, 1044, 2418, 2206, 1394, 3409, 4428, 5301, 5139, 4504, 3974, 4123, 2414, 3527, 4244, 4985, 3310, 3975, 1318, 952, 4822, 3414, 2223, 1506, 627, 3094, 1236, 4642, 2481, 1629, 4509, 4265, 3829, 4149, 3249, 426, 3817, 2571, 3894, 4662, 744, 4561, 1926, 3576, 2655, 1714, 2072, 1559, 3358, 4741, 2526, 2896, 5132, 613, 4331, 1969, 1727, 1293, 871, 5264, 4669, 1505, 1095]",209,750,1,False,750
482,numeric,entity,1,True,False,True,"{2: 151, 1: 172, 5: 122, 3: 154, 4: 141, 0: 10}","[4097, 1548, 5419, 4731, 3902, 3380, 4432, 3710, 3542, 3991, 4880, 2494, 2930, 1237, 5356, 235, 4127, 3911, 217, 3274, 932, 1468, 2624, 2837, 3687, 1483, 2116, 3691, 4885, 1822, 1115, 1952, 4887, 876, 2002, 4576, 3443, 5286, 2441, 4713, 121, 2388, 292, 5439, 83, 4206, 4866, 1120, 5436, 1558, 1312, 2596, 3921, 1887, 388, 2130, 1360, 1525, 4673, 4770, 3790, 1675, 2897, 556, 4577, 4946, 2628, 1915, 2862, 5186, 4722, 3211, 2127, 2225, 352, 1392, 1877, 2901, 1025, 4799, 1285, 2739, 5107, 4436, 415, 2864, 15, 2351, 4600, 2046, 3401, 650, 3938, 1545, 226, 4522, 992, 5069, 534, 18, 335, 3566, 3064, 2698, 989, 123, 1932, 4178, 3670, 4847, 1514, 2273, 1786, 574, 2856, 3256, 618, 4694, 5405, 4404, 2676, 3762, 5255, 3755, 2485, 5321, 536, 233, 3760, 1837, 4431, 3948, 5252, 3797, 1538, 13, 1387, 1886, 1994, 2954, 4108, 3432, 3881, 4477, 2919, 4613, 5175, 714, 1719, 4590, 3976, 3180, 2250, 2329, 3919, 5171, 3330, 2506, 3126, 3434, 223, 1272, 1304, 2738, 3311, 1290, 3073, 3199, 5388, 1989, 2828, 1431, 2509, 1643, 3373, 2821, 1188, 2859, 1955, 510, 1486, 595, 2764, 2793, 2298, 708, 1768, 5056, 5179, 4869, 2794, 2360, 4895, 1094, 5372, 2311, 2488, 1066, 2618, 429, 571, 2244, 2290, 1380, 2387, 68, 2439, 1878, 3749, 4145, 3746, 4125, 1315, 2150, 4656, 348, 770, 3019, 2275, 587, 315, 4120, 36, 2855, 3651, 2566, 4293, 640, 1490, 4054, 4959, 1835, 2354, 3522, 4901, 1243, 1571, 3332, 652, 2068, 1808, 5156, 1114, 4716, 2121, 5117, 4747, 4593, 451, 3953, 2782, 2461, 5091, 4920, 4668, 3397, 5247, 1260, 297, 2704, 3504, 3203, 2900, 384, 157, 4868, 3488, 5245, 3173, 1647, 3273, 1192, 3908, 38, 3992, 749, 5294, 3848, 860, 2479, 2459, 867, 3218, 4838, 4482, 20, 1521, 1641, 122, 3118, 2063, 2400, 3519, 1063, 2035, 3442, 2890, 1763, 2119, 5400, 1961, 4854, 2292, 2772, 527, 4917, 4955, 2172, 1186, 4006, 1388, 4382, 4717, 2798, 831, 1206, 189, 5149, 4021, 507, 3599, 3197, 5148, 539, 2171, 2575, 1615, 4032, 2592, 5425, 350, 201, 2074, 3364, 3764, 2122, 3738, 1086, 4460, 400, 63, 1662, 286, 291, 693, 3484, 2629, 4674, 2334, 1913, 4762, 2824, 4767, 4750, 4965, 1785, 2069, 583, 1797, 5051, 4848, 2634, 1507, 4085, 5159, 3279, 3927, 4, 550, 5447, 207, 2799, 551, 5144, 2563, 146, 4989, 4400, 2113, 434, 27, 4129, 3768, 3668, 3459, 3091, 1215, 4091, 1681, 2872, 4014, 4194, 779, 4029, 3756, 4760, 2476, 1749, 4658, 4871, 4348, 2757, 646, 1897, 2195, 316, 716, 4208, 5383, 825, 5370, 3078, 3778, 1702, 3984, 3847, 1150, 4300, 649, 4808, 3775, 4935, 3159, 687, 1223, 946, 4538, 4535, 3077, 5359, 780, 477, 2524, 371, 5142, 3611, 62, 1069, 4193, 883, 4130, 4328, 622, 4974, 1436, 4519, 1762, 4238, 3012, 3554, 4026, 3342, 4182, 5410, 1407, 2736, 913, 4045, 182, 1382, 3625, 1351, 3839, 3583, 2938, 46, 829, 5326, 2230, 612, 5021, 3121, 1127, 3006, 1852, 329, 118, 3794, 4081, 72, 1330, 519, 1195, 2017, 1920, 314, 1129, 3544, 1000, 282, 4041, 2857, 324, 2210, 5283, 2272, 4438, 10, 5341, 4447, 5120, 4167, 1047, 742, 4222, 2916, 3377, 2533, 2707, 2819, 42, 3054, 703, 1519, 1891, 1740, 2997, 347, 5190, 3489, 4284, 833, 4467, 2603, 4198, 4987, 4303, 2483, 435, 4121, 2536, 3048, 2561, 4425, 3177, 2774, 5313, 5078, 1804, 2780, 317, 1372, 1842, 2517, 35, 4283, 3692, 794, 4047, 4496, 4319, 1623, 896, 4416, 3383, 2217, 2330, 2026, 2565, 890, 1423, 3773, 2941, 4926, 2977, 256, 2755, 3724, 1697, 3141, 3189, 2520, 402, 1159, 1593, 508, 1536, 2376, 2842, 691, 3596, 2321, 1576, 5411, 2201, 2532, 4138, 4631, 3815, 4657, 2905, 3472, 4518, 4823, 4810, 2892, 4073, 2806, 3715, 31, 2372, 1782, 2133, 1893, 3932, 4602, 3997, 1607, 1238, 4296, 1350, 4498, 4735, 1489, 4877, 845, 1630, 3469, 4143, 4002, 106, 2773, 2881, 287, 2062, 1757, 4230, 1627, 830, 563, 1196, 2460, 5333, 2472, 1067, 1377, 4844, 3515, 4552, 958, 4347, 1170, 1543, 3120, 2239, 28, 4909, 3026, 515, 3293, 1948, 4948, 76, 970, 840, 4011, 2675, 4050, 37, 108, 4651, 3319, 3660, 5160, 4768, 1911, 5345, 23, 4419, 1815, 447, 581, 4426, 893, 2756, 1864, 4418, 4444, 1411, 3446, 3278, 1618, 4786, 3998, 2055, 2795, 4841, 1599, 1044, 2418, 2206, 1394, 3409, 4428, 5301, 5139, 4504, 3974, 4123, 2414, 3527, 4244, 4985, 3310, 3975, 1318, 952, 4822, 3414, 2223, 1506, 627, 3094, 1236, 4642, 2481, 1629, 4509, 4265, 3829, 4149, 3249, 426, 3817, 2571, 3894, 4662, 744, 4561, 1926, 3576, 2655, 1714, 2072, 1559, 3358, 4741, 2526, 2896, 5132, 613, 4331, 1969, 1727, 1293, 871, 5264, 4669, 1505, 1095]",482,750,1,False,750
48,numeric,numeric,5,True,True,True,"{2: 151, 1: 172, 5: 122, 3: 154, 4: 141, 0: 10}","[4097, 1548, 5419, 4731, 3902, 3380, 4432, 3710, 3542, 3991, 4880, 2494, 2930, 1237, 5356, 235, 4127, 3911, 217, 3274, 932, 1468, 2624, 2837, 3687, 1483, 2116, 3691, 4885, 1822, 1115, 1952, 4887, 876, 2002, 4576, 3443, 5286, 2441, 4713, 121, 2388, 292, 5439, 83, 4206, 4866, 1120, 5436, 1558, 1312, 2596, 3921, 1887, 388, 2130, 1360, 1525, 4673, 4770, 3790, 1675, 2897, 556, 4577, 4946, 2628, 1915, 2862, 5186, 4722, 3211, 2127, 2225, 352, 1392, 1877, 2901, 1025, 4799, 1285, 2739, 5107, 4436, 415, 2864, 15, 2351, 4600, 2046, 3401, 650, 3938, 1545, 226, 4522, 992, 5069, 534, 18, 335, 3566, 3064, 2698, 989, 123, 1932, 4178, 3670, 4847, 1514, 2273, 1786, 574, 2856, 3256, 618, 4694, 5405, 4404, 2676, 3762, 5255, 3755, 2485, 5321, 536, 233, 3760, 1837, 4431, 3948, 5252, 3797, 1538, 13, 1387, 1886, 1994, 2954, 4108, 3432, 3881, 4477, 2919, 4613, 5175, 714, 1719, 4590, 3976, 3180, 2250, 2329, 3919, 5171, 3330, 2506, 3126, 3434, 223, 1272, 1304, 2738, 3311, 1290, 3073, 3199, 5388, 1989, 2828, 1431, 2509, 1643, 3373, 2821, 1188, 2859, 1955, 510, 1486, 595, 2764, 2793, 2298, 708, 1768, 5056, 5179, 4869, 2794, 2360, 4895, 1094, 5372, 2311, 2488, 1066, 2618, 429, 571, 2244, 2290, 1380, 2387, 68, 2439, 1878, 3749, 4145, 3746, 4125, 1315, 2150, 4656, 348, 770, 3019, 2275, 587, 315, 4120, 36, 2855, 3651, 2566, 4293, 640, 1490, 4054, 4959, 1835, 2354, 3522, 4901, 1243, 1571, 3332, 652, 2068, 1808, 5156, 1114, 4716, 2121, 5117, 4747, 4593, 451, 3953, 2782, 2461, 5091, 4920, 4668, 3397, 5247, 1260, 297, 2704, 3504, 3203, 2900, 384, 157, 4868, 3488, 5245, 3173, 1647, 3273, 1192, 3908, 38, 3992, 749, 5294, 3848, 860, 2479, 2459, 867, 3218, 4838, 4482, 20, 1521, 1641, 122, 3118, 2063, 2400, 3519, 1063, 2035, 3442, 2890, 1763, 2119, 5400, 1961, 4854, 2292, 2772, 527, 4917, 4955, 2172, 1186, 4006, 1388, 4382, 4717, 2798, 831, 1206, 189, 5149, 4021, 507, 3599, 3197, 5148, 539, 2171, 2575, 1615, 4032, 2592, 5425, 350, 201, 2074, 3364, 3764, 2122, 3738, 1086, 4460, 400, 63, 1662, 286, 291, 693, 3484, 2629, 4674, 2334, 1913, 4762, 2824, 4767, 4750, 4965, 1785, 2069, 583, 1797, 5051, 4848, 2634, 1507, 4085, 5159, 3279, 3927, 4, 550, 5447, 207, 2799, 551, 5144, 2563, 146, 4989, 4400, 2113, 434, 27, 4129, 3768, 3668, 3459, 3091, 1215, 4091, 1681, 2872, 4014, 4194, 779, 4029, 3756, 4760, 2476, 1749, 4658, 4871, 4348, 2757, 646, 1897, 2195, 316, 716, 4208, 5383, 825, 5370, 3078, 3778, 1702, 3984, 3847, 1150, 4300, 649, 4808, 3775, 4935, 3159, 687, 1223, 946, 4538, 4535, 3077, 5359, 780, 477, 2524, 371, 5142, 3611, 62, 1069, 4193, 883, 4130, 4328, 622, 4974, 1436, 4519, 1762, 4238, 3012, 3554, 4026, 3342, 4182, 5410, 1407, 2736, 913, 4045, 182, 1382, 3625, 1351, 3839, 3583, 2938, 46, 829, 5326, 2230, 612, 5021, 3121, 1127, 3006, 1852, 329, 118, 3794, 4081, 72, 1330, 519, 1195, 2017, 1920, 314, 1129, 3544, 1000, 282, 4041, 2857, 324, 2210, 5283, 2272, 4438, 10, 5341, 4447, 5120, 4167, 1047, 742, 4222, 2916, 3377, 2533, 2707, 2819, 42, 3054, 703, 1519, 1891, 1740, 2997, 347, 5190, 3489, 4284, 833, 4467, 2603, 4198, 4987, 4303, 2483, 435, 4121, 2536, 3048, 2561, 4425, 3177, 2774, 5313, 5078, 1804, 2780, 317, 1372, 1842, 2517, 35, 4283, 3692, 794, 4047, 4496, 4319, 1623, 896, 4416, 3383, 2217, 2330, 2026, 2565, 890, 1423, 3773, 2941, 4926, 2977, 256, 2755, 3724, 1697, 3141, 3189, 2520, 402, 1159, 1593, 508, 1536, 2376, 2842, 691, 3596, 2321, 1576, 5411, 2201, 2532, 4138, 4631, 3815, 4657, 2905, 3472, 4518, 4823, 4810, 2892, 4073, 2806, 3715, 31, 2372, 1782, 2133, 1893, 3932, 4602, 3997, 1607, 1238, 4296, 1350, 4498, 4735, 1489, 4877, 845, 1630, 3469, 4143, 4002, 106, 2773, 2881, 287, 2062, 1757, 4230, 1627, 830, 563, 1196, 2460, 5333, 2472, 1067, 1377, 4844, 3515, 4552, 958, 4347, 1170, 1543, 3120, 2239, 28, 4909, 3026, 515, 3293, 1948, 4948, 76, 970, 840, 4011, 2675, 4050, 37, 108, 4651, 3319, 3660, 5160, 4768, 1911, 5345, 23, 4419, 1815, 447, 581, 4426, 893, 2756, 1864, 4418, 4444, 1411, 3446, 3278, 1618, 4786, 3998, 2055, 2795, 4841, 1599, 1044, 2418, 2206, 1394, 3409, 4428, 5301, 5139, 4504, 3974, 4123, 2414, 3527, 4244, 4985, 3310, 3975, 1318, 952, 4822, 3414, 2223, 1506, 627, 3094, 1236, 4642, 2481, 1629, 4509, 4265, 3829, 4149, 3249, 426, 3817, 2571, 3894, 4662, 744, 4561, 1926, 3576, 2655, 1714, 2072, 1559, 3358, 4741, 2526, 2896, 5132, 613, 4331, 1969, 1727, 1293, 871, 5264, 4669, 1505, 1095]",48,750,1,False,750
241,description,description,2,True,True,True,"{2: 151, 1: 172, 5: 122, 3: 154, 4: 141, 0: 10}","[4097, 1548, 5419, 4731, 3902, 3380, 4432, 3710, 3542, 3991, 4880, 2494, 2930, 1237, 5356, 235, 4127, 3911, 217, 3274, 932, 1468, 2624, 2837, 3687, 1483, 2116, 3691, 4885, 1822, 1115, 1952, 4887, 876, 2002, 4576, 3443, 5286, 2441, 4713, 121, 2388, 292, 5439, 83, 4206, 4866, 1120, 5436, 1558, 1312, 2596, 3921, 1887, 388, 2130, 1360, 1525, 4673, 4770, 3790, 1675, 2897, 556, 4577, 4946, 2628, 1915, 2862, 5186, 4722, 3211, 2127, 2225, 352, 1392, 1877, 2901, 1025, 4799, 1285, 2739, 5107, 4436, 415, 2864, 15, 2351, 4600, 2046, 3401, 650, 3938, 1545, 226, 4522, 992, 5069, 534, 18, 335, 3566, 3064, 2698, 989, 123, 1932, 4178, 3670, 4847, 1514, 2273, 1786, 574, 2856, 3256, 618, 4694, 5405, 4404, 2676, 3762, 5255, 3755, 2485, 5321, 536, 233, 3760, 1837, 4431, 3948, 5252, 3797, 1538, 13, 1387, 1886, 1994, 2954, 4108, 3432, 3881, 4477, 2919, 4613, 5175, 714, 1719, 4590, 3976, 3180, 2250, 2329, 3919, 5171, 3330, 2506, 3126, 3434, 223, 1272, 1304, 2738, 3311, 1290, 3073, 3199, 5388, 1989, 2828, 1431, 2509, 1643, 3373, 2821, 1188, 2859, 1955, 510, 1486, 595, 2764, 2793, 2298, 708, 1768, 5056, 5179, 4869, 2794, 2360, 4895, 1094, 5372, 2311, 2488, 1066, 2618, 429, 571, 2244, 2290, 1380, 2387, 68, 2439, 1878, 3749, 4145, 3746, 4125, 1315, 2150, 4656, 348, 770, 3019, 2275, 587, 315, 4120, 36, 2855, 3651, 2566, 4293, 640, 1490, 4054, 4959, 1835, 2354, 3522, 4901, 1243, 1571, 3332, 652, 2068, 1808, 5156, 1114, 4716, 2121, 5117, 4747, 4593, 451, 3953, 2782, 2461, 5091, 4920, 4668, 3397, 5247, 1260, 297, 2704, 3504, 3203, 2900, 384, 157, 4868, 3488, 5245, 3173, 1647, 3273, 1192, 3908, 38, 3992, 749, 5294, 3848, 860, 2479, 2459, 867, 3218, 4838, 4482, 20, 1521, 1641, 122, 3118, 2063, 2400, 3519, 1063, 2035, 3442, 2890, 1763, 2119, 5400, 1961, 4854, 2292, 2772, 527, 4917, 4955, 2172, 1186, 4006, 1388, 4382, 4717, 2798, 831, 1206, 189, 5149, 4021, 507, 3599, 3197, 5148, 539, 2171, 2575, 1615, 4032, 2592, 5425, 350, 201, 2074, 3364, 3764, 2122, 3738, 1086, 4460, 400, 63, 1662, 286, 291, 693, 3484, 2629, 4674, 2334, 1913, 4762, 2824, 4767, 4750, 4965, 1785, 2069, 583, 1797, 5051, 4848, 2634, 1507, 4085, 5159, 3279, 3927, 4, 550, 5447, 207, 2799, 551, 5144, 2563, 146, 4989, 4400, 2113, 434, 27, 4129, 3768, 3668, 3459, 3091, 1215, 4091, 1681, 2872, 4014, 4194, 779, 4029, 3756, 4760, 2476, 1749, 4658, 4871, 4348, 2757, 646, 1897, 2195, 316, 716, 4208, 5383, 825, 5370, 3078, 3778, 1702, 3984, 3847, 1150, 4300, 649, 4808, 3775, 4935, 3159, 687, 1223, 946, 4538, 4535, 3077, 5359, 780, 477, 2524, 371, 5142, 3611, 62, 1069, 4193, 883, 4130, 4328, 622, 4974, 1436, 4519, 1762, 4238, 3012, 3554, 4026, 3342, 4182, 5410, 1407, 2736, 913, 4045, 182, 1382, 3625, 1351, 3839, 3583, 2938, 46, 829, 5326, 2230, 612, 5021, 3121, 1127, 3006, 1852, 329, 118, 3794, 4081, 72, 1330, 519, 1195, 2017, 1920, 314, 1129, 3544, 1000, 282, 4041, 2857, 324, 2210, 5283, 2272, 4438, 10, 5341, 4447, 5120, 4167, 1047, 742, 4222, 2916, 3377, 2533, 2707, 2819, 42, 3054, 703, 1519, 1891, 1740, 2997, 347, 5190, 3489, 4284, 833, 4467, 2603, 4198, 4987, 4303, 2483, 435, 4121, 2536, 3048, 2561, 4425, 3177, 2774, 5313, 5078, 1804, 2780, 317, 1372, 1842, 2517, 35, 4283, 3692, 794, 4047, 4496, 4319, 1623, 896, 4416, 3383, 2217, 2330, 2026, 2565, 890, 1423, 3773, 2941, 4926, 2977, 256, 2755, 3724, 1697, 3141, 3189, 2520, 402, 1159, 1593, 508, 1536, 2376, 2842, 691, 3596, 2321, 1576, 5411, 2201, 2532, 4138, 4631, 3815, 4657, 2905, 3472, 4518, 4823, 4810, 2892, 4073, 2806, 3715, 31, 2372, 1782, 2133, 1893, 3932, 4602, 3997, 1607, 1238, 4296, 1350, 4498, 4735, 1489, 4877, 845, 1630, 3469, 4143, 4002, 106, 2773, 2881, 287, 2062, 1757, 4230, 1627, 830, 563, 1196, 2460, 5333, 2472, 1067, 1377, 4844, 3515, 4552, 958, 4347, 1170, 1543, 3120, 2239, 28, 4909, 3026, 515, 3293, 1948, 4948, 76, 970, 840, 4011, 2675, 4050, 37, 108, 4651, 3319, 3660, 5160, 4768, 1911, 5345, 23, 4419, 1815, 447, 581, 4426, 893, 2756, 1864, 4418, 4444, 1411, 3446, 3278, 1618, 4786, 3998, 2055, 2795, 4841, 1599, 1044, 2418, 2206, 1394, 3409, 4428, 5301, 5139, 4504, 3974, 4123, 2414, 3527, 4244, 4985, 3310, 3975, 1318, 952, 4822, 3414, 2223, 1506, 627, 3094, 1236, 4642, 2481, 1629, 4509, 4265, 3829, 4149, 3249, 426, 3817, 2571, 3894, 4662, 744, 4561, 1926, 3576, 2655, 1714, 2072, 1559, 3358, 4741, 2526, 2896, 5132, 613, 4331, 1969, 1727, 1293, 871, 5264, 4669, 1505, 1095]",241,750,1,False,750
2,human,human,3,True,True,True,"{2: 151, 1: 172, 5: 122, 3: 154, 4: 141, 0: 10}","[4097, 1548, 5419, 4731, 3902, 3380, 4432, 3710, 3542, 3991, 4880, 2494, 2930, 1237, 5356, 235, 4127, 3911, 217, 3274, 932, 1468, 2624, 2837, 3687, 1483, 2116, 3691, 4885, 1822, 1115, 1952, 4887, 876, 2002, 4576, 3443, 5286, 2441, 4713, 121, 2388, 292, 5439, 83, 4206, 4866, 1120, 5436, 1558, 1312, 2596, 3921, 1887, 388, 2130, 1360, 1525, 4673, 4770, 3790, 1675, 2897, 556, 4577, 4946, 2628, 1915, 2862, 5186, 4722, 3211, 2127, 2225, 352, 1392, 1877, 2901, 1025, 4799, 1285, 2739, 5107, 4436, 415, 2864, 15, 2351, 4600, 2046, 3401, 650, 3938, 1545, 226, 4522, 992, 5069, 534, 18, 335, 3566, 3064, 2698, 989, 123, 1932, 4178, 3670, 4847, 1514, 2273, 1786, 574, 2856, 3256, 618, 4694, 5405, 4404, 2676, 3762, 5255, 3755, 2485, 5321, 536, 233, 3760, 1837, 4431, 3948, 5252, 3797, 1538, 13, 1387, 1886, 1994, 2954, 4108, 3432, 3881, 4477, 2919, 4613, 5175, 714, 1719, 4590, 3976, 3180, 2250, 2329, 3919, 5171, 3330, 2506, 3126, 3434, 223, 1272, 1304, 2738, 3311, 1290, 3073, 3199, 5388, 1989, 2828, 1431, 2509, 1643, 3373, 2821, 1188, 2859, 1955, 510, 1486, 595, 2764, 2793, 2298, 708, 1768, 5056, 5179, 4869, 2794, 2360, 4895, 1094, 5372, 2311, 2488, 1066, 2618, 429, 571, 2244, 2290, 1380, 2387, 68, 2439, 1878, 3749, 4145, 3746, 4125, 1315, 2150, 4656, 348, 770, 3019, 2275, 587, 315, 4120, 36, 2855, 3651, 2566, 4293, 640, 1490, 4054, 4959, 1835, 2354, 3522, 4901, 1243, 1571, 3332, 652, 2068, 1808, 5156, 1114, 4716, 2121, 5117, 4747, 4593, 451, 3953, 2782, 2461, 5091, 4920, 4668, 3397, 5247, 1260, 297, 2704, 3504, 3203, 2900, 384, 157, 4868, 3488, 5245, 3173, 1647, 3273, 1192, 3908, 38, 3992, 749, 5294, 3848, 860, 2479, 2459, 867, 3218, 4838, 4482, 20, 1521, 1641, 122, 3118, 2063, 2400, 3519, 1063, 2035, 3442, 2890, 1763, 2119, 5400, 1961, 4854, 2292, 2772, 527, 4917, 4955, 2172, 1186, 4006, 1388, 4382, 4717, 2798, 831, 1206, 189, 5149, 4021, 507, 3599, 3197, 5148, 539, 2171, 2575, 1615, 4032, 2592, 5425, 350, 201, 2074, 3364, 3764, 2122, 3738, 1086, 4460, 400, 63, 1662, 286, 291, 693, 3484, 2629, 4674, 2334, 1913, 4762, 2824, 4767, 4750, 4965, 1785, 2069, 583, 1797, 5051, 4848, 2634, 1507, 4085, 5159, 3279, 3927, 4, 550, 5447, 207, 2799, 551, 5144, 2563, 146, 4989, 4400, 2113, 434, 27, 4129, 3768, 3668, 3459, 3091, 1215, 4091, 1681, 2872, 4014, 4194, 779, 4029, 3756, 4760, 2476, 1749, 4658, 4871, 4348, 2757, 646, 1897, 2195, 316, 716, 4208, 5383, 825, 5370, 3078, 3778, 1702, 3984, 3847, 1150, 4300, 649, 4808, 3775, 4935, 3159, 687, 1223, 946, 4538, 4535, 3077, 5359, 780, 477, 2524, 371, 5142, 3611, 62, 1069, 4193, 883, 4130, 4328, 622, 4974, 1436, 4519, 1762, 4238, 3012, 3554, 4026, 3342, 4182, 5410, 1407, 2736, 913, 4045, 182, 1382, 3625, 1351, 3839, 3583, 2938, 46, 829, 5326, 2230, 612, 5021, 3121, 1127, 3006, 1852, 329, 118, 3794, 4081, 72, 1330, 519, 1195, 2017, 1920, 314, 1129, 3544, 1000, 282, 4041, 2857, 324, 2210, 5283, 2272, 4438, 10, 5341, 4447, 5120, 4167, 1047, 742, 4222, 2916, 3377, 2533, 2707, 2819, 42, 3054, 703, 1519, 1891, 1740, 2997, 347, 5190, 3489, 4284, 833, 4467, 2603, 4198, 4987, 4303, 2483, 435, 4121, 2536, 3048, 2561, 4425, 3177, 2774, 5313, 5078, 1804, 2780, 317, 1372, 1842, 2517, 35, 4283, 3692, 794, 4047, 4496, 4319, 1623, 896, 4416, 3383, 2217, 2330, 2026, 2565, 890, 1423, 3773, 2941, 4926, 2977, 256, 2755, 3724, 1697, 3141, 3189, 2520, 402, 1159, 1593, 508, 1536, 2376, 2842, 691, 3596, 2321, 1576, 5411, 2201, 2532, 4138, 4631, 3815, 4657, 2905, 3472, 4518, 4823, 4810, 2892, 4073, 2806, 3715, 31, 2372, 1782, 2133, 1893, 3932, 4602, 3997, 1607, 1238, 4296, 1350, 4498, 4735, 1489, 4877, 845, 1630, 3469, 4143, 4002, 106, 2773, 2881, 287, 2062, 1757, 4230, 1627, 830, 563, 1196, 2460, 5333, 2472, 1067, 1377, 4844, 3515, 4552, 958, 4347, 1170, 1543, 3120, 2239, 28, 4909, 3026, 515, 3293, 1948, 4948, 76, 970, 840, 4011, 2675, 4050, 37, 108, 4651, 3319, 3660, 5160, 4768, 1911, 5345, 23, 4419, 1815, 447, 581, 4426, 893, 2756, 1864, 4418, 4444, 1411, 3446, 3278, 1618, 4786, 3998, 2055, 2795, 4841, 1599, 1044, 2418, 2206, 1394, 3409, 4428, 5301, 5139, 4504, 3974, 4123, 2414, 3527, 4244, 4985, 3310, 3975, 1318, 952, 4822, 3414, 2223, 1506, 627, 3094, 1236, 4642, 2481, 1629, 4509, 4265, 3829, 4149, 3249, 426, 3817, 2571, 3894, 4662, 744, 4561, 1926, 3576, 2655, 1714, 2072, 1559, 3358, 4741, 2526, 2896, 5132, 613, 4331, 1969, 1727, 1293, 871, 5264, 4669, 1505, 1095]",2,750,1,False,750
116,numeric,numeric,5,True,True,True,"{2: 151, 1: 172, 5: 122, 3: 154, 4: 141, 0: 10}","[4097, 1548, 5419, 4731, 3902, 3380, 4432, 3710, 3542, 3991, 4880, 2494, 2930, 1237, 5356, 235, 4127, 3911, 217, 3274, 932, 1468, 2624, 2837, 3687, 1483, 2116, 3691, 4885, 1822, 1115, 1952, 4887, 876, 2002, 4576, 3443, 5286, 2441, 4713, 121, 2388, 292, 5439, 83, 4206, 4866, 1120, 5436, 1558, 1312, 2596, 3921, 1887, 388, 2130, 1360, 1525, 4673, 4770, 3790, 1675, 2897, 556, 4577, 4946, 2628, 1915, 2862, 5186, 4722, 3211, 2127, 2225, 352, 1392, 1877, 2901, 1025, 4799, 1285, 2739, 5107, 4436, 415, 2864, 15, 2351, 4600, 2046, 3401, 650, 3938, 1545, 226, 4522, 992, 5069, 534, 18, 335, 3566, 3064, 2698, 989, 123, 1932, 4178, 3670, 4847, 1514, 2273, 1786, 574, 2856, 3256, 618, 4694, 5405, 4404, 2676, 3762, 5255, 3755, 2485, 5321, 536, 233, 3760, 1837, 4431, 3948, 5252, 3797, 1538, 13, 1387, 1886, 1994, 2954, 4108, 3432, 3881, 4477, 2919, 4613, 5175, 714, 1719, 4590, 3976, 3180, 2250, 2329, 3919, 5171, 3330, 2506, 3126, 3434, 223, 1272, 1304, 2738, 3311, 1290, 3073, 3199, 5388, 1989, 2828, 1431, 2509, 1643, 3373, 2821, 1188, 2859, 1955, 510, 1486, 595, 2764, 2793, 2298, 708, 1768, 5056, 5179, 4869, 2794, 2360, 4895, 1094, 5372, 2311, 2488, 1066, 2618, 429, 571, 2244, 2290, 1380, 2387, 68, 2439, 1878, 3749, 4145, 3746, 4125, 1315, 2150, 4656, 348, 770, 3019, 2275, 587, 315, 4120, 36, 2855, 3651, 2566, 4293, 640, 1490, 4054, 4959, 1835, 2354, 3522, 4901, 1243, 1571, 3332, 652, 2068, 1808, 5156, 1114, 4716, 2121, 5117, 4747, 4593, 451, 3953, 2782, 2461, 5091, 4920, 4668, 3397, 5247, 1260, 297, 2704, 3504, 3203, 2900, 384, 157, 4868, 3488, 5245, 3173, 1647, 3273, 1192, 3908, 38, 3992, 749, 5294, 3848, 860, 2479, 2459, 867, 3218, 4838, 4482, 20, 1521, 1641, 122, 3118, 2063, 2400, 3519, 1063, 2035, 3442, 2890, 1763, 2119, 5400, 1961, 4854, 2292, 2772, 527, 4917, 4955, 2172, 1186, 4006, 1388, 4382, 4717, 2798, 831, 1206, 189, 5149, 4021, 507, 3599, 3197, 5148, 539, 2171, 2575, 1615, 4032, 2592, 5425, 350, 201, 2074, 3364, 3764, 2122, 3738, 1086, 4460, 400, 63, 1662, 286, 291, 693, 3484, 2629, 4674, 2334, 1913, 4762, 2824, 4767, 4750, 4965, 1785, 2069, 583, 1797, 5051, 4848, 2634, 1507, 4085, 5159, 3279, 3927, 4, 550, 5447, 207, 2799, 551, 5144, 2563, 146, 4989, 4400, 2113, 434, 27, 4129, 3768, 3668, 3459, 3091, 1215, 4091, 1681, 2872, 4014, 4194, 779, 4029, 3756, 4760, 2476, 1749, 4658, 4871, 4348, 2757, 646, 1897, 2195, 316, 716, 4208, 5383, 825, 5370, 3078, 3778, 1702, 3984, 3847, 1150, 4300, 649, 4808, 3775, 4935, 3159, 687, 1223, 946, 4538, 4535, 3077, 5359, 780, 477, 2524, 371, 5142, 3611, 62, 1069, 4193, 883, 4130, 4328, 622, 4974, 1436, 4519, 1762, 4238, 3012, 3554, 4026, 3342, 4182, 5410, 1407, 2736, 913, 4045, 182, 1382, 3625, 1351, 3839, 3583, 2938, 46, 829, 5326, 2230, 612, 5021, 3121, 1127, 3006, 1852, 329, 118, 3794, 4081, 72, 1330, 519, 1195, 2017, 1920, 314, 1129, 3544, 1000, 282, 4041, 2857, 324, 2210, 5283, 2272, 4438, 10, 5341, 4447, 5120, 4167, 1047, 742, 4222, 2916, 3377, 2533, 2707, 2819, 42, 3054, 703, 1519, 1891, 1740, 2997, 347, 5190, 3489, 4284, 833, 4467, 2603, 4198, 4987, 4303, 2483, 435, 4121, 2536, 3048, 2561, 4425, 3177, 2774, 5313, 5078, 1804, 2780, 317, 1372, 1842, 2517, 35, 4283, 3692, 794, 4047, 4496, 4319, 1623, 896, 4416, 3383, 2217, 2330, 2026, 2565, 890, 1423, 3773, 2941, 4926, 2977, 256, 2755, 3724, 1697, 3141, 3189, 2520, 402, 1159, 1593, 508, 1536, 2376, 2842, 691, 3596, 2321, 1576, 5411, 2201, 2532, 4138, 4631, 3815, 4657, 2905, 3472, 4518, 4823, 4810, 2892, 4073, 2806, 3715, 31, 2372, 1782, 2133, 1893, 3932, 4602, 3997, 1607, 1238, 4296, 1350, 4498, 4735, 1489, 4877, 845, 1630, 3469, 4143, 4002, 106, 2773, 2881, 287, 2062, 1757, 4230, 1627, 830, 563, 1196, 2460, 5333, 2472, 1067, 1377, 4844, 3515, 4552, 958, 4347, 1170, 1543, 3120, 2239, 28, 4909, 3026, 515, 3293, 1948, 4948, 76, 970, 840, 4011, 2675, 4050, 37, 108, 4651, 3319, 3660, 5160, 4768, 1911, 5345, 23, 4419, 1815, 447, 581, 4426, 893, 2756, 1864, 4418, 4444, 1411, 3446, 3278, 1618, 4786, 3998, 2055, 2795, 4841, 1599, 1044, 2418, 2206, 1394, 3409, 4428, 5301, 5139, 4504, 3974, 4123, 2414, 3527, 4244, 4985, 3310, 3975, 1318, 952, 4822, 3414, 2223, 1506, 627, 3094, 1236, 4642, 2481, 1629, 4509, 4265, 3829, 4149, 3249, 426, 3817, 2571, 3894, 4662, 744, 4561, 1926, 3576, 2655, 1714, 2072, 1559, 3358, 4741, 2526, 2896, 5132, 613, 4331, 1969, 1727, 1293, 871, 5264, 4669, 1505, 1095]",116,750,1,False,750
154,numeric,human,3,True,False,True,"{2: 151, 1: 172, 5: 122, 3: 154, 4: 141, 0: 10}","[4097, 1548, 5419, 4731, 3902, 3380, 4432, 3710, 3542, 3991, 4880, 2494, 2930, 1237, 5356, 235, 4127, 3911, 217, 3274, 932, 1468, 2624, 2837, 3687, 1483, 2116, 3691, 4885, 1822, 1115, 1952, 4887, 876, 2002, 4576, 3443, 5286, 2441, 4713, 121, 2388, 292, 5439, 83, 4206, 4866, 1120, 5436, 1558, 1312, 2596, 3921, 1887, 388, 2130, 1360, 1525, 4673, 4770, 3790, 1675, 2897, 556, 4577, 4946, 2628, 1915, 2862, 5186, 4722, 3211, 2127, 2225, 352, 1392, 1877, 2901, 1025, 4799, 1285, 2739, 5107, 4436, 415, 2864, 15, 2351, 4600, 2046, 3401, 650, 3938, 1545, 226, 4522, 992, 5069, 534, 18, 335, 3566, 3064, 2698, 989, 123, 1932, 4178, 3670, 4847, 1514, 2273, 1786, 574, 2856, 3256, 618, 4694, 5405, 4404, 2676, 3762, 5255, 3755, 2485, 5321, 536, 233, 3760, 1837, 4431, 3948, 5252, 3797, 1538, 13, 1387, 1886, 1994, 2954, 4108, 3432, 3881, 4477, 2919, 4613, 5175, 714, 1719, 4590, 3976, 3180, 2250, 2329, 3919, 5171, 3330, 2506, 3126, 3434, 223, 1272, 1304, 2738, 3311, 1290, 3073, 3199, 5388, 1989, 2828, 1431, 2509, 1643, 3373, 2821, 1188, 2859, 1955, 510, 1486, 595, 2764, 2793, 2298, 708, 1768, 5056, 5179, 4869, 2794, 2360, 4895, 1094, 5372, 2311, 2488, 1066, 2618, 429, 571, 2244, 2290, 1380, 2387, 68, 2439, 1878, 3749, 4145, 3746, 4125, 1315, 2150, 4656, 348, 770, 3019, 2275, 587, 315, 4120, 36, 2855, 3651, 2566, 4293, 640, 1490, 4054, 4959, 1835, 2354, 3522, 4901, 1243, 1571, 3332, 652, 2068, 1808, 5156, 1114, 4716, 2121, 5117, 4747, 4593, 451, 3953, 2782, 2461, 5091, 4920, 4668, 3397, 5247, 1260, 297, 2704, 3504, 3203, 2900, 384, 157, 4868, 3488, 5245, 3173, 1647, 3273, 1192, 3908, 38, 3992, 749, 5294, 3848, 860, 2479, 2459, 867, 3218, 4838, 4482, 20, 1521, 1641, 122, 3118, 2063, 2400, 3519, 1063, 2035, 3442, 2890, 1763, 2119, 5400, 1961, 4854, 2292, 2772, 527, 4917, 4955, 2172, 1186, 4006, 1388, 4382, 4717, 2798, 831, 1206, 189, 5149, 4021, 507, 3599, 3197, 5148, 539, 2171, 2575, 1615, 4032, 2592, 5425, 350, 201, 2074, 3364, 3764, 2122, 3738, 1086, 4460, 400, 63, 1662, 286, 291, 693, 3484, 2629, 4674, 2334, 1913, 4762, 2824, 4767, 4750, 4965, 1785, 2069, 583, 1797, 5051, 4848, 2634, 1507, 4085, 5159, 3279, 3927, 4, 550, 5447, 207, 2799, 551, 5144, 2563, 146, 4989, 4400, 2113, 434, 27, 4129, 3768, 3668, 3459, 3091, 1215, 4091, 1681, 2872, 4014, 4194, 779, 4029, 3756, 4760, 2476, 1749, 4658, 4871, 4348, 2757, 646, 1897, 2195, 316, 716, 4208, 5383, 825, 5370, 3078, 3778, 1702, 3984, 3847, 1150, 4300, 649, 4808, 3775, 4935, 3159, 687, 1223, 946, 4538, 4535, 3077, 5359, 780, 477, 2524, 371, 5142, 3611, 62, 1069, 4193, 883, 4130, 4328, 622, 4974, 1436, 4519, 1762, 4238, 3012, 3554, 4026, 3342, 4182, 5410, 1407, 2736, 913, 4045, 182, 1382, 3625, 1351, 3839, 3583, 2938, 46, 829, 5326, 2230, 612, 5021, 3121, 1127, 3006, 1852, 329, 118, 3794, 4081, 72, 1330, 519, 1195, 2017, 1920, 314, 1129, 3544, 1000, 282, 4041, 2857, 324, 2210, 5283, 2272, 4438, 10, 5341, 4447, 5120, 4167, 1047, 742, 4222, 2916, 3377, 2533, 2707, 2819, 42, 3054, 703, 1519, 1891, 1740, 2997, 347, 5190, 3489, 4284, 833, 4467, 2603, 4198, 4987, 4303, 2483, 435, 4121, 2536, 3048, 2561, 4425, 3177, 2774, 5313, 5078, 1804, 2780, 317, 1372, 1842, 2517, 35, 4283, 3692, 794, 4047, 4496, 4319, 1623, 896, 4416, 3383, 2217, 2330, 2026, 2565, 890, 1423, 3773, 2941, 4926, 2977, 256, 2755, 3724, 1697, 3141, 3189, 2520, 402, 1159, 1593, 508, 1536, 2376, 2842, 691, 3596, 2321, 1576, 5411, 2201, 2532, 4138, 4631, 3815, 4657, 2905, 3472, 4518, 4823, 4810, 2892, 4073, 2806, 3715, 31, 2372, 1782, 2133, 1893, 3932, 4602, 3997, 1607, 1238, 4296, 1350, 4498, 4735, 1489, 4877, 845, 1630, 3469, 4143, 4002, 106, 2773, 2881, 287, 2062, 1757, 4230, 1627, 830, 563, 1196, 2460, 5333, 2472, 1067, 1377, 4844, 3515, 4552, 958, 4347, 1170, 1543, 3120, 2239, 28, 4909, 3026, 515, 3293, 1948, 4948, 76, 970, 840, 4011, 2675, 4050, 37, 108, 4651, 3319, 3660, 5160, 4768, 1911, 5345, 23, 4419, 1815, 447, 581, 4426, 893, 2756, 1864, 4418, 4444, 1411, 3446, 3278, 1618, 4786, 3998, 2055, 2795, 4841, 1599, 1044, 2418, 2206, 1394, 3409, 4428, 5301, 5139, 4504, 3974, 4123, 2414, 3527, 4244, 4985, 3310, 3975, 1318, 952, 4822, 3414, 2223, 1506, 627, 3094, 1236, 4642, 2481, 1629, 4509, 4265, 3829, 4149, 3249, 426, 3817, 2571, 3894, 4662, 744, 4561, 1926, 3576, 2655, 1714, 2072, 1559, 3358, 4741, 2526, 2896, 5132, 613, 4331, 1969, 1727, 1293, 871, 5264, 4669, 1505, 1095]",154,750,1,False,750
233,numeric,numeric,5,True,True,True,"{2: 151, 1: 172, 5: 122, 3: 154, 4: 141, 0: 10}","[4097, 1548, 5419, 4731, 3902, 3380, 4432, 3710, 3542, 3991, 4880, 2494, 2930, 1237, 5356, 235, 4127, 3911, 217, 3274, 932, 1468, 2624, 2837, 3687, 1483, 2116, 3691, 4885, 1822, 1115, 1952, 4887, 876, 2002, 4576, 3443, 5286, 2441, 4713, 121, 2388, 292, 5439, 83, 4206, 4866, 1120, 5436, 1558, 1312, 2596, 3921, 1887, 388, 2130, 1360, 1525, 4673, 4770, 3790, 1675, 2897, 556, 4577, 4946, 2628, 1915, 2862, 5186, 4722, 3211, 2127, 2225, 352, 1392, 1877, 2901, 1025, 4799, 1285, 2739, 5107, 4436, 415, 2864, 15, 2351, 4600, 2046, 3401, 650, 3938, 1545, 226, 4522, 992, 5069, 534, 18, 335, 3566, 3064, 2698, 989, 123, 1932, 4178, 3670, 4847, 1514, 2273, 1786, 574, 2856, 3256, 618, 4694, 5405, 4404, 2676, 3762, 5255, 3755, 2485, 5321, 536, 233, 3760, 1837, 4431, 3948, 5252, 3797, 1538, 13, 1387, 1886, 1994, 2954, 4108, 3432, 3881, 4477, 2919, 4613, 5175, 714, 1719, 4590, 3976, 3180, 2250, 2329, 3919, 5171, 3330, 2506, 3126, 3434, 223, 1272, 1304, 2738, 3311, 1290, 3073, 3199, 5388, 1989, 2828, 1431, 2509, 1643, 3373, 2821, 1188, 2859, 1955, 510, 1486, 595, 2764, 2793, 2298, 708, 1768, 5056, 5179, 4869, 2794, 2360, 4895, 1094, 5372, 2311, 2488, 1066, 2618, 429, 571, 2244, 2290, 1380, 2387, 68, 2439, 1878, 3749, 4145, 3746, 4125, 1315, 2150, 4656, 348, 770, 3019, 2275, 587, 315, 4120, 36, 2855, 3651, 2566, 4293, 640, 1490, 4054, 4959, 1835, 2354, 3522, 4901, 1243, 1571, 3332, 652, 2068, 1808, 5156, 1114, 4716, 2121, 5117, 4747, 4593, 451, 3953, 2782, 2461, 5091, 4920, 4668, 3397, 5247, 1260, 297, 2704, 3504, 3203, 2900, 384, 157, 4868, 3488, 5245, 3173, 1647, 3273, 1192, 3908, 38, 3992, 749, 5294, 3848, 860, 2479, 2459, 867, 3218, 4838, 4482, 20, 1521, 1641, 122, 3118, 2063, 2400, 3519, 1063, 2035, 3442, 2890, 1763, 2119, 5400, 1961, 4854, 2292, 2772, 527, 4917, 4955, 2172, 1186, 4006, 1388, 4382, 4717, 2798, 831, 1206, 189, 5149, 4021, 507, 3599, 3197, 5148, 539, 2171, 2575, 1615, 4032, 2592, 5425, 350, 201, 2074, 3364, 3764, 2122, 3738, 1086, 4460, 400, 63, 1662, 286, 291, 693, 3484, 2629, 4674, 2334, 1913, 4762, 2824, 4767, 4750, 4965, 1785, 2069, 583, 1797, 5051, 4848, 2634, 1507, 4085, 5159, 3279, 3927, 4, 550, 5447, 207, 2799, 551, 5144, 2563, 146, 4989, 4400, 2113, 434, 27, 4129, 3768, 3668, 3459, 3091, 1215, 4091, 1681, 2872, 4014, 4194, 779, 4029, 3756, 4760, 2476, 1749, 4658, 4871, 4348, 2757, 646, 1897, 2195, 316, 716, 4208, 5383, 825, 5370, 3078, 3778, 1702, 3984, 3847, 1150, 4300, 649, 4808, 3775, 4935, 3159, 687, 1223, 946, 4538, 4535, 3077, 5359, 780, 477, 2524, 371, 5142, 3611, 62, 1069, 4193, 883, 4130, 4328, 622, 4974, 1436, 4519, 1762, 4238, 3012, 3554, 4026, 3342, 4182, 5410, 1407, 2736, 913, 4045, 182, 1382, 3625, 1351, 3839, 3583, 2938, 46, 829, 5326, 2230, 612, 5021, 3121, 1127, 3006, 1852, 329, 118, 3794, 4081, 72, 1330, 519, 1195, 2017, 1920, 314, 1129, 3544, 1000, 282, 4041, 2857, 324, 2210, 5283, 2272, 4438, 10, 5341, 4447, 5120, 4167, 1047, 742, 4222, 2916, 3377, 2533, 2707, 2819, 42, 3054, 703, 1519, 1891, 1740, 2997, 347, 5190, 3489, 4284, 833, 4467, 2603, 4198, 4987, 4303, 2483, 435, 4121, 2536, 3048, 2561, 4425, 3177, 2774, 5313, 5078, 1804, 2780, 317, 1372, 1842, 2517, 35, 4283, 3692, 794, 4047, 4496, 4319, 1623, 896, 4416, 3383, 2217, 2330, 2026, 2565, 890, 1423, 3773, 2941, 4926, 2977, 256, 2755, 3724, 1697, 3141, 3189, 2520, 402, 1159, 1593, 508, 1536, 2376, 2842, 691, 3596, 2321, 1576, 5411, 2201, 2532, 4138, 4631, 3815, 4657, 2905, 3472, 4518, 4823, 4810, 2892, 4073, 2806, 3715, 31, 2372, 1782, 2133, 1893, 3932, 4602, 3997, 1607, 1238, 4296, 1350, 4498, 4735, 1489, 4877, 845, 1630, 3469, 4143, 4002, 106, 2773, 2881, 287, 2062, 1757, 4230, 1627, 830, 563, 1196, 2460, 5333, 2472, 1067, 1377, 4844, 3515, 4552, 958, 4347, 1170, 1543, 3120, 2239, 28, 4909, 3026, 515, 3293, 1948, 4948, 76, 970, 840, 4011, 2675, 4050, 37, 108, 4651, 3319, 3660, 5160, 4768, 1911, 5345, 23, 4419, 1815, 447, 581, 4426, 893, 2756, 1864, 4418, 4444, 1411, 3446, 3278, 1618, 4786, 3998, 2055, 2795, 4841, 1599, 1044, 2418, 2206, 1394, 3409, 4428, 5301, 5139, 4504, 3974, 4123, 2414, 3527, 4244, 4985, 3310, 3975, 1318, 952, 4822, 3414, 2223, 1506, 627, 3094, 1236, 4642, 2481, 1629, 4509, 4265, 3829, 4149, 3249, 426, 3817, 2571, 3894, 4662, 744, 4561, 1926, 3576, 2655, 1714, 2072, 1559, 3358, 4741, 2526, 2896, 5132, 613, 4331, 1969, 1727, 1293, 871, 5264, 4669, 1505, 1095]",233,750,1,False,750
409,description,description,2,True,True,True,"{2: 151, 1: 172, 5: 122, 3: 154, 4: 141, 0: 10}","[4097, 1548, 5419, 4731, 3902, 3380, 4432, 3710, 3542, 3991, 4880, 2494, 2930, 1237, 5356, 235, 4127, 3911, 217, 3274, 932, 1468, 2624, 2837, 3687, 1483, 2116, 3691, 4885, 1822, 1115, 1952, 4887, 876, 2002, 4576, 3443, 5286, 2441, 4713, 121, 2388, 292, 5439, 83, 4206, 4866, 1120, 5436, 1558, 1312, 2596, 3921, 1887, 388, 2130, 1360, 1525, 4673, 4770, 3790, 1675, 2897, 556, 4577, 4946, 2628, 1915, 2862, 5186, 4722, 3211, 2127, 2225, 352, 1392, 1877, 2901, 1025, 4799, 1285, 2739, 5107, 4436, 415, 2864, 15, 2351, 4600, 2046, 3401, 650, 3938, 1545, 226, 4522, 992, 5069, 534, 18, 335, 3566, 3064, 2698, 989, 123, 1932, 4178, 3670, 4847, 1514, 2273, 1786, 574, 2856, 3256, 618, 4694, 5405, 4404, 2676, 3762, 5255, 3755, 2485, 5321, 536, 233, 3760, 1837, 4431, 3948, 5252, 3797, 1538, 13, 1387, 1886, 1994, 2954, 4108, 3432, 3881, 4477, 2919, 4613, 5175, 714, 1719, 4590, 3976, 3180, 2250, 2329, 3919, 5171, 3330, 2506, 3126, 3434, 223, 1272, 1304, 2738, 3311, 1290, 3073, 3199, 5388, 1989, 2828, 1431, 2509, 1643, 3373, 2821, 1188, 2859, 1955, 510, 1486, 595, 2764, 2793, 2298, 708, 1768, 5056, 5179, 4869, 2794, 2360, 4895, 1094, 5372, 2311, 2488, 1066, 2618, 429, 571, 2244, 2290, 1380, 2387, 68, 2439, 1878, 3749, 4145, 3746, 4125, 1315, 2150, 4656, 348, 770, 3019, 2275, 587, 315, 4120, 36, 2855, 3651, 2566, 4293, 640, 1490, 4054, 4959, 1835, 2354, 3522, 4901, 1243, 1571, 3332, 652, 2068, 1808, 5156, 1114, 4716, 2121, 5117, 4747, 4593, 451, 3953, 2782, 2461, 5091, 4920, 4668, 3397, 5247, 1260, 297, 2704, 3504, 3203, 2900, 384, 157, 4868, 3488, 5245, 3173, 1647, 3273, 1192, 3908, 38, 3992, 749, 5294, 3848, 860, 2479, 2459, 867, 3218, 4838, 4482, 20, 1521, 1641, 122, 3118, 2063, 2400, 3519, 1063, 2035, 3442, 2890, 1763, 2119, 5400, 1961, 4854, 2292, 2772, 527, 4917, 4955, 2172, 1186, 4006, 1388, 4382, 4717, 2798, 831, 1206, 189, 5149, 4021, 507, 3599, 3197, 5148, 539, 2171, 2575, 1615, 4032, 2592, 5425, 350, 201, 2074, 3364, 3764, 2122, 3738, 1086, 4460, 400, 63, 1662, 286, 291, 693, 3484, 2629, 4674, 2334, 1913, 4762, 2824, 4767, 4750, 4965, 1785, 2069, 583, 1797, 5051, 4848, 2634, 1507, 4085, 5159, 3279, 3927, 4, 550, 5447, 207, 2799, 551, 5144, 2563, 146, 4989, 4400, 2113, 434, 27, 4129, 3768, 3668, 3459, 3091, 1215, 4091, 1681, 2872, 4014, 4194, 779, 4029, 3756, 4760, 2476, 1749, 4658, 4871, 4348, 2757, 646, 1897, 2195, 316, 716, 4208, 5383, 825, 5370, 3078, 3778, 1702, 3984, 3847, 1150, 4300, 649, 4808, 3775, 4935, 3159, 687, 1223, 946, 4538, 4535, 3077, 5359, 780, 477, 2524, 371, 5142, 3611, 62, 1069, 4193, 883, 4130, 4328, 622, 4974, 1436, 4519, 1762, 4238, 3012, 3554, 4026, 3342, 4182, 5410, 1407, 2736, 913, 4045, 182, 1382, 3625, 1351, 3839, 3583, 2938, 46, 829, 5326, 2230, 612, 5021, 3121, 1127, 3006, 1852, 329, 118, 3794, 4081, 72, 1330, 519, 1195, 2017, 1920, 314, 1129, 3544, 1000, 282, 4041, 2857, 324, 2210, 5283, 2272, 4438, 10, 5341, 4447, 5120, 4167, 1047, 742, 4222, 2916, 3377, 2533, 2707, 2819, 42, 3054, 703, 1519, 1891, 1740, 2997, 347, 5190, 3489, 4284, 833, 4467, 2603, 4198, 4987, 4303, 2483, 435, 4121, 2536, 3048, 2561, 4425, 3177, 2774, 5313, 5078, 1804, 2780, 317, 1372, 1842, 2517, 35, 4283, 3692, 794, 4047, 4496, 4319, 1623, 896, 4416, 3383, 2217, 2330, 2026, 2565, 890, 1423, 3773, 2941, 4926, 2977, 256, 2755, 3724, 1697, 3141, 3189, 2520, 402, 1159, 1593, 508, 1536, 2376, 2842, 691, 3596, 2321, 1576, 5411, 2201, 2532, 4138, 4631, 3815, 4657, 2905, 3472, 4518, 4823, 4810, 2892, 4073, 2806, 3715, 31, 2372, 1782, 2133, 1893, 3932, 4602, 3997, 1607, 1238, 4296, 1350, 4498, 4735, 1489, 4877, 845, 1630, 3469, 4143, 4002, 106, 2773, 2881, 287, 2062, 1757, 4230, 1627, 830, 563, 1196, 2460, 5333, 2472, 1067, 1377, 4844, 3515, 4552, 958, 4347, 1170, 1543, 3120, 2239, 28, 4909, 3026, 515, 3293, 1948, 4948, 76, 970, 840, 4011, 2675, 4050, 37, 108, 4651, 3319, 3660, 5160, 4768, 1911, 5345, 23, 4419, 1815, 447, 581, 4426, 893, 2756, 1864, 4418, 4444, 1411, 3446, 3278, 1618, 4786, 3998, 2055, 2795, 4841, 1599, 1044, 2418, 2206, 1394, 3409, 4428, 5301, 5139, 4504, 3974, 4123, 2414, 3527, 4244, 4985, 3310, 3975, 1318, 952, 4822, 3414, 2223, 1506, 627, 3094, 1236, 4642, 2481, 1629, 4509, 4265, 3829, 4149, 3249, 426, 3817, 2571, 3894, 4662, 744, 4561, 1926, 3576, 2655, 1714, 2072, 1559, 3358, 4741, 2526, 2896, 5132, 613, 4331, 1969, 1727, 1293, 871, 5264, 4669, 1505, 1095]",409,750,1,False,750
410,numeric,human,3,True,False,True,"{2: 151, 1: 172, 5: 122, 3: 154, 4: 141, 0: 10}","[4097, 1548, 5419, 4731, 3902, 3380, 4432, 3710, 3542, 3991, 4880, 2494, 2930, 1237, 5356, 235, 4127, 3911, 217, 3274, 932, 1468, 2624, 2837, 3687, 1483, 2116, 3691, 4885, 1822, 1115, 1952, 4887, 876, 2002, 4576, 3443, 5286, 2441, 4713, 121, 2388, 292, 5439, 83, 4206, 4866, 1120, 5436, 1558, 1312, 2596, 3921, 1887, 388, 2130, 1360, 1525, 4673, 4770, 3790, 1675, 2897, 556, 4577, 4946, 2628, 1915, 2862, 5186, 4722, 3211, 2127, 2225, 352, 1392, 1877, 2901, 1025, 4799, 1285, 2739, 5107, 4436, 415, 2864, 15, 2351, 4600, 2046, 3401, 650, 3938, 1545, 226, 4522, 992, 5069, 534, 18, 335, 3566, 3064, 2698, 989, 123, 1932, 4178, 3670, 4847, 1514, 2273, 1786, 574, 2856, 3256, 618, 4694, 5405, 4404, 2676, 3762, 5255, 3755, 2485, 5321, 536, 233, 3760, 1837, 4431, 3948, 5252, 3797, 1538, 13, 1387, 1886, 1994, 2954, 4108, 3432, 3881, 4477, 2919, 4613, 5175, 714, 1719, 4590, 3976, 3180, 2250, 2329, 3919, 5171, 3330, 2506, 3126, 3434, 223, 1272, 1304, 2738, 3311, 1290, 3073, 3199, 5388, 1989, 2828, 1431, 2509, 1643, 3373, 2821, 1188, 2859, 1955, 510, 1486, 595, 2764, 2793, 2298, 708, 1768, 5056, 5179, 4869, 2794, 2360, 4895, 1094, 5372, 2311, 2488, 1066, 2618, 429, 571, 2244, 2290, 1380, 2387, 68, 2439, 1878, 3749, 4145, 3746, 4125, 1315, 2150, 4656, 348, 770, 3019, 2275, 587, 315, 4120, 36, 2855, 3651, 2566, 4293, 640, 1490, 4054, 4959, 1835, 2354, 3522, 4901, 1243, 1571, 3332, 652, 2068, 1808, 5156, 1114, 4716, 2121, 5117, 4747, 4593, 451, 3953, 2782, 2461, 5091, 4920, 4668, 3397, 5247, 1260, 297, 2704, 3504, 3203, 2900, 384, 157, 4868, 3488, 5245, 3173, 1647, 3273, 1192, 3908, 38, 3992, 749, 5294, 3848, 860, 2479, 2459, 867, 3218, 4838, 4482, 20, 1521, 1641, 122, 3118, 2063, 2400, 3519, 1063, 2035, 3442, 2890, 1763, 2119, 5400, 1961, 4854, 2292, 2772, 527, 4917, 4955, 2172, 1186, 4006, 1388, 4382, 4717, 2798, 831, 1206, 189, 5149, 4021, 507, 3599, 3197, 5148, 539, 2171, 2575, 1615, 4032, 2592, 5425, 350, 201, 2074, 3364, 3764, 2122, 3738, 1086, 4460, 400, 63, 1662, 286, 291, 693, 3484, 2629, 4674, 2334, 1913, 4762, 2824, 4767, 4750, 4965, 1785, 2069, 583, 1797, 5051, 4848, 2634, 1507, 4085, 5159, 3279, 3927, 4, 550, 5447, 207, 2799, 551, 5144, 2563, 146, 4989, 4400, 2113, 434, 27, 4129, 3768, 3668, 3459, 3091, 1215, 4091, 1681, 2872, 4014, 4194, 779, 4029, 3756, 4760, 2476, 1749, 4658, 4871, 4348, 2757, 646, 1897, 2195, 316, 716, 4208, 5383, 825, 5370, 3078, 3778, 1702, 3984, 3847, 1150, 4300, 649, 4808, 3775, 4935, 3159, 687, 1223, 946, 4538, 4535, 3077, 5359, 780, 477, 2524, 371, 5142, 3611, 62, 1069, 4193, 883, 4130, 4328, 622, 4974, 1436, 4519, 1762, 4238, 3012, 3554, 4026, 3342, 4182, 5410, 1407, 2736, 913, 4045, 182, 1382, 3625, 1351, 3839, 3583, 2938, 46, 829, 5326, 2230, 612, 5021, 3121, 1127, 3006, 1852, 329, 118, 3794, 4081, 72, 1330, 519, 1195, 2017, 1920, 314, 1129, 3544, 1000, 282, 4041, 2857, 324, 2210, 5283, 2272, 4438, 10, 5341, 4447, 5120, 4167, 1047, 742, 4222, 2916, 3377, 2533, 2707, 2819, 42, 3054, 703, 1519, 1891, 1740, 2997, 347, 5190, 3489, 4284, 833, 4467, 2603, 4198, 4987, 4303, 2483, 435, 4121, 2536, 3048, 2561, 4425, 3177, 2774, 5313, 5078, 1804, 2780, 317, 1372, 1842, 2517, 35, 4283, 3692, 794, 4047, 4496, 4319, 1623, 896, 4416, 3383, 2217, 2330, 2026, 2565, 890, 1423, 3773, 2941, 4926, 2977, 256, 2755, 3724, 1697, 3141, 3189, 2520, 402, 1159, 1593, 508, 1536, 2376, 2842, 691, 3596, 2321, 1576, 5411, 2201, 2532, 4138, 4631, 3815, 4657, 2905, 3472, 4518, 4823, 4810, 2892, 4073, 2806, 3715, 31, 2372, 1782, 2133, 1893, 3932, 4602, 3997, 1607, 1238, 4296, 1350, 4498, 4735, 1489, 4877, 845, 1630, 3469, 4143, 4002, 106, 2773, 2881, 287, 2062, 1757, 4230, 1627, 830, 563, 1196, 2460, 5333, 2472, 1067, 1377, 4844, 3515, 4552, 958, 4347, 1170, 1543, 3120, 2239, 28, 4909, 3026, 515, 3293, 1948, 4948, 76, 970, 840, 4011, 2675, 4050, 37, 108, 4651, 3319, 3660, 5160, 4768, 1911, 5345, 23, 4419, 1815, 447, 581, 4426, 893, 2756, 1864, 4418, 4444, 1411, 3446, 3278, 1618, 4786, 3998, 2055, 2795, 4841, 1599, 1044, 2418, 2206, 1394, 3409, 4428, 5301, 5139, 4504, 3974, 4123, 2414, 3527, 4244, 4985, 3310, 3975, 1318, 952, 4822, 3414, 2223, 1506, 627, 3094, 1236, 4642, 2481, 1629, 4509, 4265, 3829, 4149, 3249, 426, 3817, 2571, 3894, 4662, 744, 4561, 1926, 3576, 2655, 1714, 2072, 1559, 3358, 4741, 2526, 2896, 5132, 613, 4331, 1969, 1727, 1293, 871, 5264, 4669, 1505, 1095]",410,750,1,False,750
193,numeric,numeric,5,True,True,True,"{2: 151, 1: 172, 5: 122, 3: 154, 4: 141, 0: 10}","[4097, 1548, 5419, 4731, 3902, 3380, 4432, 3710, 3542, 3991, 4880, 2494, 2930, 1237, 5356, 235, 4127, 3911, 217, 3274, 932, 1468, 2624, 2837, 3687, 1483, 2116, 3691, 4885, 1822, 1115, 1952, 4887, 876, 2002, 4576, 3443, 5286, 2441, 4713, 121, 2388, 292, 5439, 83, 4206, 4866, 1120, 5436, 1558, 1312, 2596, 3921, 1887, 388, 2130, 1360, 1525, 4673, 4770, 3790, 1675, 2897, 556, 4577, 4946, 2628, 1915, 2862, 5186, 4722, 3211, 2127, 2225, 352, 1392, 1877, 2901, 1025, 4799, 1285, 2739, 5107, 4436, 415, 2864, 15, 2351, 4600, 2046, 3401, 650, 3938, 1545, 226, 4522, 992, 5069, 534, 18, 335, 3566, 3064, 2698, 989, 123, 1932, 4178, 3670, 4847, 1514, 2273, 1786, 574, 2856, 3256, 618, 4694, 5405, 4404, 2676, 3762, 5255, 3755, 2485, 5321, 536, 233, 3760, 1837, 4431, 3948, 5252, 3797, 1538, 13, 1387, 1886, 1994, 2954, 4108, 3432, 3881, 4477, 2919, 4613, 5175, 714, 1719, 4590, 3976, 3180, 2250, 2329, 3919, 5171, 3330, 2506, 3126, 3434, 223, 1272, 1304, 2738, 3311, 1290, 3073, 3199, 5388, 1989, 2828, 1431, 2509, 1643, 3373, 2821, 1188, 2859, 1955, 510, 1486, 595, 2764, 2793, 2298, 708, 1768, 5056, 5179, 4869, 2794, 2360, 4895, 1094, 5372, 2311, 2488, 1066, 2618, 429, 571, 2244, 2290, 1380, 2387, 68, 2439, 1878, 3749, 4145, 3746, 4125, 1315, 2150, 4656, 348, 770, 3019, 2275, 587, 315, 4120, 36, 2855, 3651, 2566, 4293, 640, 1490, 4054, 4959, 1835, 2354, 3522, 4901, 1243, 1571, 3332, 652, 2068, 1808, 5156, 1114, 4716, 2121, 5117, 4747, 4593, 451, 3953, 2782, 2461, 5091, 4920, 4668, 3397, 5247, 1260, 297, 2704, 3504, 3203, 2900, 384, 157, 4868, 3488, 5245, 3173, 1647, 3273, 1192, 3908, 38, 3992, 749, 5294, 3848, 860, 2479, 2459, 867, 3218, 4838, 4482, 20, 1521, 1641, 122, 3118, 2063, 2400, 3519, 1063, 2035, 3442, 2890, 1763, 2119, 5400, 1961, 4854, 2292, 2772, 527, 4917, 4955, 2172, 1186, 4006, 1388, 4382, 4717, 2798, 831, 1206, 189, 5149, 4021, 507, 3599, 3197, 5148, 539, 2171, 2575, 1615, 4032, 2592, 5425, 350, 201, 2074, 3364, 3764, 2122, 3738, 1086, 4460, 400, 63, 1662, 286, 291, 693, 3484, 2629, 4674, 2334, 1913, 4762, 2824, 4767, 4750, 4965, 1785, 2069, 583, 1797, 5051, 4848, 2634, 1507, 4085, 5159, 3279, 3927, 4, 550, 5447, 207, 2799, 551, 5144, 2563, 146, 4989, 4400, 2113, 434, 27, 4129, 3768, 3668, 3459, 3091, 1215, 4091, 1681, 2872, 4014, 4194, 779, 4029, 3756, 4760, 2476, 1749, 4658, 4871, 4348, 2757, 646, 1897, 2195, 316, 716, 4208, 5383, 825, 5370, 3078, 3778, 1702, 3984, 3847, 1150, 4300, 649, 4808, 3775, 4935, 3159, 687, 1223, 946, 4538, 4535, 3077, 5359, 780, 477, 2524, 371, 5142, 3611, 62, 1069, 4193, 883, 4130, 4328, 622, 4974, 1436, 4519, 1762, 4238, 3012, 3554, 4026, 3342, 4182, 5410, 1407, 2736, 913, 4045, 182, 1382, 3625, 1351, 3839, 3583, 2938, 46, 829, 5326, 2230, 612, 5021, 3121, 1127, 3006, 1852, 329, 118, 3794, 4081, 72, 1330, 519, 1195, 2017, 1920, 314, 1129, 3544, 1000, 282, 4041, 2857, 324, 2210, 5283, 2272, 4438, 10, 5341, 4447, 5120, 4167, 1047, 742, 4222, 2916, 3377, 2533, 2707, 2819, 42, 3054, 703, 1519, 1891, 1740, 2997, 347, 5190, 3489, 4284, 833, 4467, 2603, 4198, 4987, 4303, 2483, 435, 4121, 2536, 3048, 2561, 4425, 3177, 2774, 5313, 5078, 1804, 2780, 317, 1372, 1842, 2517, 35, 4283, 3692, 794, 4047, 4496, 4319, 1623, 896, 4416, 3383, 2217, 2330, 2026, 2565, 890, 1423, 3773, 2941, 4926, 2977, 256, 2755, 3724, 1697, 3141, 3189, 2520, 402, 1159, 1593, 508, 1536, 2376, 2842, 691, 3596, 2321, 1576, 5411, 2201, 2532, 4138, 4631, 3815, 4657, 2905, 3472, 4518, 4823, 4810, 2892, 4073, 2806, 3715, 31, 2372, 1782, 2133, 1893, 3932, 4602, 3997, 1607, 1238, 4296, 1350, 4498, 4735, 1489, 4877, 845, 1630, 3469, 4143, 4002, 106, 2773, 2881, 287, 2062, 1757, 4230, 1627, 830, 563, 1196, 2460, 5333, 2472, 1067, 1377, 4844, 3515, 4552, 958, 4347, 1170, 1543, 3120, 2239, 28, 4909, 3026, 515, 3293, 1948, 4948, 76, 970, 840, 4011, 2675, 4050, 37, 108, 4651, 3319, 3660, 5160, 4768, 1911, 5345, 23, 4419, 1815, 447, 581, 4426, 893, 2756, 1864, 4418, 4444, 1411, 3446, 3278, 1618, 4786, 3998, 2055, 2795, 4841, 1599, 1044, 2418, 2206, 1394, 3409, 4428, 5301, 5139, 4504, 3974, 4123, 2414, 3527, 4244, 4985, 3310, 3975, 1318, 952, 4822, 3414, 2223, 1506, 627, 3094, 1236, 4642, 2481, 1629, 4509, 4265, 3829, 4149, 3249, 426, 3817, 2571, 3894, 4662, 744, 4561, 1926, 3576, 2655, 1714, 2072, 1559, 3358, 4741, 2526, 2896, 5132, 613, 4331, 1969, 1727, 1293, 871, 5264, 4669, 1505, 1095]",193,750,1,False,750
329,description,description,2,True,True,True,"{2: 151, 1: 172, 5: 122, 3: 154, 4: 141, 0: 10}","[4097, 1548, 5419, 4731, 3902, 3380, 4432, 3710, 3542, 3991, 4880, 2494, 2930, 1237, 5356, 235, 4127, 3911, 217, 3274, 932, 1468, 2624, 2837, 3687, 1483, 2116, 3691, 4885, 1822, 1115, 1952, 4887, 876, 2002, 4576, 3443, 5286, 2441, 4713, 121, 2388, 292, 5439, 83, 4206, 4866, 1120, 5436, 1558, 1312, 2596, 3921, 1887, 388, 2130, 1360, 1525, 4673, 4770, 3790, 1675, 2897, 556, 4577, 4946, 2628, 1915, 2862, 5186, 4722, 3211, 2127, 2225, 352, 1392, 1877, 2901, 1025, 4799, 1285, 2739, 5107, 4436, 415, 2864, 15, 2351, 4600, 2046, 3401, 650, 3938, 1545, 226, 4522, 992, 5069, 534, 18, 335, 3566, 3064, 2698, 989, 123, 1932, 4178, 3670, 4847, 1514, 2273, 1786, 574, 2856, 3256, 618, 4694, 5405, 4404, 2676, 3762, 5255, 3755, 2485, 5321, 536, 233, 3760, 1837, 4431, 3948, 5252, 3797, 1538, 13, 1387, 1886, 1994, 2954, 4108, 3432, 3881, 4477, 2919, 4613, 5175, 714, 1719, 4590, 3976, 3180, 2250, 2329, 3919, 5171, 3330, 2506, 3126, 3434, 223, 1272, 1304, 2738, 3311, 1290, 3073, 3199, 5388, 1989, 2828, 1431, 2509, 1643, 3373, 2821, 1188, 2859, 1955, 510, 1486, 595, 2764, 2793, 2298, 708, 1768, 5056, 5179, 4869, 2794, 2360, 4895, 1094, 5372, 2311, 2488, 1066, 2618, 429, 571, 2244, 2290, 1380, 2387, 68, 2439, 1878, 3749, 4145, 3746, 4125, 1315, 2150, 4656, 348, 770, 3019, 2275, 587, 315, 4120, 36, 2855, 3651, 2566, 4293, 640, 1490, 4054, 4959, 1835, 2354, 3522, 4901, 1243, 1571, 3332, 652, 2068, 1808, 5156, 1114, 4716, 2121, 5117, 4747, 4593, 451, 3953, 2782, 2461, 5091, 4920, 4668, 3397, 5247, 1260, 297, 2704, 3504, 3203, 2900, 384, 157, 4868, 3488, 5245, 3173, 1647, 3273, 1192, 3908, 38, 3992, 749, 5294, 3848, 860, 2479, 2459, 867, 3218, 4838, 4482, 20, 1521, 1641, 122, 3118, 2063, 2400, 3519, 1063, 2035, 3442, 2890, 1763, 2119, 5400, 1961, 4854, 2292, 2772, 527, 4917, 4955, 2172, 1186, 4006, 1388, 4382, 4717, 2798, 831, 1206, 189, 5149, 4021, 507, 3599, 3197, 5148, 539, 2171, 2575, 1615, 4032, 2592, 5425, 350, 201, 2074, 3364, 3764, 2122, 3738, 1086, 4460, 400, 63, 1662, 286, 291, 693, 3484, 2629, 4674, 2334, 1913, 4762, 2824, 4767, 4750, 4965, 1785, 2069, 583, 1797, 5051, 4848, 2634, 1507, 4085, 5159, 3279, 3927, 4, 550, 5447, 207, 2799, 551, 5144, 2563, 146, 4989, 4400, 2113, 434, 27, 4129, 3768, 3668, 3459, 3091, 1215, 4091, 1681, 2872, 4014, 4194, 779, 4029, 3756, 4760, 2476, 1749, 4658, 4871, 4348, 2757, 646, 1897, 2195, 316, 716, 4208, 5383, 825, 5370, 3078, 3778, 1702, 3984, 3847, 1150, 4300, 649, 4808, 3775, 4935, 3159, 687, 1223, 946, 4538, 4535, 3077, 5359, 780, 477, 2524, 371, 5142, 3611, 62, 1069, 4193, 883, 4130, 4328, 622, 4974, 1436, 4519, 1762, 4238, 3012, 3554, 4026, 3342, 4182, 5410, 1407, 2736, 913, 4045, 182, 1382, 3625, 1351, 3839, 3583, 2938, 46, 829, 5326, 2230, 612, 5021, 3121, 1127, 3006, 1852, 329, 118, 3794, 4081, 72, 1330, 519, 1195, 2017, 1920, 314, 1129, 3544, 1000, 282, 4041, 2857, 324, 2210, 5283, 2272, 4438, 10, 5341, 4447, 5120, 4167, 1047, 742, 4222, 2916, 3377, 2533, 2707, 2819, 42, 3054, 703, 1519, 1891, 1740, 2997, 347, 5190, 3489, 4284, 833, 4467, 2603, 4198, 4987, 4303, 2483, 435, 4121, 2536, 3048, 2561, 4425, 3177, 2774, 5313, 5078, 1804, 2780, 317, 1372, 1842, 2517, 35, 4283, 3692, 794, 4047, 4496, 4319, 1623, 896, 4416, 3383, 2217, 2330, 2026, 2565, 890, 1423, 3773, 2941, 4926, 2977, 256, 2755, 3724, 1697, 3141, 3189, 2520, 402, 1159, 1593, 508, 1536, 2376, 2842, 691, 3596, 2321, 1576, 5411, 2201, 2532, 4138, 4631, 3815, 4657, 2905, 3472, 4518, 4823, 4810, 2892, 4073, 2806, 3715, 31, 2372, 1782, 2133, 1893, 3932, 4602, 3997, 1607, 1238, 4296, 1350, 4498, 4735, 1489, 4877, 845, 1630, 3469, 4143, 4002, 106, 2773, 2881, 287, 2062, 1757, 4230, 1627, 830, 563, 1196, 2460, 5333, 2472, 1067, 1377, 4844, 3515, 4552, 958, 4347, 1170, 1543, 3120, 2239, 28, 4909, 3026, 515, 3293, 1948, 4948, 76, 970, 840, 4011, 2675, 4050, 37, 108, 4651, 3319, 3660, 5160, 4768, 1911, 5345, 23, 4419, 1815, 447, 581, 4426, 893, 2756, 1864, 4418, 4444, 1411, 3446, 3278, 1618, 4786, 3998, 2055, 2795, 4841, 1599, 1044, 2418, 2206, 1394, 3409, 4428, 5301, 5139, 4504, 3974, 4123, 2414, 3527, 4244, 4985, 3310, 3975, 1318, 952, 4822, 3414, 2223, 1506, 627, 3094, 1236, 4642, 2481, 1629, 4509, 4265, 3829, 4149, 3249, 426, 3817, 2571, 3894, 4662, 744, 4561, 1926, 3576, 2655, 1714, 2072, 1559, 3358, 4741, 2526, 2896, 5132, 613, 4331, 1969, 1727, 1293, 871, 5264, 4669, 1505, 1095]",329,750,1,False,750
483,description,description,2,True,True,True,"{2: 151, 1: 172, 5: 122, 3: 154, 4: 141, 0: 10}","[4097, 1548, 5419, 4731, 3902, 3380, 4432, 3710, 3542, 3991, 4880, 2494, 2930, 1237, 5356, 235, 4127, 3911, 217, 3274, 932, 1468, 2624, 2837, 3687, 1483, 2116, 3691, 4885, 1822, 1115, 1952, 4887, 876, 2002, 4576, 3443, 5286, 2441, 4713, 121, 2388, 292, 5439, 83, 4206, 4866, 1120, 5436, 1558, 1312, 2596, 3921, 1887, 388, 2130, 1360, 1525, 4673, 4770, 3790, 1675, 2897, 556, 4577, 4946, 2628, 1915, 2862, 5186, 4722, 3211, 2127, 2225, 352, 1392, 1877, 2901, 1025, 4799, 1285, 2739, 5107, 4436, 415, 2864, 15, 2351, 4600, 2046, 3401, 650, 3938, 1545, 226, 4522, 992, 5069, 534, 18, 335, 3566, 3064, 2698, 989, 123, 1932, 4178, 3670, 4847, 1514, 2273, 1786, 574, 2856, 3256, 618, 4694, 5405, 4404, 2676, 3762, 5255, 3755, 2485, 5321, 536, 233, 3760, 1837, 4431, 3948, 5252, 3797, 1538, 13, 1387, 1886, 1994, 2954, 4108, 3432, 3881, 4477, 2919, 4613, 5175, 714, 1719, 4590, 3976, 3180, 2250, 2329, 3919, 5171, 3330, 2506, 3126, 3434, 223, 1272, 1304, 2738, 3311, 1290, 3073, 3199, 5388, 1989, 2828, 1431, 2509, 1643, 3373, 2821, 1188, 2859, 1955, 510, 1486, 595, 2764, 2793, 2298, 708, 1768, 5056, 5179, 4869, 2794, 2360, 4895, 1094, 5372, 2311, 2488, 1066, 2618, 429, 571, 2244, 2290, 1380, 2387, 68, 2439, 1878, 3749, 4145, 3746, 4125, 1315, 2150, 4656, 348, 770, 3019, 2275, 587, 315, 4120, 36, 2855, 3651, 2566, 4293, 640, 1490, 4054, 4959, 1835, 2354, 3522, 4901, 1243, 1571, 3332, 652, 2068, 1808, 5156, 1114, 4716, 2121, 5117, 4747, 4593, 451, 3953, 2782, 2461, 5091, 4920, 4668, 3397, 5247, 1260, 297, 2704, 3504, 3203, 2900, 384, 157, 4868, 3488, 5245, 3173, 1647, 3273, 1192, 3908, 38, 3992, 749, 5294, 3848, 860, 2479, 2459, 867, 3218, 4838, 4482, 20, 1521, 1641, 122, 3118, 2063, 2400, 3519, 1063, 2035, 3442, 2890, 1763, 2119, 5400, 1961, 4854, 2292, 2772, 527, 4917, 4955, 2172, 1186, 4006, 1388, 4382, 4717, 2798, 831, 1206, 189, 5149, 4021, 507, 3599, 3197, 5148, 539, 2171, 2575, 1615, 4032, 2592, 5425, 350, 201, 2074, 3364, 3764, 2122, 3738, 1086, 4460, 400, 63, 1662, 286, 291, 693, 3484, 2629, 4674, 2334, 1913, 4762, 2824, 4767, 4750, 4965, 1785, 2069, 583, 1797, 5051, 4848, 2634, 1507, 4085, 5159, 3279, 3927, 4, 550, 5447, 207, 2799, 551, 5144, 2563, 146, 4989, 4400, 2113, 434, 27, 4129, 3768, 3668, 3459, 3091, 1215, 4091, 1681, 2872, 4014, 4194, 779, 4029, 3756, 4760, 2476, 1749, 4658, 4871, 4348, 2757, 646, 1897, 2195, 316, 716, 4208, 5383, 825, 5370, 3078, 3778, 1702, 3984, 3847, 1150, 4300, 649, 4808, 3775, 4935, 3159, 687, 1223, 946, 4538, 4535, 3077, 5359, 780, 477, 2524, 371, 5142, 3611, 62, 1069, 4193, 883, 4130, 4328, 622, 4974, 1436, 4519, 1762, 4238, 3012, 3554, 4026, 3342, 4182, 5410, 1407, 2736, 913, 4045, 182, 1382, 3625, 1351, 3839, 3583, 2938, 46, 829, 5326, 2230, 612, 5021, 3121, 1127, 3006, 1852, 329, 118, 3794, 4081, 72, 1330, 519, 1195, 2017, 1920, 314, 1129, 3544, 1000, 282, 4041, 2857, 324, 2210, 5283, 2272, 4438, 10, 5341, 4447, 5120, 4167, 1047, 742, 4222, 2916, 3377, 2533, 2707, 2819, 42, 3054, 703, 1519, 1891, 1740, 2997, 347, 5190, 3489, 4284, 833, 4467, 2603, 4198, 4987, 4303, 2483, 435, 4121, 2536, 3048, 2561, 4425, 3177, 2774, 5313, 5078, 1804, 2780, 317, 1372, 1842, 2517, 35, 4283, 3692, 794, 4047, 4496, 4319, 1623, 896, 4416, 3383, 2217, 2330, 2026, 2565, 890, 1423, 3773, 2941, 4926, 2977, 256, 2755, 3724, 1697, 3141, 3189, 2520, 402, 1159, 1593, 508, 1536, 2376, 2842, 691, 3596, 2321, 1576, 5411, 2201, 2532, 4138, 4631, 3815, 4657, 2905, 3472, 4518, 4823, 4810, 2892, 4073, 2806, 3715, 31, 2372, 1782, 2133, 1893, 3932, 4602, 3997, 1607, 1238, 4296, 1350, 4498, 4735, 1489, 4877, 845, 1630, 3469, 4143, 4002, 106, 2773, 2881, 287, 2062, 1757, 4230, 1627, 830, 563, 1196, 2460, 5333, 2472, 1067, 1377, 4844, 3515, 4552, 958, 4347, 1170, 1543, 3120, 2239, 28, 4909, 3026, 515, 3293, 1948, 4948, 76, 970, 840, 4011, 2675, 4050, 37, 108, 4651, 3319, 3660, 5160, 4768, 1911, 5345, 23, 4419, 1815, 447, 581, 4426, 893, 2756, 1864, 4418, 4444, 1411, 3446, 3278, 1618, 4786, 3998, 2055, 2795, 4841, 1599, 1044, 2418, 2206, 1394, 3409, 4428, 5301, 5139, 4504, 3974, 4123, 2414, 3527, 4244, 4985, 3310, 3975, 1318, 952, 4822, 3414, 2223, 1506, 627, 3094, 1236, 4642, 2481, 1629, 4509, 4265, 3829, 4149, 3249, 426, 3817, 2571, 3894, 4662, 744, 4561, 1926, 3576, 2655, 1714, 2072, 1559, 3358, 4741, 2526, 2896, 5132, 613, 4331, 1969, 1727, 1293, 871, 5264, 4669, 1505, 1095]",483,750,1,False,750
57,numeric,location,4,True,False,True,"{2: 151, 1: 172, 5: 122, 3: 154, 4: 141, 0: 10}","[4097, 1548, 5419, 4731, 3902, 3380, 4432, 3710, 3542, 3991, 4880, 2494, 2930, 1237, 5356, 235, 4127, 3911, 217, 3274, 932, 1468, 2624, 2837, 3687, 1483, 2116, 3691, 4885, 1822, 1115, 1952, 4887, 876, 2002, 4576, 3443, 5286, 2441, 4713, 121, 2388, 292, 5439, 83, 4206, 4866, 1120, 5436, 1558, 1312, 2596, 3921, 1887, 388, 2130, 1360, 1525, 4673, 4770, 3790, 1675, 2897, 556, 4577, 4946, 2628, 1915, 2862, 5186, 4722, 3211, 2127, 2225, 352, 1392, 1877, 2901, 1025, 4799, 1285, 2739, 5107, 4436, 415, 2864, 15, 2351, 4600, 2046, 3401, 650, 3938, 1545, 226, 4522, 992, 5069, 534, 18, 335, 3566, 3064, 2698, 989, 123, 1932, 4178, 3670, 4847, 1514, 2273, 1786, 574, 2856, 3256, 618, 4694, 5405, 4404, 2676, 3762, 5255, 3755, 2485, 5321, 536, 233, 3760, 1837, 4431, 3948, 5252, 3797, 1538, 13, 1387, 1886, 1994, 2954, 4108, 3432, 3881, 4477, 2919, 4613, 5175, 714, 1719, 4590, 3976, 3180, 2250, 2329, 3919, 5171, 3330, 2506, 3126, 3434, 223, 1272, 1304, 2738, 3311, 1290, 3073, 3199, 5388, 1989, 2828, 1431, 2509, 1643, 3373, 2821, 1188, 2859, 1955, 510, 1486, 595, 2764, 2793, 2298, 708, 1768, 5056, 5179, 4869, 2794, 2360, 4895, 1094, 5372, 2311, 2488, 1066, 2618, 429, 571, 2244, 2290, 1380, 2387, 68, 2439, 1878, 3749, 4145, 3746, 4125, 1315, 2150, 4656, 348, 770, 3019, 2275, 587, 315, 4120, 36, 2855, 3651, 2566, 4293, 640, 1490, 4054, 4959, 1835, 2354, 3522, 4901, 1243, 1571, 3332, 652, 2068, 1808, 5156, 1114, 4716, 2121, 5117, 4747, 4593, 451, 3953, 2782, 2461, 5091, 4920, 4668, 3397, 5247, 1260, 297, 2704, 3504, 3203, 2900, 384, 157, 4868, 3488, 5245, 3173, 1647, 3273, 1192, 3908, 38, 3992, 749, 5294, 3848, 860, 2479, 2459, 867, 3218, 4838, 4482, 20, 1521, 1641, 122, 3118, 2063, 2400, 3519, 1063, 2035, 3442, 2890, 1763, 2119, 5400, 1961, 4854, 2292, 2772, 527, 4917, 4955, 2172, 1186, 4006, 1388, 4382, 4717, 2798, 831, 1206, 189, 5149, 4021, 507, 3599, 3197, 5148, 539, 2171, 2575, 1615, 4032, 2592, 5425, 350, 201, 2074, 3364, 3764, 2122, 3738, 1086, 4460, 400, 63, 1662, 286, 291, 693, 3484, 2629, 4674, 2334, 1913, 4762, 2824, 4767, 4750, 4965, 1785, 2069, 583, 1797, 5051, 4848, 2634, 1507, 4085, 5159, 3279, 3927, 4, 550, 5447, 207, 2799, 551, 5144, 2563, 146, 4989, 4400, 2113, 434, 27, 4129, 3768, 3668, 3459, 3091, 1215, 4091, 1681, 2872, 4014, 4194, 779, 4029, 3756, 4760, 2476, 1749, 4658, 4871, 4348, 2757, 646, 1897, 2195, 316, 716, 4208, 5383, 825, 5370, 3078, 3778, 1702, 3984, 3847, 1150, 4300, 649, 4808, 3775, 4935, 3159, 687, 1223, 946, 4538, 4535, 3077, 5359, 780, 477, 2524, 371, 5142, 3611, 62, 1069, 4193, 883, 4130, 4328, 622, 4974, 1436, 4519, 1762, 4238, 3012, 3554, 4026, 3342, 4182, 5410, 1407, 2736, 913, 4045, 182, 1382, 3625, 1351, 3839, 3583, 2938, 46, 829, 5326, 2230, 612, 5021, 3121, 1127, 3006, 1852, 329, 118, 3794, 4081, 72, 1330, 519, 1195, 2017, 1920, 314, 1129, 3544, 1000, 282, 4041, 2857, 324, 2210, 5283, 2272, 4438, 10, 5341, 4447, 5120, 4167, 1047, 742, 4222, 2916, 3377, 2533, 2707, 2819, 42, 3054, 703, 1519, 1891, 1740, 2997, 347, 5190, 3489, 4284, 833, 4467, 2603, 4198, 4987, 4303, 2483, 435, 4121, 2536, 3048, 2561, 4425, 3177, 2774, 5313, 5078, 1804, 2780, 317, 1372, 1842, 2517, 35, 4283, 3692, 794, 4047, 4496, 4319, 1623, 896, 4416, 3383, 2217, 2330, 2026, 2565, 890, 1423, 3773, 2941, 4926, 2977, 256, 2755, 3724, 1697, 3141, 3189, 2520, 402, 1159, 1593, 508, 1536, 2376, 2842, 691, 3596, 2321, 1576, 5411, 2201, 2532, 4138, 4631, 3815, 4657, 2905, 3472, 4518, 4823, 4810, 2892, 4073, 2806, 3715, 31, 2372, 1782, 2133, 1893, 3932, 4602, 3997, 1607, 1238, 4296, 1350, 4498, 4735, 1489, 4877, 845, 1630, 3469, 4143, 4002, 106, 2773, 2881, 287, 2062, 1757, 4230, 1627, 830, 563, 1196, 2460, 5333, 2472, 1067, 1377, 4844, 3515, 4552, 958, 4347, 1170, 1543, 3120, 2239, 28, 4909, 3026, 515, 3293, 1948, 4948, 76, 970, 840, 4011, 2675, 4050, 37, 108, 4651, 3319, 3660, 5160, 4768, 1911, 5345, 23, 4419, 1815, 447, 581, 4426, 893, 2756, 1864, 4418, 4444, 1411, 3446, 3278, 1618, 4786, 3998, 2055, 2795, 4841, 1599, 1044, 2418, 2206, 1394, 3409, 4428, 5301, 5139, 4504, 3974, 4123, 2414, 3527, 4244, 4985, 3310, 3975, 1318, 952, 4822, 3414, 2223, 1506, 627, 3094, 1236, 4642, 2481, 1629, 4509, 4265, 3829, 4149, 3249, 426, 3817, 2571, 3894, 4662, 744, 4561, 1926, 3576, 2655, 1714, 2072, 1559, 3358, 4741, 2526, 2896, 5132, 613, 4331, 1969, 1727, 1293, 871, 5264, 4669, 1505, 1095]",57,750,1,False,750
221,numeric,numeric,5,True,True,True,"{2: 151, 1: 172, 5: 122, 3: 154, 4: 141, 0: 10}","[4097, 1548, 5419, 4731, 3902, 3380, 4432, 3710, 3542, 3991, 4880, 2494, 2930, 1237, 5356, 235, 4127, 3911, 217, 3274, 932, 1468, 2624, 2837, 3687, 1483, 2116, 3691, 4885, 1822, 1115, 1952, 4887, 876, 2002, 4576, 3443, 5286, 2441, 4713, 121, 2388, 292, 5439, 83, 4206, 4866, 1120, 5436, 1558, 1312, 2596, 3921, 1887, 388, 2130, 1360, 1525, 4673, 4770, 3790, 1675, 2897, 556, 4577, 4946, 2628, 1915, 2862, 5186, 4722, 3211, 2127, 2225, 352, 1392, 1877, 2901, 1025, 4799, 1285, 2739, 5107, 4436, 415, 2864, 15, 2351, 4600, 2046, 3401, 650, 3938, 1545, 226, 4522, 992, 5069, 534, 18, 335, 3566, 3064, 2698, 989, 123, 1932, 4178, 3670, 4847, 1514, 2273, 1786, 574, 2856, 3256, 618, 4694, 5405, 4404, 2676, 3762, 5255, 3755, 2485, 5321, 536, 233, 3760, 1837, 4431, 3948, 5252, 3797, 1538, 13, 1387, 1886, 1994, 2954, 4108, 3432, 3881, 4477, 2919, 4613, 5175, 714, 1719, 4590, 3976, 3180, 2250, 2329, 3919, 5171, 3330, 2506, 3126, 3434, 223, 1272, 1304, 2738, 3311, 1290, 3073, 3199, 5388, 1989, 2828, 1431, 2509, 1643, 3373, 2821, 1188, 2859, 1955, 510, 1486, 595, 2764, 2793, 2298, 708, 1768, 5056, 5179, 4869, 2794, 2360, 4895, 1094, 5372, 2311, 2488, 1066, 2618, 429, 571, 2244, 2290, 1380, 2387, 68, 2439, 1878, 3749, 4145, 3746, 4125, 1315, 2150, 4656, 348, 770, 3019, 2275, 587, 315, 4120, 36, 2855, 3651, 2566, 4293, 640, 1490, 4054, 4959, 1835, 2354, 3522, 4901, 1243, 1571, 3332, 652, 2068, 1808, 5156, 1114, 4716, 2121, 5117, 4747, 4593, 451, 3953, 2782, 2461, 5091, 4920, 4668, 3397, 5247, 1260, 297, 2704, 3504, 3203, 2900, 384, 157, 4868, 3488, 5245, 3173, 1647, 3273, 1192, 3908, 38, 3992, 749, 5294, 3848, 860, 2479, 2459, 867, 3218, 4838, 4482, 20, 1521, 1641, 122, 3118, 2063, 2400, 3519, 1063, 2035, 3442, 2890, 1763, 2119, 5400, 1961, 4854, 2292, 2772, 527, 4917, 4955, 2172, 1186, 4006, 1388, 4382, 4717, 2798, 831, 1206, 189, 5149, 4021, 507, 3599, 3197, 5148, 539, 2171, 2575, 1615, 4032, 2592, 5425, 350, 201, 2074, 3364, 3764, 2122, 3738, 1086, 4460, 400, 63, 1662, 286, 291, 693, 3484, 2629, 4674, 2334, 1913, 4762, 2824, 4767, 4750, 4965, 1785, 2069, 583, 1797, 5051, 4848, 2634, 1507, 4085, 5159, 3279, 3927, 4, 550, 5447, 207, 2799, 551, 5144, 2563, 146, 4989, 4400, 2113, 434, 27, 4129, 3768, 3668, 3459, 3091, 1215, 4091, 1681, 2872, 4014, 4194, 779, 4029, 3756, 4760, 2476, 1749, 4658, 4871, 4348, 2757, 646, 1897, 2195, 316, 716, 4208, 5383, 825, 5370, 3078, 3778, 1702, 3984, 3847, 1150, 4300, 649, 4808, 3775, 4935, 3159, 687, 1223, 946, 4538, 4535, 3077, 5359, 780, 477, 2524, 371, 5142, 3611, 62, 1069, 4193, 883, 4130, 4328, 622, 4974, 1436, 4519, 1762, 4238, 3012, 3554, 4026, 3342, 4182, 5410, 1407, 2736, 913, 4045, 182, 1382, 3625, 1351, 3839, 3583, 2938, 46, 829, 5326, 2230, 612, 5021, 3121, 1127, 3006, 1852, 329, 118, 3794, 4081, 72, 1330, 519, 1195, 2017, 1920, 314, 1129, 3544, 1000, 282, 4041, 2857, 324, 2210, 5283, 2272, 4438, 10, 5341, 4447, 5120, 4167, 1047, 742, 4222, 2916, 3377, 2533, 2707, 2819, 42, 3054, 703, 1519, 1891, 1740, 2997, 347, 5190, 3489, 4284, 833, 4467, 2603, 4198, 4987, 4303, 2483, 435, 4121, 2536, 3048, 2561, 4425, 3177, 2774, 5313, 5078, 1804, 2780, 317, 1372, 1842, 2517, 35, 4283, 3692, 794, 4047, 4496, 4319, 1623, 896, 4416, 3383, 2217, 2330, 2026, 2565, 890, 1423, 3773, 2941, 4926, 2977, 256, 2755, 3724, 1697, 3141, 3189, 2520, 402, 1159, 1593, 508, 1536, 2376, 2842, 691, 3596, 2321, 1576, 5411, 2201, 2532, 4138, 4631, 3815, 4657, 2905, 3472, 4518, 4823, 4810, 2892, 4073, 2806, 3715, 31, 2372, 1782, 2133, 1893, 3932, 4602, 3997, 1607, 1238, 4296, 1350, 4498, 4735, 1489, 4877, 845, 1630, 3469, 4143, 4002, 106, 2773, 2881, 287, 2062, 1757, 4230, 1627, 830, 563, 1196, 2460, 5333, 2472, 1067, 1377, 4844, 3515, 4552, 958, 4347, 1170, 1543, 3120, 2239, 28, 4909, 3026, 515, 3293, 1948, 4948, 76, 970, 840, 4011, 2675, 4050, 37, 108, 4651, 3319, 3660, 5160, 4768, 1911, 5345, 23, 4419, 1815, 447, 581, 4426, 893, 2756, 1864, 4418, 4444, 1411, 3446, 3278, 1618, 4786, 3998, 2055, 2795, 4841, 1599, 1044, 2418, 2206, 1394, 3409, 4428, 5301, 5139, 4504, 3974, 4123, 2414, 3527, 4244, 4985, 3310, 3975, 1318, 952, 4822, 3414, 2223, 1506, 627, 3094, 1236, 4642, 2481, 1629, 4509, 4265, 3829, 4149, 3249, 426, 3817, 2571, 3894, 4662, 744, 4561, 1926, 3576, 2655, 1714, 2072, 1559, 3358, 4741, 2526, 2896, 5132, 613, 4331, 1969, 1727, 1293, 871, 5264, 4669, 1505, 1095]",221,750,1,False,750
270,numeric,entity,1,True,False,True,"{2: 151, 1: 172, 5: 122, 3: 154, 4: 141, 0: 10}","[4097, 1548, 5419, 4731, 3902, 3380, 4432, 3710, 3542, 3991, 4880, 2494, 2930, 1237, 5356, 235, 4127, 3911, 217, 3274, 932, 1468, 2624, 2837, 3687, 1483, 2116, 3691, 4885, 1822, 1115, 1952, 4887, 876, 2002, 4576, 3443, 5286, 2441, 4713, 121, 2388, 292, 5439, 83, 4206, 4866, 1120, 5436, 1558, 1312, 2596, 3921, 1887, 388, 2130, 1360, 1525, 4673, 4770, 3790, 1675, 2897, 556, 4577, 4946, 2628, 1915, 2862, 5186, 4722, 3211, 2127, 2225, 352, 1392, 1877, 2901, 1025, 4799, 1285, 2739, 5107, 4436, 415, 2864, 15, 2351, 4600, 2046, 3401, 650, 3938, 1545, 226, 4522, 992, 5069, 534, 18, 335, 3566, 3064, 2698, 989, 123, 1932, 4178, 3670, 4847, 1514, 2273, 1786, 574, 2856, 3256, 618, 4694, 5405, 4404, 2676, 3762, 5255, 3755, 2485, 5321, 536, 233, 3760, 1837, 4431, 3948, 5252, 3797, 1538, 13, 1387, 1886, 1994, 2954, 4108, 3432, 3881, 4477, 2919, 4613, 5175, 714, 1719, 4590, 3976, 3180, 2250, 2329, 3919, 5171, 3330, 2506, 3126, 3434, 223, 1272, 1304, 2738, 3311, 1290, 3073, 3199, 5388, 1989, 2828, 1431, 2509, 1643, 3373, 2821, 1188, 2859, 1955, 510, 1486, 595, 2764, 2793, 2298, 708, 1768, 5056, 5179, 4869, 2794, 2360, 4895, 1094, 5372, 2311, 2488, 1066, 2618, 429, 571, 2244, 2290, 1380, 2387, 68, 2439, 1878, 3749, 4145, 3746, 4125, 1315, 2150, 4656, 348, 770, 3019, 2275, 587, 315, 4120, 36, 2855, 3651, 2566, 4293, 640, 1490, 4054, 4959, 1835, 2354, 3522, 4901, 1243, 1571, 3332, 652, 2068, 1808, 5156, 1114, 4716, 2121, 5117, 4747, 4593, 451, 3953, 2782, 2461, 5091, 4920, 4668, 3397, 5247, 1260, 297, 2704, 3504, 3203, 2900, 384, 157, 4868, 3488, 5245, 3173, 1647, 3273, 1192, 3908, 38, 3992, 749, 5294, 3848, 860, 2479, 2459, 867, 3218, 4838, 4482, 20, 1521, 1641, 122, 3118, 2063, 2400, 3519, 1063, 2035, 3442, 2890, 1763, 2119, 5400, 1961, 4854, 2292, 2772, 527, 4917, 4955, 2172, 1186, 4006, 1388, 4382, 4717, 2798, 831, 1206, 189, 5149, 4021, 507, 3599, 3197, 5148, 539, 2171, 2575, 1615, 4032, 2592, 5425, 350, 201, 2074, 3364, 3764, 2122, 3738, 1086, 4460, 400, 63, 1662, 286, 291, 693, 3484, 2629, 4674, 2334, 1913, 4762, 2824, 4767, 4750, 4965, 1785, 2069, 583, 1797, 5051, 4848, 2634, 1507, 4085, 5159, 3279, 3927, 4, 550, 5447, 207, 2799, 551, 5144, 2563, 146, 4989, 4400, 2113, 434, 27, 4129, 3768, 3668, 3459, 3091, 1215, 4091, 1681, 2872, 4014, 4194, 779, 4029, 3756, 4760, 2476, 1749, 4658, 4871, 4348, 2757, 646, 1897, 2195, 316, 716, 4208, 5383, 825, 5370, 3078, 3778, 1702, 3984, 3847, 1150, 4300, 649, 4808, 3775, 4935, 3159, 687, 1223, 946, 4538, 4535, 3077, 5359, 780, 477, 2524, 371, 5142, 3611, 62, 1069, 4193, 883, 4130, 4328, 622, 4974, 1436, 4519, 1762, 4238, 3012, 3554, 4026, 3342, 4182, 5410, 1407, 2736, 913, 4045, 182, 1382, 3625, 1351, 3839, 3583, 2938, 46, 829, 5326, 2230, 612, 5021, 3121, 1127, 3006, 1852, 329, 118, 3794, 4081, 72, 1330, 519, 1195, 2017, 1920, 314, 1129, 3544, 1000, 282, 4041, 2857, 324, 2210, 5283, 2272, 4438, 10, 5341, 4447, 5120, 4167, 1047, 742, 4222, 2916, 3377, 2533, 2707, 2819, 42, 3054, 703, 1519, 1891, 1740, 2997, 347, 5190, 3489, 4284, 833, 4467, 2603, 4198, 4987, 4303, 2483, 435, 4121, 2536, 3048, 2561, 4425, 3177, 2774, 5313, 5078, 1804, 2780, 317, 1372, 1842, 2517, 35, 4283, 3692, 794, 4047, 4496, 4319, 1623, 896, 4416, 3383, 2217, 2330, 2026, 2565, 890, 1423, 3773, 2941, 4926, 2977, 256, 2755, 3724, 1697, 3141, 3189, 2520, 402, 1159, 1593, 508, 1536, 2376, 2842, 691, 3596, 2321, 1576, 5411, 2201, 2532, 4138, 4631, 3815, 4657, 2905, 3472, 4518, 4823, 4810, 2892, 4073, 2806, 3715, 31, 2372, 1782, 2133, 1893, 3932, 4602, 3997, 1607, 1238, 4296, 1350, 4498, 4735, 1489, 4877, 845, 1630, 3469, 4143, 4002, 106, 2773, 2881, 287, 2062, 1757, 4230, 1627, 830, 563, 1196, 2460, 5333, 2472, 1067, 1377, 4844, 3515, 4552, 958, 4347, 1170, 1543, 3120, 2239, 28, 4909, 3026, 515, 3293, 1948, 4948, 76, 970, 840, 4011, 2675, 4050, 37, 108, 4651, 3319, 3660, 5160, 4768, 1911, 5345, 23, 4419, 1815, 447, 581, 4426, 893, 2756, 1864, 4418, 4444, 1411, 3446, 3278, 1618, 4786, 3998, 2055, 2795, 4841, 1599, 1044, 2418, 2206, 1394, 3409, 4428, 5301, 5139, 4504, 3974, 4123, 2414, 3527, 4244, 4985, 3310, 3975, 1318, 952, 4822, 3414, 2223, 1506, 627, 3094, 1236, 4642, 2481, 1629, 4509, 4265, 3829, 4149, 3249, 426, 3817, 2571, 3894, 4662, 744, 4561, 1926, 3576, 2655, 1714, 2072, 1559, 3358, 4741, 2526, 2896, 5132, 613, 4331, 1969, 1727, 1293, 871, 5264, 4669, 1505, 1095]",270,750,1,False,750
