,outputs,label_tokens,true_numeric_labels,true_label_present_in_prompt,correct,predicted_label_present_in_prompt,prompt_labels,prompt_example_indices,id,n_shots,run_number,unlimiformer,nspw
2782,pto request,how busy,102,False,False,True,"{104: 2, 115: 2, 87: 1, 65: 2, 11: 1, 31: 2, 69: 3, 97: 3, 32: 1, 17: 1, 128: 1, 18: 1, 146: 1, 142: 1, 41: 1, 23: 1, 114: 1, 129: 1, 53: 3, 42: 1, 112: 1, 132: 1, 119: 1, 25: 3, 100: 1, 149: 1, 126: 2, 148: 1, 8: 2, 67: 1, 47: 1, 27: 1, 46: 1, 52: 1, 91: 2, 94: 1, 28: 1, 9: 1, 14: 1, 120: 2, 79: 1, 74: 1, 70: 1, 48: 1, 26: 2, 62: 2, 82: 1, 122: 1, 80: 1, 39: 1, 133: 1, 103: 1, 55: 1, 89: 1, 60: 1, 5: 1, 75: 1, 96: 1, 83: 1, 108: 1, 15: 1, 35: 1, 140: 1, 118: 1, 16: 1, 107: 1, 71: 1, 43: 1, 33: 1, 57: 1, 19: 1, 110: 1, 30: 1, 10: 1, 99: 1, 20: 1, 68: 1, 77: 1, 59: 1, 137: 1, 78: 1, 1: 1}","[4704, 3062, 13685, 4895, 2, 13267, 6248, 785, 11789, 10596, 8974, 121, 2093, 3408, 5711, 8857, 1998, 700, 4530, 8847, 4794, 3094, 6441, 3904, 7558, 12549, 11526, 5884, 13737, 6097, 3937, 6956, 14007, 11620, 14742, 11391, 6984, 9170, 8171, 13532, 6841, 15004, 10047, 12225, 2666, 10636, 7333, 2023, 7421, 5370, 7703, 8234, 14096, 13914, 10738, 11161, 1650, 1406, 11090, 8233, 10779, 7831, 3255, 8947, 10269, 157, 1265, 7540, 14825, 206, 14151, 14060, 4481, 8637, 13187, 3475, 9308, 7658, 5807, 10960, 8823, 14870, 13527, 2776, 14872, 9356, 2787, 9210, 7331, 11767, 1795, 7694, 3576, 11925, 3559, 8112, 4407, 1685, 5217, 14134]",2782,100,3,False,100
4050,card declined,exp,44,False,False,False,"{104: 2, 115: 2, 87: 1, 65: 2, 11: 1, 31: 2, 69: 3, 97: 3, 32: 1, 17: 1, 128: 1, 18: 1, 146: 1, 142: 1, 41: 1, 23: 1, 114: 1, 129: 1, 53: 3, 42: 1, 112: 1, 132: 1, 119: 1, 25: 3, 100: 1, 149: 1, 126: 2, 148: 1, 8: 2, 67: 1, 47: 1, 27: 1, 46: 1, 52: 1, 91: 2, 94: 1, 28: 1, 9: 1, 14: 1, 120: 2, 79: 1, 74: 1, 70: 1, 48: 1, 26: 2, 62: 2, 82: 1, 122: 1, 80: 1, 39: 1, 133: 1, 103: 1, 55: 1, 89: 1, 60: 1, 5: 1, 75: 1, 96: 1, 83: 1, 108: 1, 15: 1, 35: 1, 140: 1, 118: 1, 16: 1, 107: 1, 71: 1, 43: 1, 33: 1, 57: 1, 19: 1, 110: 1, 30: 1, 10: 1, 99: 1, 20: 1, 68: 1, 77: 1, 59: 1, 137: 1, 78: 1, 1: 1}","[4704, 3062, 13685, 4895, 2, 13267, 6248, 785, 11789, 10596, 8974, 121, 2093, 3408, 5711, 8857, 1998, 700, 4530, 8847, 4794, 3094, 6441, 3904, 7558, 12549, 11526, 5884, 13737, 6097, 3937, 6956, 14007, 11620, 14742, 11391, 6984, 9170, 8171, 13532, 6841, 15004, 10047, 12225, 2666, 10636, 7333, 2023, 7421, 5370, 7703, 8234, 14096, 13914, 10738, 11161, 1650, 1406, 11090, 8233, 10779, 7831, 3255, 8947, 10269, 157, 1265, 7540, 14825, 206, 14151, 14060, 4481, 8637, 13187, 3475, 9308, 7658, 5807, 10960, 8823, 14870, 13527, 2776, 14872, 9356, 2787, 9210, 7331, 11767, 1795, 7694, 3576, 11925, 3559, 8112, 4407, 1685, 5217, 14134]",4050,100,3,False,100
3387,cancel,cancel,147,False,True,False,"{104: 2, 115: 2, 87: 1, 65: 2, 11: 1, 31: 2, 69: 3, 97: 3, 32: 1, 17: 1, 128: 1, 18: 1, 146: 1, 142: 1, 41: 1, 23: 1, 114: 1, 129: 1, 53: 3, 42: 1, 112: 1, 132: 1, 119: 1, 25: 3, 100: 1, 149: 1, 126: 2, 148: 1, 8: 2, 67: 1, 47: 1, 27: 1, 46: 1, 52: 1, 91: 2, 94: 1, 28: 1, 9: 1, 14: 1, 120: 2, 79: 1, 74: 1, 70: 1, 48: 1, 26: 2, 62: 2, 82: 1, 122: 1, 80: 1, 39: 1, 133: 1, 103: 1, 55: 1, 89: 1, 60: 1, 5: 1, 75: 1, 96: 1, 83: 1, 108: 1, 15: 1, 35: 1, 140: 1, 118: 1, 16: 1, 107: 1, 71: 1, 43: 1, 33: 1, 57: 1, 19: 1, 110: 1, 30: 1, 10: 1, 99: 1, 20: 1, 68: 1, 77: 1, 59: 1, 137: 1, 78: 1, 1: 1}","[4704, 3062, 13685, 4895, 2, 13267, 6248, 785, 11789, 10596, 8974, 121, 2093, 3408, 5711, 8857, 1998, 700, 4530, 8847, 4794, 3094, 6441, 3904, 7558, 12549, 11526, 5884, 13737, 6097, 3937, 6956, 14007, 11620, 14742, 11391, 6984, 9170, 8171, 13532, 6841, 15004, 10047, 12225, 2666, 10636, 7333, 2023, 7421, 5370, 7703, 8234, 14096, 13914, 10738, 11161, 1650, 1406, 11090, 8233, 10779, 7831, 3255, 8947, 10269, 157, 1265, 7540, 14825, 206, 14151, 14060, 4481, 8637, 13187, 3475, 9308, 7658, 5807, 10960, 8823, 14870, 13527, 2776, 14872, 9356, 2787, 9210, 7331, 11767, 1795, 7694, 3576, 11925, 3559, 8112, 4407, 1685, 5217, 14134]",3387,100,3,False,100
4122,cancel reservation,cancel res,67,True,True,False,"{104: 2, 115: 2, 87: 1, 65: 2, 11: 1, 31: 2, 69: 3, 97: 3, 32: 1, 17: 1, 128: 1, 18: 1, 146: 1, 142: 1, 41: 1, 23: 1, 114: 1, 129: 1, 53: 3, 42: 1, 112: 1, 132: 1, 119: 1, 25: 3, 100: 1, 149: 1, 126: 2, 148: 1, 8: 2, 67: 1, 47: 1, 27: 1, 46: 1, 52: 1, 91: 2, 94: 1, 28: 1, 9: 1, 14: 1, 120: 2, 79: 1, 74: 1, 70: 1, 48: 1, 26: 2, 62: 2, 82: 1, 122: 1, 80: 1, 39: 1, 133: 1, 103: 1, 55: 1, 89: 1, 60: 1, 5: 1, 75: 1, 96: 1, 83: 1, 108: 1, 15: 1, 35: 1, 140: 1, 118: 1, 16: 1, 107: 1, 71: 1, 43: 1, 33: 1, 57: 1, 19: 1, 110: 1, 30: 1, 10: 1, 99: 1, 20: 1, 68: 1, 77: 1, 59: 1, 137: 1, 78: 1, 1: 1}","[4704, 3062, 13685, 4895, 2, 13267, 6248, 785, 11789, 10596, 8974, 121, 2093, 3408, 5711, 8857, 1998, 700, 4530, 8847, 4794, 3094, 6441, 3904, 7558, 12549, 11526, 5884, 13737, 6097, 3937, 6956, 14007, 11620, 14742, 11391, 6984, 9170, 8171, 13532, 6841, 15004, 10047, 12225, 2666, 10636, 7333, 2023, 7421, 5370, 7703, 8234, 14096, 13914, 10738, 11161, 1650, 1406, 11090, 8233, 10779, 7831, 3255, 8947, 10269, 157, 1265, 7540, 14825, 206, 14151, 14060, 4481, 8637, 13187, 3475, 9308, 7658, 5807, 10960, 8823, 14870, 13527, 2776, 14872, 9356, 2787, 9210, 7331, 11767, 1795, 7694, 3576, 11925, 3559, 8112, 4407, 1685, 5217, 14134]",4122,100,3,False,100
4317,meal suggestion,me,46,True,True,False,"{104: 2, 115: 2, 87: 1, 65: 2, 11: 1, 31: 2, 69: 3, 97: 3, 32: 1, 17: 1, 128: 1, 18: 1, 146: 1, 142: 1, 41: 1, 23: 1, 114: 1, 129: 1, 53: 3, 42: 1, 112: 1, 132: 1, 119: 1, 25: 3, 100: 1, 149: 1, 126: 2, 148: 1, 8: 2, 67: 1, 47: 1, 27: 1, 46: 1, 52: 1, 91: 2, 94: 1, 28: 1, 9: 1, 14: 1, 120: 2, 79: 1, 74: 1, 70: 1, 48: 1, 26: 2, 62: 2, 82: 1, 122: 1, 80: 1, 39: 1, 133: 1, 103: 1, 55: 1, 89: 1, 60: 1, 5: 1, 75: 1, 96: 1, 83: 1, 108: 1, 15: 1, 35: 1, 140: 1, 118: 1, 16: 1, 107: 1, 71: 1, 43: 1, 33: 1, 57: 1, 19: 1, 110: 1, 30: 1, 10: 1, 99: 1, 20: 1, 68: 1, 77: 1, 59: 1, 137: 1, 78: 1, 1: 1}","[4704, 3062, 13685, 4895, 2, 13267, 6248, 785, 11789, 10596, 8974, 121, 2093, 3408, 5711, 8857, 1998, 700, 4530, 8847, 4794, 3094, 6441, 3904, 7558, 12549, 11526, 5884, 13737, 6097, 3937, 6956, 14007, 11620, 14742, 11391, 6984, 9170, 8171, 13532, 6841, 15004, 10047, 12225, 2666, 10636, 7333, 2023, 7421, 5370, 7703, 8234, 14096, 13914, 10738, 11161, 1650, 1406, 11090, 8233, 10779, 7831, 3255, 8947, 10269, 157, 1265, 7540, 14825, 206, 14151, 14060, 4481, 8637, 13187, 3475, 9308, 7658, 5807, 10960, 8823, 14870, 13527, 2776, 14872, 9356, 2787, 9210, 7331, 11767, 1795, 7694, 3576, 11925, 3559, 8112, 4407, 1685, 5217, 14134]",4317,100,3,False,100
2449,routing,routing,45,False,True,False,"{104: 2, 115: 2, 87: 1, 65: 2, 11: 1, 31: 2, 69: 3, 97: 3, 32: 1, 17: 1, 128: 1, 18: 1, 146: 1, 142: 1, 41: 1, 23: 1, 114: 1, 129: 1, 53: 3, 42: 1, 112: 1, 132: 1, 119: 1, 25: 3, 100: 1, 149: 1, 126: 2, 148: 1, 8: 2, 67: 1, 47: 1, 27: 1, 46: 1, 52: 1, 91: 2, 94: 1, 28: 1, 9: 1, 14: 1, 120: 2, 79: 1, 74: 1, 70: 1, 48: 1, 26: 2, 62: 2, 82: 1, 122: 1, 80: 1, 39: 1, 133: 1, 103: 1, 55: 1, 89: 1, 60: 1, 5: 1, 75: 1, 96: 1, 83: 1, 108: 1, 15: 1, 35: 1, 140: 1, 118: 1, 16: 1, 107: 1, 71: 1, 43: 1, 33: 1, 57: 1, 19: 1, 110: 1, 30: 1, 10: 1, 99: 1, 20: 1, 68: 1, 77: 1, 59: 1, 137: 1, 78: 1, 1: 1}","[4704, 3062, 13685, 4895, 2, 13267, 6248, 785, 11789, 10596, 8974, 121, 2093, 3408, 5711, 8857, 1998, 700, 4530, 8847, 4794, 3094, 6441, 3904, 7558, 12549, 11526, 5884, 13737, 6097, 3937, 6956, 14007, 11620, 14742, 11391, 6984, 9170, 8171, 13532, 6841, 15004, 10047, 12225, 2666, 10636, 7333, 2023, 7421, 5370, 7703, 8234, 14096, 13914, 10738, 11161, 1650, 1406, 11090, 8233, 10779, 7831, 3255, 8947, 10269, 157, 1265, 7540, 14825, 206, 14151, 14060, 4481, 8637, 13187, 3475, 9308, 7658, 5807, 10960, 8823, 14870, 13527, 2776, 14872, 9356, 2787, 9210, 7331, 11767, 1795, 7694, 3576, 11925, 3559, 8112, 4407, 1685, 5217, 14134]",2449,100,3,False,100
5020,change ai name,o,42,True,False,False,"{104: 2, 115: 2, 87: 1, 65: 2, 11: 1, 31: 2, 69: 3, 97: 3, 32: 1, 17: 1, 128: 1, 18: 1, 146: 1, 142: 1, 41: 1, 23: 1, 114: 1, 129: 1, 53: 3, 42: 1, 112: 1, 132: 1, 119: 1, 25: 3, 100: 1, 149: 1, 126: 2, 148: 1, 8: 2, 67: 1, 47: 1, 27: 1, 46: 1, 52: 1, 91: 2, 94: 1, 28: 1, 9: 1, 14: 1, 120: 2, 79: 1, 74: 1, 70: 1, 48: 1, 26: 2, 62: 2, 82: 1, 122: 1, 80: 1, 39: 1, 133: 1, 103: 1, 55: 1, 89: 1, 60: 1, 5: 1, 75: 1, 96: 1, 83: 1, 108: 1, 15: 1, 35: 1, 140: 1, 118: 1, 16: 1, 107: 1, 71: 1, 43: 1, 33: 1, 57: 1, 19: 1, 110: 1, 30: 1, 10: 1, 99: 1, 20: 1, 68: 1, 77: 1, 59: 1, 137: 1, 78: 1, 1: 1}","[4704, 3062, 13685, 4895, 2, 13267, 6248, 785, 11789, 10596, 8974, 121, 2093, 3408, 5711, 8857, 1998, 700, 4530, 8847, 4794, 3094, 6441, 3904, 7558, 12549, 11526, 5884, 13737, 6097, 3937, 6956, 14007, 11620, 14742, 11391, 6984, 9170, 8171, 13532, 6841, 15004, 10047, 12225, 2666, 10636, 7333, 2023, 7421, 5370, 7703, 8234, 14096, 13914, 10738, 11161, 1650, 1406, 11090, 8233, 10779, 7831, 3255, 8947, 10269, 157, 1265, 7540, 14825, 206, 14151, 14060, 4481, 8637, 13187, 3475, 9308, 7658, 5807, 10960, 8823, 14870, 13527, 2776, 14872, 9356, 2787, 9210, 7331, 11767, 1795, 7694, 3576, 11925, 3559, 8112, 4407, 1685, 5217, 14134]",5020,100,3,False,100
396,credit limit,replacement,90,False,False,True,"{104: 2, 115: 2, 87: 1, 65: 2, 11: 1, 31: 2, 69: 3, 97: 3, 32: 1, 17: 1, 128: 1, 18: 1, 146: 1, 142: 1, 41: 1, 23: 1, 114: 1, 129: 1, 53: 3, 42: 1, 112: 1, 132: 1, 119: 1, 25: 3, 100: 1, 149: 1, 126: 2, 148: 1, 8: 2, 67: 1, 47: 1, 27: 1, 46: 1, 52: 1, 91: 2, 94: 1, 28: 1, 9: 1, 14: 1, 120: 2, 79: 1, 74: 1, 70: 1, 48: 1, 26: 2, 62: 2, 82: 1, 122: 1, 80: 1, 39: 1, 133: 1, 103: 1, 55: 1, 89: 1, 60: 1, 5: 1, 75: 1, 96: 1, 83: 1, 108: 1, 15: 1, 35: 1, 140: 1, 118: 1, 16: 1, 107: 1, 71: 1, 43: 1, 33: 1, 57: 1, 19: 1, 110: 1, 30: 1, 10: 1, 99: 1, 20: 1, 68: 1, 77: 1, 59: 1, 137: 1, 78: 1, 1: 1}","[4704, 3062, 13685, 4895, 2, 13267, 6248, 785, 11789, 10596, 8974, 121, 2093, 3408, 5711, 8857, 1998, 700, 4530, 8847, 4794, 3094, 6441, 3904, 7558, 12549, 11526, 5884, 13737, 6097, 3937, 6956, 14007, 11620, 14742, 11391, 6984, 9170, 8171, 13532, 6841, 15004, 10047, 12225, 2666, 10636, 7333, 2023, 7421, 5370, 7703, 8234, 14096, 13914, 10738, 11161, 1650, 1406, 11090, 8233, 10779, 7831, 3255, 8947, 10269, 157, 1265, 7540, 14825, 206, 14151, 14060, 4481, 8637, 13187, 3475, 9308, 7658, 5807, 10960, 8823, 14870, 13527, 2776, 14872, 9356, 2787, 9210, 7331, 11767, 1795, 7694, 3576, 11925, 3559, 8112, 4407, 1685, 5217, 14134]",396,100,3,False,100
1307,what is your name,repeat,13,False,False,False,"{104: 2, 115: 2, 87: 1, 65: 2, 11: 1, 31: 2, 69: 3, 97: 3, 32: 1, 17: 1, 128: 1, 18: 1, 146: 1, 142: 1, 41: 1, 23: 1, 114: 1, 129: 1, 53: 3, 42: 1, 112: 1, 132: 1, 119: 1, 25: 3, 100: 1, 149: 1, 126: 2, 148: 1, 8: 2, 67: 1, 47: 1, 27: 1, 46: 1, 52: 1, 91: 2, 94: 1, 28: 1, 9: 1, 14: 1, 120: 2, 79: 1, 74: 1, 70: 1, 48: 1, 26: 2, 62: 2, 82: 1, 122: 1, 80: 1, 39: 1, 133: 1, 103: 1, 55: 1, 89: 1, 60: 1, 5: 1, 75: 1, 96: 1, 83: 1, 108: 1, 15: 1, 35: 1, 140: 1, 118: 1, 16: 1, 107: 1, 71: 1, 43: 1, 33: 1, 57: 1, 19: 1, 110: 1, 30: 1, 10: 1, 99: 1, 20: 1, 68: 1, 77: 1, 59: 1, 137: 1, 78: 1, 1: 1}","[4704, 3062, 13685, 4895, 2, 13267, 6248, 785, 11789, 10596, 8974, 121, 2093, 3408, 5711, 8857, 1998, 700, 4530, 8847, 4794, 3094, 6441, 3904, 7558, 12549, 11526, 5884, 13737, 6097, 3937, 6956, 14007, 11620, 14742, 11391, 6984, 9170, 8171, 13532, 6841, 15004, 10047, 12225, 2666, 10636, 7333, 2023, 7421, 5370, 7703, 8234, 14096, 13914, 10738, 11161, 1650, 1406, 11090, 8233, 10779, 7831, 3255, 8947, 10269, 157, 1265, 7540, 14825, 206, 14151, 14060, 4481, 8637, 13187, 3475, 9308, 7658, 5807, 10960, 8823, 14870, 13527, 2776, 14872, 9356, 2787, 9210, 7331, 11767, 1795, 7694, 3576, 11925, 3559, 8112, 4407, 1685, 5217, 14134]",1307,100,3,False,100
3802,shopping list,shopping list,43,True,True,True,"{104: 2, 115: 2, 87: 1, 65: 2, 11: 1, 31: 2, 69: 3, 97: 3, 32: 1, 17: 1, 128: 1, 18: 1, 146: 1, 142: 1, 41: 1, 23: 1, 114: 1, 129: 1, 53: 3, 42: 1, 112: 1, 132: 1, 119: 1, 25: 3, 100: 1, 149: 1, 126: 2, 148: 1, 8: 2, 67: 1, 47: 1, 27: 1, 46: 1, 52: 1, 91: 2, 94: 1, 28: 1, 9: 1, 14: 1, 120: 2, 79: 1, 74: 1, 70: 1, 48: 1, 26: 2, 62: 2, 82: 1, 122: 1, 80: 1, 39: 1, 133: 1, 103: 1, 55: 1, 89: 1, 60: 1, 5: 1, 75: 1, 96: 1, 83: 1, 108: 1, 15: 1, 35: 1, 140: 1, 118: 1, 16: 1, 107: 1, 71: 1, 43: 1, 33: 1, 57: 1, 19: 1, 110: 1, 30: 1, 10: 1, 99: 1, 20: 1, 68: 1, 77: 1, 59: 1, 137: 1, 78: 1, 1: 1}","[4704, 3062, 13685, 4895, 2, 13267, 6248, 785, 11789, 10596, 8974, 121, 2093, 3408, 5711, 8857, 1998, 700, 4530, 8847, 4794, 3094, 6441, 3904, 7558, 12549, 11526, 5884, 13737, 6097, 3937, 6956, 14007, 11620, 14742, 11391, 6984, 9170, 8171, 13532, 6841, 15004, 10047, 12225, 2666, 10636, 7333, 2023, 7421, 5370, 7703, 8234, 14096, 13914, 10738, 11161, 1650, 1406, 11090, 8233, 10779, 7831, 3255, 8947, 10269, 157, 1265, 7540, 14825, 206, 14151, 14060, 4481, 8637, 13187, 3475, 9308, 7658, 5807, 10960, 8823, 14870, 13527, 2776, 14872, 9356, 2787, 9210, 7331, 11767, 1795, 7694, 3576, 11925, 3559, 8112, 4407, 1685, 5217, 14134]",3802,100,3,False,100
1860,oil change how,schedule maintenance,131,False,False,False,"{104: 2, 115: 2, 87: 1, 65: 2, 11: 1, 31: 2, 69: 3, 97: 3, 32: 1, 17: 1, 128: 1, 18: 1, 146: 1, 142: 1, 41: 1, 23: 1, 114: 1, 129: 1, 53: 3, 42: 1, 112: 1, 132: 1, 119: 1, 25: 3, 100: 1, 149: 1, 126: 2, 148: 1, 8: 2, 67: 1, 47: 1, 27: 1, 46: 1, 52: 1, 91: 2, 94: 1, 28: 1, 9: 1, 14: 1, 120: 2, 79: 1, 74: 1, 70: 1, 48: 1, 26: 2, 62: 2, 82: 1, 122: 1, 80: 1, 39: 1, 133: 1, 103: 1, 55: 1, 89: 1, 60: 1, 5: 1, 75: 1, 96: 1, 83: 1, 108: 1, 15: 1, 35: 1, 140: 1, 118: 1, 16: 1, 107: 1, 71: 1, 43: 1, 33: 1, 57: 1, 19: 1, 110: 1, 30: 1, 10: 1, 99: 1, 20: 1, 68: 1, 77: 1, 59: 1, 137: 1, 78: 1, 1: 1}","[4704, 3062, 13685, 4895, 2, 13267, 6248, 785, 11789, 10596, 8974, 121, 2093, 3408, 5711, 8857, 1998, 700, 4530, 8847, 4794, 3094, 6441, 3904, 7558, 12549, 11526, 5884, 13737, 6097, 3937, 6956, 14007, 11620, 14742, 11391, 6984, 9170, 8171, 13532, 6841, 15004, 10047, 12225, 2666, 10636, 7333, 2023, 7421, 5370, 7703, 8234, 14096, 13914, 10738, 11161, 1650, 1406, 11090, 8233, 10779, 7831, 3255, 8947, 10269, 157, 1265, 7540, 14825, 206, 14151, 14060, 4481, 8637, 13187, 3475, 9308, 7658, 5807, 10960, 8823, 14870, 13527, 2776, 14872, 9356, 2787, 9210, 7331, 11767, 1795, 7694, 3576, 11925, 3559, 8112, 4407, 1685, 5217, 14134]",1860,100,3,False,100
2767,where are you from,how busy,102,False,False,False,"{104: 2, 115: 2, 87: 1, 65: 2, 11: 1, 31: 2, 69: 3, 97: 3, 32: 1, 17: 1, 128: 1, 18: 1, 146: 1, 142: 1, 41: 1, 23: 1, 114: 1, 129: 1, 53: 3, 42: 1, 112: 1, 132: 1, 119: 1, 25: 3, 100: 1, 149: 1, 126: 2, 148: 1, 8: 2, 67: 1, 47: 1, 27: 1, 46: 1, 52: 1, 91: 2, 94: 1, 28: 1, 9: 1, 14: 1, 120: 2, 79: 1, 74: 1, 70: 1, 48: 1, 26: 2, 62: 2, 82: 1, 122: 1, 80: 1, 39: 1, 133: 1, 103: 1, 55: 1, 89: 1, 60: 1, 5: 1, 75: 1, 96: 1, 83: 1, 108: 1, 15: 1, 35: 1, 140: 1, 118: 1, 16: 1, 107: 1, 71: 1, 43: 1, 33: 1, 57: 1, 19: 1, 110: 1, 30: 1, 10: 1, 99: 1, 20: 1, 68: 1, 77: 1, 59: 1, 137: 1, 78: 1, 1: 1}","[4704, 3062, 13685, 4895, 2, 13267, 6248, 785, 11789, 10596, 8974, 121, 2093, 3408, 5711, 8857, 1998, 700, 4530, 8847, 4794, 3094, 6441, 3904, 7558, 12549, 11526, 5884, 13737, 6097, 3937, 6956, 14007, 11620, 14742, 11391, 6984, 9170, 8171, 13532, 6841, 15004, 10047, 12225, 2666, 10636, 7333, 2023, 7421, 5370, 7703, 8234, 14096, 13914, 10738, 11161, 1650, 1406, 11090, 8233, 10779, 7831, 3255, 8947, 10269, 157, 1265, 7540, 14825, 206, 14151, 14060, 4481, 8637, 13187, 3475, 9308, 7658, 5807, 10960, 8823, 14870, 13527, 2776, 14872, 9356, 2787, 9210, 7331, 11767, 1795, 7694, 3576, 11925, 3559, 8112, 4407, 1685, 5217, 14134]",2767,100,3,False,100
2140,recipe,ingredient,134,False,False,False,"{104: 2, 115: 2, 87: 1, 65: 2, 11: 1, 31: 2, 69: 3, 97: 3, 32: 1, 17: 1, 128: 1, 18: 1, 146: 1, 142: 1, 41: 1, 23: 1, 114: 1, 129: 1, 53: 3, 42: 1, 112: 1, 132: 1, 119: 1, 25: 3, 100: 1, 149: 1, 126: 2, 148: 1, 8: 2, 67: 1, 47: 1, 27: 1, 46: 1, 52: 1, 91: 2, 94: 1, 28: 1, 9: 1, 14: 1, 120: 2, 79: 1, 74: 1, 70: 1, 48: 1, 26: 2, 62: 2, 82: 1, 122: 1, 80: 1, 39: 1, 133: 1, 103: 1, 55: 1, 89: 1, 60: 1, 5: 1, 75: 1, 96: 1, 83: 1, 108: 1, 15: 1, 35: 1, 140: 1, 118: 1, 16: 1, 107: 1, 71: 1, 43: 1, 33: 1, 57: 1, 19: 1, 110: 1, 30: 1, 10: 1, 99: 1, 20: 1, 68: 1, 77: 1, 59: 1, 137: 1, 78: 1, 1: 1}","[4704, 3062, 13685, 4895, 2, 13267, 6248, 785, 11789, 10596, 8974, 121, 2093, 3408, 5711, 8857, 1998, 700, 4530, 8847, 4794, 3094, 6441, 3904, 7558, 12549, 11526, 5884, 13737, 6097, 3937, 6956, 14007, 11620, 14742, 11391, 6984, 9170, 8171, 13532, 6841, 15004, 10047, 12225, 2666, 10636, 7333, 2023, 7421, 5370, 7703, 8234, 14096, 13914, 10738, 11161, 1650, 1406, 11090, 8233, 10779, 7831, 3255, 8947, 10269, 157, 1265, 7540, 14825, 206, 14151, 14060, 4481, 8637, 13187, 3475, 9308, 7658, 5807, 10960, 8823, 14870, 13527, 2776, 14872, 9356, 2787, 9210, 7331, 11767, 1795, 7694, 3576, 11925, 3559, 8112, 4407, 1685, 5217, 14134]",2140,100,3,False,100
427,time,time,4,False,True,False,"{104: 2, 115: 2, 87: 1, 65: 2, 11: 1, 31: 2, 69: 3, 97: 3, 32: 1, 17: 1, 128: 1, 18: 1, 146: 1, 142: 1, 41: 1, 23: 1, 114: 1, 129: 1, 53: 3, 42: 1, 112: 1, 132: 1, 119: 1, 25: 3, 100: 1, 149: 1, 126: 2, 148: 1, 8: 2, 67: 1, 47: 1, 27: 1, 46: 1, 52: 1, 91: 2, 94: 1, 28: 1, 9: 1, 14: 1, 120: 2, 79: 1, 74: 1, 70: 1, 48: 1, 26: 2, 62: 2, 82: 1, 122: 1, 80: 1, 39: 1, 133: 1, 103: 1, 55: 1, 89: 1, 60: 1, 5: 1, 75: 1, 96: 1, 83: 1, 108: 1, 15: 1, 35: 1, 140: 1, 118: 1, 16: 1, 107: 1, 71: 1, 43: 1, 33: 1, 57: 1, 19: 1, 110: 1, 30: 1, 10: 1, 99: 1, 20: 1, 68: 1, 77: 1, 59: 1, 137: 1, 78: 1, 1: 1}","[4704, 3062, 13685, 4895, 2, 13267, 6248, 785, 11789, 10596, 8974, 121, 2093, 3408, 5711, 8857, 1998, 700, 4530, 8847, 4794, 3094, 6441, 3904, 7558, 12549, 11526, 5884, 13737, 6097, 3937, 6956, 14007, 11620, 14742, 11391, 6984, 9170, 8171, 13532, 6841, 15004, 10047, 12225, 2666, 10636, 7333, 2023, 7421, 5370, 7703, 8234, 14096, 13914, 10738, 11161, 1650, 1406, 11090, 8233, 10779, 7831, 3255, 8947, 10269, 157, 1265, 7540, 14825, 206, 14151, 14060, 4481, 8637, 13187, 3475, 9308, 7658, 5807, 10960, 8823, 14870, 13527, 2776, 14872, 9356, 2787, 9210, 7331, 11767, 1795, 7694, 3576, 11925, 3559, 8112, 4407, 1685, 5217, 14134]",427,100,3,False,100
3982,calendar,calendar update,105,False,False,True,"{104: 2, 115: 2, 87: 1, 65: 2, 11: 1, 31: 2, 69: 3, 97: 3, 32: 1, 17: 1, 128: 1, 18: 1, 146: 1, 142: 1, 41: 1, 23: 1, 114: 1, 129: 1, 53: 3, 42: 1, 112: 1, 132: 1, 119: 1, 25: 3, 100: 1, 149: 1, 126: 2, 148: 1, 8: 2, 67: 1, 47: 1, 27: 1, 46: 1, 52: 1, 91: 2, 94: 1, 28: 1, 9: 1, 14: 1, 120: 2, 79: 1, 74: 1, 70: 1, 48: 1, 26: 2, 62: 2, 82: 1, 122: 1, 80: 1, 39: 1, 133: 1, 103: 1, 55: 1, 89: 1, 60: 1, 5: 1, 75: 1, 96: 1, 83: 1, 108: 1, 15: 1, 35: 1, 140: 1, 118: 1, 16: 1, 107: 1, 71: 1, 43: 1, 33: 1, 57: 1, 19: 1, 110: 1, 30: 1, 10: 1, 99: 1, 20: 1, 68: 1, 77: 1, 59: 1, 137: 1, 78: 1, 1: 1}","[4704, 3062, 13685, 4895, 2, 13267, 6248, 785, 11789, 10596, 8974, 121, 2093, 3408, 5711, 8857, 1998, 700, 4530, 8847, 4794, 3094, 6441, 3904, 7558, 12549, 11526, 5884, 13737, 6097, 3937, 6956, 14007, 11620, 14742, 11391, 6984, 9170, 8171, 13532, 6841, 15004, 10047, 12225, 2666, 10636, 7333, 2023, 7421, 5370, 7703, 8234, 14096, 13914, 10738, 11161, 1650, 1406, 11090, 8233, 10779, 7831, 3255, 8947, 10269, 157, 1265, 7540, 14825, 206, 14151, 14060, 4481, 8637, 13187, 3475, 9308, 7658, 5807, 10960, 8823, 14870, 13527, 2776, 14872, 9356, 2787, 9210, 7331, 11767, 1795, 7694, 3576, 11925, 3559, 8112, 4407, 1685, 5217, 14134]",3982,100,3,False,100
509,flight status,flight,80,True,True,False,"{104: 2, 115: 2, 87: 1, 65: 2, 11: 1, 31: 2, 69: 3, 97: 3, 32: 1, 17: 1, 128: 1, 18: 1, 146: 1, 142: 1, 41: 1, 23: 1, 114: 1, 129: 1, 53: 3, 42: 1, 112: 1, 132: 1, 119: 1, 25: 3, 100: 1, 149: 1, 126: 2, 148: 1, 8: 2, 67: 1, 47: 1, 27: 1, 46: 1, 52: 1, 91: 2, 94: 1, 28: 1, 9: 1, 14: 1, 120: 2, 79: 1, 74: 1, 70: 1, 48: 1, 26: 2, 62: 2, 82: 1, 122: 1, 80: 1, 39: 1, 133: 1, 103: 1, 55: 1, 89: 1, 60: 1, 5: 1, 75: 1, 96: 1, 83: 1, 108: 1, 15: 1, 35: 1, 140: 1, 118: 1, 16: 1, 107: 1, 71: 1, 43: 1, 33: 1, 57: 1, 19: 1, 110: 1, 30: 1, 10: 1, 99: 1, 20: 1, 68: 1, 77: 1, 59: 1, 137: 1, 78: 1, 1: 1}","[4704, 3062, 13685, 4895, 2, 13267, 6248, 785, 11789, 10596, 8974, 121, 2093, 3408, 5711, 8857, 1998, 700, 4530, 8847, 4794, 3094, 6441, 3904, 7558, 12549, 11526, 5884, 13737, 6097, 3937, 6956, 14007, 11620, 14742, 11391, 6984, 9170, 8171, 13532, 6841, 15004, 10047, 12225, 2666, 10636, 7333, 2023, 7421, 5370, 7703, 8234, 14096, 13914, 10738, 11161, 1650, 1406, 11090, 8233, 10779, 7831, 3255, 8947, 10269, 157, 1265, 7540, 14825, 206, 14151, 14060, 4481, 8637, 13187, 3475, 9308, 7658, 5807, 10960, 8823, 14870, 13527, 2776, 14872, 9356, 2787, 9210, 7331, 11767, 1795, 7694, 3576, 11925, 3559, 8112, 4407, 1685, 5217, 14134]",509,100,3,False,100
726,restaurant reservation,restaurant res,23,True,True,False,"{104: 2, 115: 2, 87: 1, 65: 2, 11: 1, 31: 2, 69: 3, 97: 3, 32: 1, 17: 1, 128: 1, 18: 1, 146: 1, 142: 1, 41: 1, 23: 1, 114: 1, 129: 1, 53: 3, 42: 1, 112: 1, 132: 1, 119: 1, 25: 3, 100: 1, 149: 1, 126: 2, 148: 1, 8: 2, 67: 1, 47: 1, 27: 1, 46: 1, 52: 1, 91: 2, 94: 1, 28: 1, 9: 1, 14: 1, 120: 2, 79: 1, 74: 1, 70: 1, 48: 1, 26: 2, 62: 2, 82: 1, 122: 1, 80: 1, 39: 1, 133: 1, 103: 1, 55: 1, 89: 1, 60: 1, 5: 1, 75: 1, 96: 1, 83: 1, 108: 1, 15: 1, 35: 1, 140: 1, 118: 1, 16: 1, 107: 1, 71: 1, 43: 1, 33: 1, 57: 1, 19: 1, 110: 1, 30: 1, 10: 1, 99: 1, 20: 1, 68: 1, 77: 1, 59: 1, 137: 1, 78: 1, 1: 1}","[4704, 3062, 13685, 4895, 2, 13267, 6248, 785, 11789, 10596, 8974, 121, 2093, 3408, 5711, 8857, 1998, 700, 4530, 8847, 4794, 3094, 6441, 3904, 7558, 12549, 11526, 5884, 13737, 6097, 3937, 6956, 14007, 11620, 14742, 11391, 6984, 9170, 8171, 13532, 6841, 15004, 10047, 12225, 2666, 10636, 7333, 2023, 7421, 5370, 7703, 8234, 14096, 13914, 10738, 11161, 1650, 1406, 11090, 8233, 10779, 7831, 3255, 8947, 10269, 157, 1265, 7540, 14825, 206, 14151, 14060, 4481, 8637, 13187, 3475, 9308, 7658, 5807, 10960, 8823, 14870, 13527, 2776, 14872, 9356, 2787, 9210, 7331, 11767, 1795, 7694, 3576, 11925, 3559, 8112, 4407, 1685, 5217, 14134]",726,100,3,False,100
1384,yes,yes,107,True,True,True,"{104: 2, 115: 2, 87: 1, 65: 2, 11: 1, 31: 2, 69: 3, 97: 3, 32: 1, 17: 1, 128: 1, 18: 1, 146: 1, 142: 1, 41: 1, 23: 1, 114: 1, 129: 1, 53: 3, 42: 1, 112: 1, 132: 1, 119: 1, 25: 3, 100: 1, 149: 1, 126: 2, 148: 1, 8: 2, 67: 1, 47: 1, 27: 1, 46: 1, 52: 1, 91: 2, 94: 1, 28: 1, 9: 1, 14: 1, 120: 2, 79: 1, 74: 1, 70: 1, 48: 1, 26: 2, 62: 2, 82: 1, 122: 1, 80: 1, 39: 1, 133: 1, 103: 1, 55: 1, 89: 1, 60: 1, 5: 1, 75: 1, 96: 1, 83: 1, 108: 1, 15: 1, 35: 1, 140: 1, 118: 1, 16: 1, 107: 1, 71: 1, 43: 1, 33: 1, 57: 1, 19: 1, 110: 1, 30: 1, 10: 1, 99: 1, 20: 1, 68: 1, 77: 1, 59: 1, 137: 1, 78: 1, 1: 1}","[4704, 3062, 13685, 4895, 2, 13267, 6248, 785, 11789, 10596, 8974, 121, 2093, 3408, 5711, 8857, 1998, 700, 4530, 8847, 4794, 3094, 6441, 3904, 7558, 12549, 11526, 5884, 13737, 6097, 3937, 6956, 14007, 11620, 14742, 11391, 6984, 9170, 8171, 13532, 6841, 15004, 10047, 12225, 2666, 10636, 7333, 2023, 7421, 5370, 7703, 8234, 14096, 13914, 10738, 11161, 1650, 1406, 11090, 8233, 10779, 7831, 3255, 8947, 10269, 157, 1265, 7540, 14825, 206, 14151, 14060, 4481, 8637, 13187, 3475, 9308, 7658, 5807, 10960, 8823, 14870, 13527, 2776, 14872, 9356, 2787, 9210, 7331, 11767, 1795, 7694, 3576, 11925, 3559, 8112, 4407, 1685, 5217, 14134]",1384,100,3,False,100
3426,vaccines,v,52,True,True,False,"{104: 2, 115: 2, 87: 1, 65: 2, 11: 1, 31: 2, 69: 3, 97: 3, 32: 1, 17: 1, 128: 1, 18: 1, 146: 1, 142: 1, 41: 1, 23: 1, 114: 1, 129: 1, 53: 3, 42: 1, 112: 1, 132: 1, 119: 1, 25: 3, 100: 1, 149: 1, 126: 2, 148: 1, 8: 2, 67: 1, 47: 1, 27: 1, 46: 1, 52: 1, 91: 2, 94: 1, 28: 1, 9: 1, 14: 1, 120: 2, 79: 1, 74: 1, 70: 1, 48: 1, 26: 2, 62: 2, 82: 1, 122: 1, 80: 1, 39: 1, 133: 1, 103: 1, 55: 1, 89: 1, 60: 1, 5: 1, 75: 1, 96: 1, 83: 1, 108: 1, 15: 1, 35: 1, 140: 1, 118: 1, 16: 1, 107: 1, 71: 1, 43: 1, 33: 1, 57: 1, 19: 1, 110: 1, 30: 1, 10: 1, 99: 1, 20: 1, 68: 1, 77: 1, 59: 1, 137: 1, 78: 1, 1: 1}","[4704, 3062, 13685, 4895, 2, 13267, 6248, 785, 11789, 10596, 8974, 121, 2093, 3408, 5711, 8857, 1998, 700, 4530, 8847, 4794, 3094, 6441, 3904, 7558, 12549, 11526, 5884, 13737, 6097, 3937, 6956, 14007, 11620, 14742, 11391, 6984, 9170, 8171, 13532, 6841, 15004, 10047, 12225, 2666, 10636, 7333, 2023, 7421, 5370, 7703, 8234, 14096, 13914, 10738, 11161, 1650, 1406, 11090, 8233, 10779, 7831, 3255, 8947, 10269, 157, 1265, 7540, 14825, 206, 14151, 14060, 4481, 8637, 13187, 3475, 9308, 7658, 5807, 10960, 8823, 14870, 13527, 2776, 14872, 9356, 2787, 9210, 7331, 11767, 1795, 7694, 3576, 11925, 3559, 8112, 4407, 1685, 5217, 14134]",3426,100,3,False,100
1407,yes,yes,107,True,True,True,"{104: 2, 115: 2, 87: 1, 65: 2, 11: 1, 31: 2, 69: 3, 97: 3, 32: 1, 17: 1, 128: 1, 18: 1, 146: 1, 142: 1, 41: 1, 23: 1, 114: 1, 129: 1, 53: 3, 42: 1, 112: 1, 132: 1, 119: 1, 25: 3, 100: 1, 149: 1, 126: 2, 148: 1, 8: 2, 67: 1, 47: 1, 27: 1, 46: 1, 52: 1, 91: 2, 94: 1, 28: 1, 9: 1, 14: 1, 120: 2, 79: 1, 74: 1, 70: 1, 48: 1, 26: 2, 62: 2, 82: 1, 122: 1, 80: 1, 39: 1, 133: 1, 103: 1, 55: 1, 89: 1, 60: 1, 5: 1, 75: 1, 96: 1, 83: 1, 108: 1, 15: 1, 35: 1, 140: 1, 118: 1, 16: 1, 107: 1, 71: 1, 43: 1, 33: 1, 57: 1, 19: 1, 110: 1, 30: 1, 10: 1, 99: 1, 20: 1, 68: 1, 77: 1, 59: 1, 137: 1, 78: 1, 1: 1}","[4704, 3062, 13685, 4895, 2, 13267, 6248, 785, 11789, 10596, 8974, 121, 2093, 3408, 5711, 8857, 1998, 700, 4530, 8847, 4794, 3094, 6441, 3904, 7558, 12549, 11526, 5884, 13737, 6097, 3937, 6956, 14007, 11620, 14742, 11391, 6984, 9170, 8171, 13532, 6841, 15004, 10047, 12225, 2666, 10636, 7333, 2023, 7421, 5370, 7703, 8234, 14096, 13914, 10738, 11161, 1650, 1406, 11090, 8233, 10779, 7831, 3255, 8947, 10269, 157, 1265, 7540, 14825, 206, 14151, 14060, 4481, 8637, 13187, 3475, 9308, 7658, 5807, 10960, 8823, 14870, 13527, 2776, 14872, 9356, 2787, 9210, 7331, 11767, 1795, 7694, 3576, 11925, 3559, 8112, 4407, 1685, 5217, 14134]",1407,100,3,False,100
3990,are you a bot,are,117,False,True,False,"{104: 2, 115: 2, 87: 1, 65: 2, 11: 1, 31: 2, 69: 3, 97: 3, 32: 1, 17: 1, 128: 1, 18: 1, 146: 1, 142: 1, 41: 1, 23: 1, 114: 1, 129: 1, 53: 3, 42: 1, 112: 1, 132: 1, 119: 1, 25: 3, 100: 1, 149: 1, 126: 2, 148: 1, 8: 2, 67: 1, 47: 1, 27: 1, 46: 1, 52: 1, 91: 2, 94: 1, 28: 1, 9: 1, 14: 1, 120: 2, 79: 1, 74: 1, 70: 1, 48: 1, 26: 2, 62: 2, 82: 1, 122: 1, 80: 1, 39: 1, 133: 1, 103: 1, 55: 1, 89: 1, 60: 1, 5: 1, 75: 1, 96: 1, 83: 1, 108: 1, 15: 1, 35: 1, 140: 1, 118: 1, 16: 1, 107: 1, 71: 1, 43: 1, 33: 1, 57: 1, 19: 1, 110: 1, 30: 1, 10: 1, 99: 1, 20: 1, 68: 1, 77: 1, 59: 1, 137: 1, 78: 1, 1: 1}","[4704, 3062, 13685, 4895, 2, 13267, 6248, 785, 11789, 10596, 8974, 121, 2093, 3408, 5711, 8857, 1998, 700, 4530, 8847, 4794, 3094, 6441, 3904, 7558, 12549, 11526, 5884, 13737, 6097, 3937, 6956, 14007, 11620, 14742, 11391, 6984, 9170, 8171, 13532, 6841, 15004, 10047, 12225, 2666, 10636, 7333, 2023, 7421, 5370, 7703, 8234, 14096, 13914, 10738, 11161, 1650, 1406, 11090, 8233, 10779, 7831, 3255, 8947, 10269, 157, 1265, 7540, 14825, 206, 14151, 14060, 4481, 8637, 13187, 3475, 9308, 7658, 5807, 10960, 8823, 14870, 13527, 2776, 14872, 9356, 2787, 9210, 7331, 11767, 1795, 7694, 3576, 11925, 3559, 8112, 4407, 1685, 5217, 14134]",3990,100,3,False,100
1600,no,no,30,True,True,True,"{104: 2, 115: 2, 87: 1, 65: 2, 11: 1, 31: 2, 69: 3, 97: 3, 32: 1, 17: 1, 128: 1, 18: 1, 146: 1, 142: 1, 41: 1, 23: 1, 114: 1, 129: 1, 53: 3, 42: 1, 112: 1, 132: 1, 119: 1, 25: 3, 100: 1, 149: 1, 126: 2, 148: 1, 8: 2, 67: 1, 47: 1, 27: 1, 46: 1, 52: 1, 91: 2, 94: 1, 28: 1, 9: 1, 14: 1, 120: 2, 79: 1, 74: 1, 70: 1, 48: 1, 26: 2, 62: 2, 82: 1, 122: 1, 80: 1, 39: 1, 133: 1, 103: 1, 55: 1, 89: 1, 60: 1, 5: 1, 75: 1, 96: 1, 83: 1, 108: 1, 15: 1, 35: 1, 140: 1, 118: 1, 16: 1, 107: 1, 71: 1, 43: 1, 33: 1, 57: 1, 19: 1, 110: 1, 30: 1, 10: 1, 99: 1, 20: 1, 68: 1, 77: 1, 59: 1, 137: 1, 78: 1, 1: 1}","[4704, 3062, 13685, 4895, 2, 13267, 6248, 785, 11789, 10596, 8974, 121, 2093, 3408, 5711, 8857, 1998, 700, 4530, 8847, 4794, 3094, 6441, 3904, 7558, 12549, 11526, 5884, 13737, 6097, 3937, 6956, 14007, 11620, 14742, 11391, 6984, 9170, 8171, 13532, 6841, 15004, 10047, 12225, 2666, 10636, 7333, 2023, 7421, 5370, 7703, 8234, 14096, 13914, 10738, 11161, 1650, 1406, 11090, 8233, 10779, 7831, 3255, 8947, 10269, 157, 1265, 7540, 14825, 206, 14151, 14060, 4481, 8637, 13187, 3475, 9308, 7658, 5807, 10960, 8823, 14870, 13527, 2776, 14872, 9356, 2787, 9210, 7331, 11767, 1795, 7694, 3576, 11925, 3559, 8112, 4407, 1685, 5217, 14134]",1600,100,3,False,100
4182,change ai name,change ai,55,True,True,False,"{104: 2, 115: 2, 87: 1, 65: 2, 11: 1, 31: 2, 69: 3, 97: 3, 32: 1, 17: 1, 128: 1, 18: 1, 146: 1, 142: 1, 41: 1, 23: 1, 114: 1, 129: 1, 53: 3, 42: 1, 112: 1, 132: 1, 119: 1, 25: 3, 100: 1, 149: 1, 126: 2, 148: 1, 8: 2, 67: 1, 47: 1, 27: 1, 46: 1, 52: 1, 91: 2, 94: 1, 28: 1, 9: 1, 14: 1, 120: 2, 79: 1, 74: 1, 70: 1, 48: 1, 26: 2, 62: 2, 82: 1, 122: 1, 80: 1, 39: 1, 133: 1, 103: 1, 55: 1, 89: 1, 60: 1, 5: 1, 75: 1, 96: 1, 83: 1, 108: 1, 15: 1, 35: 1, 140: 1, 118: 1, 16: 1, 107: 1, 71: 1, 43: 1, 33: 1, 57: 1, 19: 1, 110: 1, 30: 1, 10: 1, 99: 1, 20: 1, 68: 1, 77: 1, 59: 1, 137: 1, 78: 1, 1: 1}","[4704, 3062, 13685, 4895, 2, 13267, 6248, 785, 11789, 10596, 8974, 121, 2093, 3408, 5711, 8857, 1998, 700, 4530, 8847, 4794, 3094, 6441, 3904, 7558, 12549, 11526, 5884, 13737, 6097, 3937, 6956, 14007, 11620, 14742, 11391, 6984, 9170, 8171, 13532, 6841, 15004, 10047, 12225, 2666, 10636, 7333, 2023, 7421, 5370, 7703, 8234, 14096, 13914, 10738, 11161, 1650, 1406, 11090, 8233, 10779, 7831, 3255, 8947, 10269, 157, 1265, 7540, 14825, 206, 14151, 14060, 4481, 8637, 13187, 3475, 9308, 7658, 5807, 10960, 8823, 14870, 13527, 2776, 14872, 9356, 2787, 9210, 7331, 11767, 1795, 7694, 3576, 11925, 3559, 8112, 4407, 1685, 5217, 14134]",4182,100,3,False,100
3096,bill balance,report fra,70,True,False,True,"{104: 2, 115: 2, 87: 1, 65: 2, 11: 1, 31: 2, 69: 3, 97: 3, 32: 1, 17: 1, 128: 1, 18: 1, 146: 1, 142: 1, 41: 1, 23: 1, 114: 1, 129: 1, 53: 3, 42: 1, 112: 1, 132: 1, 119: 1, 25: 3, 100: 1, 149: 1, 126: 2, 148: 1, 8: 2, 67: 1, 47: 1, 27: 1, 46: 1, 52: 1, 91: 2, 94: 1, 28: 1, 9: 1, 14: 1, 120: 2, 79: 1, 74: 1, 70: 1, 48: 1, 26: 2, 62: 2, 82: 1, 122: 1, 80: 1, 39: 1, 133: 1, 103: 1, 55: 1, 89: 1, 60: 1, 5: 1, 75: 1, 96: 1, 83: 1, 108: 1, 15: 1, 35: 1, 140: 1, 118: 1, 16: 1, 107: 1, 71: 1, 43: 1, 33: 1, 57: 1, 19: 1, 110: 1, 30: 1, 10: 1, 99: 1, 20: 1, 68: 1, 77: 1, 59: 1, 137: 1, 78: 1, 1: 1}","[4704, 3062, 13685, 4895, 2, 13267, 6248, 785, 11789, 10596, 8974, 121, 2093, 3408, 5711, 8857, 1998, 700, 4530, 8847, 4794, 3094, 6441, 3904, 7558, 12549, 11526, 5884, 13737, 6097, 3937, 6956, 14007, 11620, 14742, 11391, 6984, 9170, 8171, 13532, 6841, 15004, 10047, 12225, 2666, 10636, 7333, 2023, 7421, 5370, 7703, 8234, 14096, 13914, 10738, 11161, 1650, 1406, 11090, 8233, 10779, 7831, 3255, 8947, 10269, 157, 1265, 7540, 14825, 206, 14151, 14060, 4481, 8637, 13187, 3475, 9308, 7658, 5807, 10960, 8823, 14870, 13527, 2776, 14872, 9356, 2787, 9210, 7331, 11767, 1795, 7694, 3576, 11925, 3559, 8112, 4407, 1685, 5217, 14134]",3096,100,3,False,100
638,what can i ask you,what can,115,True,True,False,"{104: 2, 115: 2, 87: 1, 65: 2, 11: 1, 31: 2, 69: 3, 97: 3, 32: 1, 17: 1, 128: 1, 18: 1, 146: 1, 142: 1, 41: 1, 23: 1, 114: 1, 129: 1, 53: 3, 42: 1, 112: 1, 132: 1, 119: 1, 25: 3, 100: 1, 149: 1, 126: 2, 148: 1, 8: 2, 67: 1, 47: 1, 27: 1, 46: 1, 52: 1, 91: 2, 94: 1, 28: 1, 9: 1, 14: 1, 120: 2, 79: 1, 74: 1, 70: 1, 48: 1, 26: 2, 62: 2, 82: 1, 122: 1, 80: 1, 39: 1, 133: 1, 103: 1, 55: 1, 89: 1, 60: 1, 5: 1, 75: 1, 96: 1, 83: 1, 108: 1, 15: 1, 35: 1, 140: 1, 118: 1, 16: 1, 107: 1, 71: 1, 43: 1, 33: 1, 57: 1, 19: 1, 110: 1, 30: 1, 10: 1, 99: 1, 20: 1, 68: 1, 77: 1, 59: 1, 137: 1, 78: 1, 1: 1}","[4704, 3062, 13685, 4895, 2, 13267, 6248, 785, 11789, 10596, 8974, 121, 2093, 3408, 5711, 8857, 1998, 700, 4530, 8847, 4794, 3094, 6441, 3904, 7558, 12549, 11526, 5884, 13737, 6097, 3937, 6956, 14007, 11620, 14742, 11391, 6984, 9170, 8171, 13532, 6841, 15004, 10047, 12225, 2666, 10636, 7333, 2023, 7421, 5370, 7703, 8234, 14096, 13914, 10738, 11161, 1650, 1406, 11090, 8233, 10779, 7831, 3255, 8947, 10269, 157, 1265, 7540, 14825, 206, 14151, 14060, 4481, 8637, 13187, 3475, 9308, 7658, 5807, 10960, 8823, 14870, 13527, 2776, 14872, 9356, 2787, 9210, 7331, 11767, 1795, 7694, 3576, 11925, 3559, 8112, 4407, 1685, 5217, 14134]",638,100,3,False,100
4536,how old are you,o,42,True,False,False,"{104: 2, 115: 2, 87: 1, 65: 2, 11: 1, 31: 2, 69: 3, 97: 3, 32: 1, 17: 1, 128: 1, 18: 1, 146: 1, 142: 1, 41: 1, 23: 1, 114: 1, 129: 1, 53: 3, 42: 1, 112: 1, 132: 1, 119: 1, 25: 3, 100: 1, 149: 1, 126: 2, 148: 1, 8: 2, 67: 1, 47: 1, 27: 1, 46: 1, 52: 1, 91: 2, 94: 1, 28: 1, 9: 1, 14: 1, 120: 2, 79: 1, 74: 1, 70: 1, 48: 1, 26: 2, 62: 2, 82: 1, 122: 1, 80: 1, 39: 1, 133: 1, 103: 1, 55: 1, 89: 1, 60: 1, 5: 1, 75: 1, 96: 1, 83: 1, 108: 1, 15: 1, 35: 1, 140: 1, 118: 1, 16: 1, 107: 1, 71: 1, 43: 1, 33: 1, 57: 1, 19: 1, 110: 1, 30: 1, 10: 1, 99: 1, 20: 1, 68: 1, 77: 1, 59: 1, 137: 1, 78: 1, 1: 1}","[4704, 3062, 13685, 4895, 2, 13267, 6248, 785, 11789, 10596, 8974, 121, 2093, 3408, 5711, 8857, 1998, 700, 4530, 8847, 4794, 3094, 6441, 3904, 7558, 12549, 11526, 5884, 13737, 6097, 3937, 6956, 14007, 11620, 14742, 11391, 6984, 9170, 8171, 13532, 6841, 15004, 10047, 12225, 2666, 10636, 7333, 2023, 7421, 5370, 7703, 8234, 14096, 13914, 10738, 11161, 1650, 1406, 11090, 8233, 10779, 7831, 3255, 8947, 10269, 157, 1265, 7540, 14825, 206, 14151, 14060, 4481, 8637, 13187, 3475, 9308, 7658, 5807, 10960, 8823, 14870, 13527, 2776, 14872, 9356, 2787, 9210, 7331, 11767, 1795, 7694, 3576, 11925, 3559, 8112, 4407, 1685, 5217, 14134]",4536,100,3,False,100
5423,weather,o,42,True,False,True,"{104: 2, 115: 2, 87: 1, 65: 2, 11: 1, 31: 2, 69: 3, 97: 3, 32: 1, 17: 1, 128: 1, 18: 1, 146: 1, 142: 1, 41: 1, 23: 1, 114: 1, 129: 1, 53: 3, 42: 1, 112: 1, 132: 1, 119: 1, 25: 3, 100: 1, 149: 1, 126: 2, 148: 1, 8: 2, 67: 1, 47: 1, 27: 1, 46: 1, 52: 1, 91: 2, 94: 1, 28: 1, 9: 1, 14: 1, 120: 2, 79: 1, 74: 1, 70: 1, 48: 1, 26: 2, 62: 2, 82: 1, 122: 1, 80: 1, 39: 1, 133: 1, 103: 1, 55: 1, 89: 1, 60: 1, 5: 1, 75: 1, 96: 1, 83: 1, 108: 1, 15: 1, 35: 1, 140: 1, 118: 1, 16: 1, 107: 1, 71: 1, 43: 1, 33: 1, 57: 1, 19: 1, 110: 1, 30: 1, 10: 1, 99: 1, 20: 1, 68: 1, 77: 1, 59: 1, 137: 1, 78: 1, 1: 1}","[4704, 3062, 13685, 4895, 2, 13267, 6248, 785, 11789, 10596, 8974, 121, 2093, 3408, 5711, 8857, 1998, 700, 4530, 8847, 4794, 3094, 6441, 3904, 7558, 12549, 11526, 5884, 13737, 6097, 3937, 6956, 14007, 11620, 14742, 11391, 6984, 9170, 8171, 13532, 6841, 15004, 10047, 12225, 2666, 10636, 7333, 2023, 7421, 5370, 7703, 8234, 14096, 13914, 10738, 11161, 1650, 1406, 11090, 8233, 10779, 7831, 3255, 8947, 10269, 157, 1265, 7540, 14825, 206, 14151, 14060, 4481, 8637, 13187, 3475, 9308, 7658, 5807, 10960, 8823, 14870, 13527, 2776, 14872, 9356, 2787, 9210, 7331, 11767, 1795, 7694, 3576, 11925, 3559, 8112, 4407, 1685, 5217, 14134]",5423,100,3,False,100
3046,meeting schedule,meeting,19,True,True,False,"{104: 2, 115: 2, 87: 1, 65: 2, 11: 1, 31: 2, 69: 3, 97: 3, 32: 1, 17: 1, 128: 1, 18: 1, 146: 1, 142: 1, 41: 1, 23: 1, 114: 1, 129: 1, 53: 3, 42: 1, 112: 1, 132: 1, 119: 1, 25: 3, 100: 1, 149: 1, 126: 2, 148: 1, 8: 2, 67: 1, 47: 1, 27: 1, 46: 1, 52: 1, 91: 2, 94: 1, 28: 1, 9: 1, 14: 1, 120: 2, 79: 1, 74: 1, 70: 1, 48: 1, 26: 2, 62: 2, 82: 1, 122: 1, 80: 1, 39: 1, 133: 1, 103: 1, 55: 1, 89: 1, 60: 1, 5: 1, 75: 1, 96: 1, 83: 1, 108: 1, 15: 1, 35: 1, 140: 1, 118: 1, 16: 1, 107: 1, 71: 1, 43: 1, 33: 1, 57: 1, 19: 1, 110: 1, 30: 1, 10: 1, 99: 1, 20: 1, 68: 1, 77: 1, 59: 1, 137: 1, 78: 1, 1: 1}","[4704, 3062, 13685, 4895, 2, 13267, 6248, 785, 11789, 10596, 8974, 121, 2093, 3408, 5711, 8857, 1998, 700, 4530, 8847, 4794, 3094, 6441, 3904, 7558, 12549, 11526, 5884, 13737, 6097, 3937, 6956, 14007, 11620, 14742, 11391, 6984, 9170, 8171, 13532, 6841, 15004, 10047, 12225, 2666, 10636, 7333, 2023, 7421, 5370, 7703, 8234, 14096, 13914, 10738, 11161, 1650, 1406, 11090, 8233, 10779, 7831, 3255, 8947, 10269, 157, 1265, 7540, 14825, 206, 14151, 14060, 4481, 8637, 13187, 3475, 9308, 7658, 5807, 10960, 8823, 14870, 13527, 2776, 14872, 9356, 2787, 9210, 7331, 11767, 1795, 7694, 3576, 11925, 3559, 8112, 4407, 1685, 5217, 14134]",3046,100,3,False,100
5045,book flight,o,42,True,False,False,"{104: 2, 115: 2, 87: 1, 65: 2, 11: 1, 31: 2, 69: 3, 97: 3, 32: 1, 17: 1, 128: 1, 18: 1, 146: 1, 142: 1, 41: 1, 23: 1, 114: 1, 129: 1, 53: 3, 42: 1, 112: 1, 132: 1, 119: 1, 25: 3, 100: 1, 149: 1, 126: 2, 148: 1, 8: 2, 67: 1, 47: 1, 27: 1, 46: 1, 52: 1, 91: 2, 94: 1, 28: 1, 9: 1, 14: 1, 120: 2, 79: 1, 74: 1, 70: 1, 48: 1, 26: 2, 62: 2, 82: 1, 122: 1, 80: 1, 39: 1, 133: 1, 103: 1, 55: 1, 89: 1, 60: 1, 5: 1, 75: 1, 96: 1, 83: 1, 108: 1, 15: 1, 35: 1, 140: 1, 118: 1, 16: 1, 107: 1, 71: 1, 43: 1, 33: 1, 57: 1, 19: 1, 110: 1, 30: 1, 10: 1, 99: 1, 20: 1, 68: 1, 77: 1, 59: 1, 137: 1, 78: 1, 1: 1}","[4704, 3062, 13685, 4895, 2, 13267, 6248, 785, 11789, 10596, 8974, 121, 2093, 3408, 5711, 8857, 1998, 700, 4530, 8847, 4794, 3094, 6441, 3904, 7558, 12549, 11526, 5884, 13737, 6097, 3937, 6956, 14007, 11620, 14742, 11391, 6984, 9170, 8171, 13532, 6841, 15004, 10047, 12225, 2666, 10636, 7333, 2023, 7421, 5370, 7703, 8234, 14096, 13914, 10738, 11161, 1650, 1406, 11090, 8233, 10779, 7831, 3255, 8947, 10269, 157, 1265, 7540, 14825, 206, 14151, 14060, 4481, 8637, 13187, 3475, 9308, 7658, 5807, 10960, 8823, 14870, 13527, 2776, 14872, 9356, 2787, 9210, 7331, 11767, 1795, 7694, 3576, 11925, 3559, 8112, 4407, 1685, 5217, 14134]",5045,100,3,False,100
4998,where are you from,o,42,True,False,False,"{104: 2, 115: 2, 87: 1, 65: 2, 11: 1, 31: 2, 69: 3, 97: 3, 32: 1, 17: 1, 128: 1, 18: 1, 146: 1, 142: 1, 41: 1, 23: 1, 114: 1, 129: 1, 53: 3, 42: 1, 112: 1, 132: 1, 119: 1, 25: 3, 100: 1, 149: 1, 126: 2, 148: 1, 8: 2, 67: 1, 47: 1, 27: 1, 46: 1, 52: 1, 91: 2, 94: 1, 28: 1, 9: 1, 14: 1, 120: 2, 79: 1, 74: 1, 70: 1, 48: 1, 26: 2, 62: 2, 82: 1, 122: 1, 80: 1, 39: 1, 133: 1, 103: 1, 55: 1, 89: 1, 60: 1, 5: 1, 75: 1, 96: 1, 83: 1, 108: 1, 15: 1, 35: 1, 140: 1, 118: 1, 16: 1, 107: 1, 71: 1, 43: 1, 33: 1, 57: 1, 19: 1, 110: 1, 30: 1, 10: 1, 99: 1, 20: 1, 68: 1, 77: 1, 59: 1, 137: 1, 78: 1, 1: 1}","[4704, 3062, 13685, 4895, 2, 13267, 6248, 785, 11789, 10596, 8974, 121, 2093, 3408, 5711, 8857, 1998, 700, 4530, 8847, 4794, 3094, 6441, 3904, 7558, 12549, 11526, 5884, 13737, 6097, 3937, 6956, 14007, 11620, 14742, 11391, 6984, 9170, 8171, 13532, 6841, 15004, 10047, 12225, 2666, 10636, 7333, 2023, 7421, 5370, 7703, 8234, 14096, 13914, 10738, 11161, 1650, 1406, 11090, 8233, 10779, 7831, 3255, 8947, 10269, 157, 1265, 7540, 14825, 206, 14151, 14060, 4481, 8637, 13187, 3475, 9308, 7658, 5807, 10960, 8823, 14870, 13527, 2776, 14872, 9356, 2787, 9210, 7331, 11767, 1795, 7694, 3576, 11925, 3559, 8112, 4407, 1685, 5217, 14134]",4998,100,3,False,100
2262,change ai name,change acc,51,False,False,False,"{104: 2, 115: 2, 87: 1, 65: 2, 11: 1, 31: 2, 69: 3, 97: 3, 32: 1, 17: 1, 128: 1, 18: 1, 146: 1, 142: 1, 41: 1, 23: 1, 114: 1, 129: 1, 53: 3, 42: 1, 112: 1, 132: 1, 119: 1, 25: 3, 100: 1, 149: 1, 126: 2, 148: 1, 8: 2, 67: 1, 47: 1, 27: 1, 46: 1, 52: 1, 91: 2, 94: 1, 28: 1, 9: 1, 14: 1, 120: 2, 79: 1, 74: 1, 70: 1, 48: 1, 26: 2, 62: 2, 82: 1, 122: 1, 80: 1, 39: 1, 133: 1, 103: 1, 55: 1, 89: 1, 60: 1, 5: 1, 75: 1, 96: 1, 83: 1, 108: 1, 15: 1, 35: 1, 140: 1, 118: 1, 16: 1, 107: 1, 71: 1, 43: 1, 33: 1, 57: 1, 19: 1, 110: 1, 30: 1, 10: 1, 99: 1, 20: 1, 68: 1, 77: 1, 59: 1, 137: 1, 78: 1, 1: 1}","[4704, 3062, 13685, 4895, 2, 13267, 6248, 785, 11789, 10596, 8974, 121, 2093, 3408, 5711, 8857, 1998, 700, 4530, 8847, 4794, 3094, 6441, 3904, 7558, 12549, 11526, 5884, 13737, 6097, 3937, 6956, 14007, 11620, 14742, 11391, 6984, 9170, 8171, 13532, 6841, 15004, 10047, 12225, 2666, 10636, 7333, 2023, 7421, 5370, 7703, 8234, 14096, 13914, 10738, 11161, 1650, 1406, 11090, 8233, 10779, 7831, 3255, 8947, 10269, 157, 1265, 7540, 14825, 206, 14151, 14060, 4481, 8637, 13187, 3475, 9308, 7658, 5807, 10960, 8823, 14870, 13527, 2776, 14872, 9356, 2787, 9210, 7331, 11767, 1795, 7694, 3576, 11925, 3559, 8112, 4407, 1685, 5217, 14134]",2262,100,3,False,100
211,travel alert,travel alert,128,True,True,True,"{104: 2, 115: 2, 87: 1, 65: 2, 11: 1, 31: 2, 69: 3, 97: 3, 32: 1, 17: 1, 128: 1, 18: 1, 146: 1, 142: 1, 41: 1, 23: 1, 114: 1, 129: 1, 53: 3, 42: 1, 112: 1, 132: 1, 119: 1, 25: 3, 100: 1, 149: 1, 126: 2, 148: 1, 8: 2, 67: 1, 47: 1, 27: 1, 46: 1, 52: 1, 91: 2, 94: 1, 28: 1, 9: 1, 14: 1, 120: 2, 79: 1, 74: 1, 70: 1, 48: 1, 26: 2, 62: 2, 82: 1, 122: 1, 80: 1, 39: 1, 133: 1, 103: 1, 55: 1, 89: 1, 60: 1, 5: 1, 75: 1, 96: 1, 83: 1, 108: 1, 15: 1, 35: 1, 140: 1, 118: 1, 16: 1, 107: 1, 71: 1, 43: 1, 33: 1, 57: 1, 19: 1, 110: 1, 30: 1, 10: 1, 99: 1, 20: 1, 68: 1, 77: 1, 59: 1, 137: 1, 78: 1, 1: 1}","[4704, 3062, 13685, 4895, 2, 13267, 6248, 785, 11789, 10596, 8974, 121, 2093, 3408, 5711, 8857, 1998, 700, 4530, 8847, 4794, 3094, 6441, 3904, 7558, 12549, 11526, 5884, 13737, 6097, 3937, 6956, 14007, 11620, 14742, 11391, 6984, 9170, 8171, 13532, 6841, 15004, 10047, 12225, 2666, 10636, 7333, 2023, 7421, 5370, 7703, 8234, 14096, 13914, 10738, 11161, 1650, 1406, 11090, 8233, 10779, 7831, 3255, 8947, 10269, 157, 1265, 7540, 14825, 206, 14151, 14060, 4481, 8637, 13187, 3475, 9308, 7658, 5807, 10960, 8823, 14870, 13527, 2776, 14872, 9356, 2787, 9210, 7331, 11767, 1795, 7694, 3576, 11925, 3559, 8112, 4407, 1685, 5217, 14134]",211,100,3,False,100
1011,next song,next song,118,True,True,True,"{104: 2, 115: 2, 87: 1, 65: 2, 11: 1, 31: 2, 69: 3, 97: 3, 32: 1, 17: 1, 128: 1, 18: 1, 146: 1, 142: 1, 41: 1, 23: 1, 114: 1, 129: 1, 53: 3, 42: 1, 112: 1, 132: 1, 119: 1, 25: 3, 100: 1, 149: 1, 126: 2, 148: 1, 8: 2, 67: 1, 47: 1, 27: 1, 46: 1, 52: 1, 91: 2, 94: 1, 28: 1, 9: 1, 14: 1, 120: 2, 79: 1, 74: 1, 70: 1, 48: 1, 26: 2, 62: 2, 82: 1, 122: 1, 80: 1, 39: 1, 133: 1, 103: 1, 55: 1, 89: 1, 60: 1, 5: 1, 75: 1, 96: 1, 83: 1, 108: 1, 15: 1, 35: 1, 140: 1, 118: 1, 16: 1, 107: 1, 71: 1, 43: 1, 33: 1, 57: 1, 19: 1, 110: 1, 30: 1, 10: 1, 99: 1, 20: 1, 68: 1, 77: 1, 59: 1, 137: 1, 78: 1, 1: 1}","[4704, 3062, 13685, 4895, 2, 13267, 6248, 785, 11789, 10596, 8974, 121, 2093, 3408, 5711, 8857, 1998, 700, 4530, 8847, 4794, 3094, 6441, 3904, 7558, 12549, 11526, 5884, 13737, 6097, 3937, 6956, 14007, 11620, 14742, 11391, 6984, 9170, 8171, 13532, 6841, 15004, 10047, 12225, 2666, 10636, 7333, 2023, 7421, 5370, 7703, 8234, 14096, 13914, 10738, 11161, 1650, 1406, 11090, 8233, 10779, 7831, 3255, 8947, 10269, 157, 1265, 7540, 14825, 206, 14151, 14060, 4481, 8637, 13187, 3475, 9308, 7658, 5807, 10960, 8823, 14870, 13527, 2776, 14872, 9356, 2787, 9210, 7331, 11767, 1795, 7694, 3576, 11925, 3559, 8112, 4407, 1685, 5217, 14134]",1011,100,3,False,100
2025,food last,food,54,False,True,False,"{104: 2, 115: 2, 87: 1, 65: 2, 11: 1, 31: 2, 69: 3, 97: 3, 32: 1, 17: 1, 128: 1, 18: 1, 146: 1, 142: 1, 41: 1, 23: 1, 114: 1, 129: 1, 53: 3, 42: 1, 112: 1, 132: 1, 119: 1, 25: 3, 100: 1, 149: 1, 126: 2, 148: 1, 8: 2, 67: 1, 47: 1, 27: 1, 46: 1, 52: 1, 91: 2, 94: 1, 28: 1, 9: 1, 14: 1, 120: 2, 79: 1, 74: 1, 70: 1, 48: 1, 26: 2, 62: 2, 82: 1, 122: 1, 80: 1, 39: 1, 133: 1, 103: 1, 55: 1, 89: 1, 60: 1, 5: 1, 75: 1, 96: 1, 83: 1, 108: 1, 15: 1, 35: 1, 140: 1, 118: 1, 16: 1, 107: 1, 71: 1, 43: 1, 33: 1, 57: 1, 19: 1, 110: 1, 30: 1, 10: 1, 99: 1, 20: 1, 68: 1, 77: 1, 59: 1, 137: 1, 78: 1, 1: 1}","[4704, 3062, 13685, 4895, 2, 13267, 6248, 785, 11789, 10596, 8974, 121, 2093, 3408, 5711, 8857, 1998, 700, 4530, 8847, 4794, 3094, 6441, 3904, 7558, 12549, 11526, 5884, 13737, 6097, 3937, 6956, 14007, 11620, 14742, 11391, 6984, 9170, 8171, 13532, 6841, 15004, 10047, 12225, 2666, 10636, 7333, 2023, 7421, 5370, 7703, 8234, 14096, 13914, 10738, 11161, 1650, 1406, 11090, 8233, 10779, 7831, 3255, 8947, 10269, 157, 1265, 7540, 14825, 206, 14151, 14060, 4481, 8637, 13187, 3475, 9308, 7658, 5807, 10960, 8823, 14870, 13527, 2776, 14872, 9356, 2787, 9210, 7331, 11767, 1795, 7694, 3576, 11925, 3559, 8112, 4407, 1685, 5217, 14134]",2025,100,3,False,100
658,what can i ask you,what can,115,True,True,False,"{104: 2, 115: 2, 87: 1, 65: 2, 11: 1, 31: 2, 69: 3, 97: 3, 32: 1, 17: 1, 128: 1, 18: 1, 146: 1, 142: 1, 41: 1, 23: 1, 114: 1, 129: 1, 53: 3, 42: 1, 112: 1, 132: 1, 119: 1, 25: 3, 100: 1, 149: 1, 126: 2, 148: 1, 8: 2, 67: 1, 47: 1, 27: 1, 46: 1, 52: 1, 91: 2, 94: 1, 28: 1, 9: 1, 14: 1, 120: 2, 79: 1, 74: 1, 70: 1, 48: 1, 26: 2, 62: 2, 82: 1, 122: 1, 80: 1, 39: 1, 133: 1, 103: 1, 55: 1, 89: 1, 60: 1, 5: 1, 75: 1, 96: 1, 83: 1, 108: 1, 15: 1, 35: 1, 140: 1, 118: 1, 16: 1, 107: 1, 71: 1, 43: 1, 33: 1, 57: 1, 19: 1, 110: 1, 30: 1, 10: 1, 99: 1, 20: 1, 68: 1, 77: 1, 59: 1, 137: 1, 78: 1, 1: 1}","[4704, 3062, 13685, 4895, 2, 13267, 6248, 785, 11789, 10596, 8974, 121, 2093, 3408, 5711, 8857, 1998, 700, 4530, 8847, 4794, 3094, 6441, 3904, 7558, 12549, 11526, 5884, 13737, 6097, 3937, 6956, 14007, 11620, 14742, 11391, 6984, 9170, 8171, 13532, 6841, 15004, 10047, 12225, 2666, 10636, 7333, 2023, 7421, 5370, 7703, 8234, 14096, 13914, 10738, 11161, 1650, 1406, 11090, 8233, 10779, 7831, 3255, 8947, 10269, 157, 1265, 7540, 14825, 206, 14151, 14060, 4481, 8637, 13187, 3475, 9308, 7658, 5807, 10960, 8823, 14870, 13527, 2776, 14872, 9356, 2787, 9210, 7331, 11767, 1795, 7694, 3576, 11925, 3559, 8112, 4407, 1685, 5217, 14134]",658,100,3,False,100
1762,calculator,calcul,138,False,True,False,"{104: 2, 115: 2, 87: 1, 65: 2, 11: 1, 31: 2, 69: 3, 97: 3, 32: 1, 17: 1, 128: 1, 18: 1, 146: 1, 142: 1, 41: 1, 23: 1, 114: 1, 129: 1, 53: 3, 42: 1, 112: 1, 132: 1, 119: 1, 25: 3, 100: 1, 149: 1, 126: 2, 148: 1, 8: 2, 67: 1, 47: 1, 27: 1, 46: 1, 52: 1, 91: 2, 94: 1, 28: 1, 9: 1, 14: 1, 120: 2, 79: 1, 74: 1, 70: 1, 48: 1, 26: 2, 62: 2, 82: 1, 122: 1, 80: 1, 39: 1, 133: 1, 103: 1, 55: 1, 89: 1, 60: 1, 5: 1, 75: 1, 96: 1, 83: 1, 108: 1, 15: 1, 35: 1, 140: 1, 118: 1, 16: 1, 107: 1, 71: 1, 43: 1, 33: 1, 57: 1, 19: 1, 110: 1, 30: 1, 10: 1, 99: 1, 20: 1, 68: 1, 77: 1, 59: 1, 137: 1, 78: 1, 1: 1}","[4704, 3062, 13685, 4895, 2, 13267, 6248, 785, 11789, 10596, 8974, 121, 2093, 3408, 5711, 8857, 1998, 700, 4530, 8847, 4794, 3094, 6441, 3904, 7558, 12549, 11526, 5884, 13737, 6097, 3937, 6956, 14007, 11620, 14742, 11391, 6984, 9170, 8171, 13532, 6841, 15004, 10047, 12225, 2666, 10636, 7333, 2023, 7421, 5370, 7703, 8234, 14096, 13914, 10738, 11161, 1650, 1406, 11090, 8233, 10779, 7831, 3255, 8947, 10269, 157, 1265, 7540, 14825, 206, 14151, 14060, 4481, 8637, 13187, 3475, 9308, 7658, 5807, 10960, 8823, 14870, 13527, 2776, 14872, 9356, 2787, 9210, 7331, 11767, 1795, 7694, 3576, 11925, 3559, 8112, 4407, 1685, 5217, 14134]",1762,100,3,False,100
4837,freeze account,o,42,True,False,False,"{104: 2, 115: 2, 87: 1, 65: 2, 11: 1, 31: 2, 69: 3, 97: 3, 32: 1, 17: 1, 128: 1, 18: 1, 146: 1, 142: 1, 41: 1, 23: 1, 114: 1, 129: 1, 53: 3, 42: 1, 112: 1, 132: 1, 119: 1, 25: 3, 100: 1, 149: 1, 126: 2, 148: 1, 8: 2, 67: 1, 47: 1, 27: 1, 46: 1, 52: 1, 91: 2, 94: 1, 28: 1, 9: 1, 14: 1, 120: 2, 79: 1, 74: 1, 70: 1, 48: 1, 26: 2, 62: 2, 82: 1, 122: 1, 80: 1, 39: 1, 133: 1, 103: 1, 55: 1, 89: 1, 60: 1, 5: 1, 75: 1, 96: 1, 83: 1, 108: 1, 15: 1, 35: 1, 140: 1, 118: 1, 16: 1, 107: 1, 71: 1, 43: 1, 33: 1, 57: 1, 19: 1, 110: 1, 30: 1, 10: 1, 99: 1, 20: 1, 68: 1, 77: 1, 59: 1, 137: 1, 78: 1, 1: 1}","[4704, 3062, 13685, 4895, 2, 13267, 6248, 785, 11789, 10596, 8974, 121, 2093, 3408, 5711, 8857, 1998, 700, 4530, 8847, 4794, 3094, 6441, 3904, 7558, 12549, 11526, 5884, 13737, 6097, 3937, 6956, 14007, 11620, 14742, 11391, 6984, 9170, 8171, 13532, 6841, 15004, 10047, 12225, 2666, 10636, 7333, 2023, 7421, 5370, 7703, 8234, 14096, 13914, 10738, 11161, 1650, 1406, 11090, 8233, 10779, 7831, 3255, 8947, 10269, 157, 1265, 7540, 14825, 206, 14151, 14060, 4481, 8637, 13187, 3475, 9308, 7658, 5807, 10960, 8823, 14870, 13527, 2776, 14872, 9356, 2787, 9210, 7331, 11767, 1795, 7694, 3576, 11925, 3559, 8112, 4407, 1685, 5217, 14134]",4837,100,3,False,100
305,fun fact,fun,129,True,True,False,"{104: 2, 115: 2, 87: 1, 65: 2, 11: 1, 31: 2, 69: 3, 97: 3, 32: 1, 17: 1, 128: 1, 18: 1, 146: 1, 142: 1, 41: 1, 23: 1, 114: 1, 129: 1, 53: 3, 42: 1, 112: 1, 132: 1, 119: 1, 25: 3, 100: 1, 149: 1, 126: 2, 148: 1, 8: 2, 67: 1, 47: 1, 27: 1, 46: 1, 52: 1, 91: 2, 94: 1, 28: 1, 9: 1, 14: 1, 120: 2, 79: 1, 74: 1, 70: 1, 48: 1, 26: 2, 62: 2, 82: 1, 122: 1, 80: 1, 39: 1, 133: 1, 103: 1, 55: 1, 89: 1, 60: 1, 5: 1, 75: 1, 96: 1, 83: 1, 108: 1, 15: 1, 35: 1, 140: 1, 118: 1, 16: 1, 107: 1, 71: 1, 43: 1, 33: 1, 57: 1, 19: 1, 110: 1, 30: 1, 10: 1, 99: 1, 20: 1, 68: 1, 77: 1, 59: 1, 137: 1, 78: 1, 1: 1}","[4704, 3062, 13685, 4895, 2, 13267, 6248, 785, 11789, 10596, 8974, 121, 2093, 3408, 5711, 8857, 1998, 700, 4530, 8847, 4794, 3094, 6441, 3904, 7558, 12549, 11526, 5884, 13737, 6097, 3937, 6956, 14007, 11620, 14742, 11391, 6984, 9170, 8171, 13532, 6841, 15004, 10047, 12225, 2666, 10636, 7333, 2023, 7421, 5370, 7703, 8234, 14096, 13914, 10738, 11161, 1650, 1406, 11090, 8233, 10779, 7831, 3255, 8947, 10269, 157, 1265, 7540, 14825, 206, 14151, 14060, 4481, 8637, 13187, 3475, 9308, 7658, 5807, 10960, 8823, 14870, 13527, 2776, 14872, 9356, 2787, 9210, 7331, 11767, 1795, 7694, 3576, 11925, 3559, 8112, 4407, 1685, 5217, 14134]",305,100,3,False,100
1366,change speed,oil change when,123,False,False,True,"{104: 2, 115: 2, 87: 1, 65: 2, 11: 1, 31: 2, 69: 3, 97: 3, 32: 1, 17: 1, 128: 1, 18: 1, 146: 1, 142: 1, 41: 1, 23: 1, 114: 1, 129: 1, 53: 3, 42: 1, 112: 1, 132: 1, 119: 1, 25: 3, 100: 1, 149: 1, 126: 2, 148: 1, 8: 2, 67: 1, 47: 1, 27: 1, 46: 1, 52: 1, 91: 2, 94: 1, 28: 1, 9: 1, 14: 1, 120: 2, 79: 1, 74: 1, 70: 1, 48: 1, 26: 2, 62: 2, 82: 1, 122: 1, 80: 1, 39: 1, 133: 1, 103: 1, 55: 1, 89: 1, 60: 1, 5: 1, 75: 1, 96: 1, 83: 1, 108: 1, 15: 1, 35: 1, 140: 1, 118: 1, 16: 1, 107: 1, 71: 1, 43: 1, 33: 1, 57: 1, 19: 1, 110: 1, 30: 1, 10: 1, 99: 1, 20: 1, 68: 1, 77: 1, 59: 1, 137: 1, 78: 1, 1: 1}","[4704, 3062, 13685, 4895, 2, 13267, 6248, 785, 11789, 10596, 8974, 121, 2093, 3408, 5711, 8857, 1998, 700, 4530, 8847, 4794, 3094, 6441, 3904, 7558, 12549, 11526, 5884, 13737, 6097, 3937, 6956, 14007, 11620, 14742, 11391, 6984, 9170, 8171, 13532, 6841, 15004, 10047, 12225, 2666, 10636, 7333, 2023, 7421, 5370, 7703, 8234, 14096, 13914, 10738, 11161, 1650, 1406, 11090, 8233, 10779, 7831, 3255, 8947, 10269, 157, 1265, 7540, 14825, 206, 14151, 14060, 4481, 8637, 13187, 3475, 9308, 7658, 5807, 10960, 8823, 14870, 13527, 2776, 14872, 9356, 2787, 9210, 7331, 11767, 1795, 7694, 3576, 11925, 3559, 8112, 4407, 1685, 5217, 14134]",1366,100,3,False,100
1617,no,no,30,True,True,True,"{104: 2, 115: 2, 87: 1, 65: 2, 11: 1, 31: 2, 69: 3, 97: 3, 32: 1, 17: 1, 128: 1, 18: 1, 146: 1, 142: 1, 41: 1, 23: 1, 114: 1, 129: 1, 53: 3, 42: 1, 112: 1, 132: 1, 119: 1, 25: 3, 100: 1, 149: 1, 126: 2, 148: 1, 8: 2, 67: 1, 47: 1, 27: 1, 46: 1, 52: 1, 91: 2, 94: 1, 28: 1, 9: 1, 14: 1, 120: 2, 79: 1, 74: 1, 70: 1, 48: 1, 26: 2, 62: 2, 82: 1, 122: 1, 80: 1, 39: 1, 133: 1, 103: 1, 55: 1, 89: 1, 60: 1, 5: 1, 75: 1, 96: 1, 83: 1, 108: 1, 15: 1, 35: 1, 140: 1, 118: 1, 16: 1, 107: 1, 71: 1, 43: 1, 33: 1, 57: 1, 19: 1, 110: 1, 30: 1, 10: 1, 99: 1, 20: 1, 68: 1, 77: 1, 59: 1, 137: 1, 78: 1, 1: 1}","[4704, 3062, 13685, 4895, 2, 13267, 6248, 785, 11789, 10596, 8974, 121, 2093, 3408, 5711, 8857, 1998, 700, 4530, 8847, 4794, 3094, 6441, 3904, 7558, 12549, 11526, 5884, 13737, 6097, 3937, 6956, 14007, 11620, 14742, 11391, 6984, 9170, 8171, 13532, 6841, 15004, 10047, 12225, 2666, 10636, 7333, 2023, 7421, 5370, 7703, 8234, 14096, 13914, 10738, 11161, 1650, 1406, 11090, 8233, 10779, 7831, 3255, 8947, 10269, 157, 1265, 7540, 14825, 206, 14151, 14060, 4481, 8637, 13187, 3475, 9308, 7658, 5807, 10960, 8823, 14870, 13527, 2776, 14872, 9356, 2787, 9210, 7331, 11767, 1795, 7694, 3576, 11925, 3559, 8112, 4407, 1685, 5217, 14134]",1617,100,3,False,100
367,payday,payday,79,True,True,True,"{104: 2, 115: 2, 87: 1, 65: 2, 11: 1, 31: 2, 69: 3, 97: 3, 32: 1, 17: 1, 128: 1, 18: 1, 146: 1, 142: 1, 41: 1, 23: 1, 114: 1, 129: 1, 53: 3, 42: 1, 112: 1, 132: 1, 119: 1, 25: 3, 100: 1, 149: 1, 126: 2, 148: 1, 8: 2, 67: 1, 47: 1, 27: 1, 46: 1, 52: 1, 91: 2, 94: 1, 28: 1, 9: 1, 14: 1, 120: 2, 79: 1, 74: 1, 70: 1, 48: 1, 26: 2, 62: 2, 82: 1, 122: 1, 80: 1, 39: 1, 133: 1, 103: 1, 55: 1, 89: 1, 60: 1, 5: 1, 75: 1, 96: 1, 83: 1, 108: 1, 15: 1, 35: 1, 140: 1, 118: 1, 16: 1, 107: 1, 71: 1, 43: 1, 33: 1, 57: 1, 19: 1, 110: 1, 30: 1, 10: 1, 99: 1, 20: 1, 68: 1, 77: 1, 59: 1, 137: 1, 78: 1, 1: 1}","[4704, 3062, 13685, 4895, 2, 13267, 6248, 785, 11789, 10596, 8974, 121, 2093, 3408, 5711, 8857, 1998, 700, 4530, 8847, 4794, 3094, 6441, 3904, 7558, 12549, 11526, 5884, 13737, 6097, 3937, 6956, 14007, 11620, 14742, 11391, 6984, 9170, 8171, 13532, 6841, 15004, 10047, 12225, 2666, 10636, 7333, 2023, 7421, 5370, 7703, 8234, 14096, 13914, 10738, 11161, 1650, 1406, 11090, 8233, 10779, 7831, 3255, 8947, 10269, 157, 1265, 7540, 14825, 206, 14151, 14060, 4481, 8637, 13187, 3475, 9308, 7658, 5807, 10960, 8823, 14870, 13527, 2776, 14872, 9356, 2787, 9210, 7331, 11767, 1795, 7694, 3576, 11925, 3559, 8112, 4407, 1685, 5217, 14134]",367,100,3,False,100
4221,how old are you,how old,99,True,True,False,"{104: 2, 115: 2, 87: 1, 65: 2, 11: 1, 31: 2, 69: 3, 97: 3, 32: 1, 17: 1, 128: 1, 18: 1, 146: 1, 142: 1, 41: 1, 23: 1, 114: 1, 129: 1, 53: 3, 42: 1, 112: 1, 132: 1, 119: 1, 25: 3, 100: 1, 149: 1, 126: 2, 148: 1, 8: 2, 67: 1, 47: 1, 27: 1, 46: 1, 52: 1, 91: 2, 94: 1, 28: 1, 9: 1, 14: 1, 120: 2, 79: 1, 74: 1, 70: 1, 48: 1, 26: 2, 62: 2, 82: 1, 122: 1, 80: 1, 39: 1, 133: 1, 103: 1, 55: 1, 89: 1, 60: 1, 5: 1, 75: 1, 96: 1, 83: 1, 108: 1, 15: 1, 35: 1, 140: 1, 118: 1, 16: 1, 107: 1, 71: 1, 43: 1, 33: 1, 57: 1, 19: 1, 110: 1, 30: 1, 10: 1, 99: 1, 20: 1, 68: 1, 77: 1, 59: 1, 137: 1, 78: 1, 1: 1}","[4704, 3062, 13685, 4895, 2, 13267, 6248, 785, 11789, 10596, 8974, 121, 2093, 3408, 5711, 8857, 1998, 700, 4530, 8847, 4794, 3094, 6441, 3904, 7558, 12549, 11526, 5884, 13737, 6097, 3937, 6956, 14007, 11620, 14742, 11391, 6984, 9170, 8171, 13532, 6841, 15004, 10047, 12225, 2666, 10636, 7333, 2023, 7421, 5370, 7703, 8234, 14096, 13914, 10738, 11161, 1650, 1406, 11090, 8233, 10779, 7831, 3255, 8947, 10269, 157, 1265, 7540, 14825, 206, 14151, 14060, 4481, 8637, 13187, 3475, 9308, 7658, 5807, 10960, 8823, 14870, 13527, 2776, 14872, 9356, 2787, 9210, 7331, 11767, 1795, 7694, 3576, 11925, 3559, 8112, 4407, 1685, 5217, 14134]",4221,100,3,False,100
3819,text,text,26,True,True,True,"{104: 2, 115: 2, 87: 1, 65: 2, 11: 1, 31: 2, 69: 3, 97: 3, 32: 1, 17: 1, 128: 1, 18: 1, 146: 1, 142: 1, 41: 1, 23: 1, 114: 1, 129: 1, 53: 3, 42: 1, 112: 1, 132: 1, 119: 1, 25: 3, 100: 1, 149: 1, 126: 2, 148: 1, 8: 2, 67: 1, 47: 1, 27: 1, 46: 1, 52: 1, 91: 2, 94: 1, 28: 1, 9: 1, 14: 1, 120: 2, 79: 1, 74: 1, 70: 1, 48: 1, 26: 2, 62: 2, 82: 1, 122: 1, 80: 1, 39: 1, 133: 1, 103: 1, 55: 1, 89: 1, 60: 1, 5: 1, 75: 1, 96: 1, 83: 1, 108: 1, 15: 1, 35: 1, 140: 1, 118: 1, 16: 1, 107: 1, 71: 1, 43: 1, 33: 1, 57: 1, 19: 1, 110: 1, 30: 1, 10: 1, 99: 1, 20: 1, 68: 1, 77: 1, 59: 1, 137: 1, 78: 1, 1: 1}","[4704, 3062, 13685, 4895, 2, 13267, 6248, 785, 11789, 10596, 8974, 121, 2093, 3408, 5711, 8857, 1998, 700, 4530, 8847, 4794, 3094, 6441, 3904, 7558, 12549, 11526, 5884, 13737, 6097, 3937, 6956, 14007, 11620, 14742, 11391, 6984, 9170, 8171, 13532, 6841, 15004, 10047, 12225, 2666, 10636, 7333, 2023, 7421, 5370, 7703, 8234, 14096, 13914, 10738, 11161, 1650, 1406, 11090, 8233, 10779, 7831, 3255, 8947, 10269, 157, 1265, 7540, 14825, 206, 14151, 14060, 4481, 8637, 13187, 3475, 9308, 7658, 5807, 10960, 8823, 14870, 13527, 2776, 14872, 9356, 2787, 9210, 7331, 11767, 1795, 7694, 3576, 11925, 3559, 8112, 4407, 1685, 5217, 14134]",3819,100,3,False,100
1148,spending history,spending,71,True,True,False,"{104: 2, 115: 2, 87: 1, 65: 2, 11: 1, 31: 2, 69: 3, 97: 3, 32: 1, 17: 1, 128: 1, 18: 1, 146: 1, 142: 1, 41: 1, 23: 1, 114: 1, 129: 1, 53: 3, 42: 1, 112: 1, 132: 1, 119: 1, 25: 3, 100: 1, 149: 1, 126: 2, 148: 1, 8: 2, 67: 1, 47: 1, 27: 1, 46: 1, 52: 1, 91: 2, 94: 1, 28: 1, 9: 1, 14: 1, 120: 2, 79: 1, 74: 1, 70: 1, 48: 1, 26: 2, 62: 2, 82: 1, 122: 1, 80: 1, 39: 1, 133: 1, 103: 1, 55: 1, 89: 1, 60: 1, 5: 1, 75: 1, 96: 1, 83: 1, 108: 1, 15: 1, 35: 1, 140: 1, 118: 1, 16: 1, 107: 1, 71: 1, 43: 1, 33: 1, 57: 1, 19: 1, 110: 1, 30: 1, 10: 1, 99: 1, 20: 1, 68: 1, 77: 1, 59: 1, 137: 1, 78: 1, 1: 1}","[4704, 3062, 13685, 4895, 2, 13267, 6248, 785, 11789, 10596, 8974, 121, 2093, 3408, 5711, 8857, 1998, 700, 4530, 8847, 4794, 3094, 6441, 3904, 7558, 12549, 11526, 5884, 13737, 6097, 3937, 6956, 14007, 11620, 14742, 11391, 6984, 9170, 8171, 13532, 6841, 15004, 10047, 12225, 2666, 10636, 7333, 2023, 7421, 5370, 7703, 8234, 14096, 13914, 10738, 11161, 1650, 1406, 11090, 8233, 10779, 7831, 3255, 8947, 10269, 157, 1265, 7540, 14825, 206, 14151, 14060, 4481, 8637, 13187, 3475, 9308, 7658, 5807, 10960, 8823, 14870, 13527, 2776, 14872, 9356, 2787, 9210, 7331, 11767, 1795, 7694, 3576, 11925, 3559, 8112, 4407, 1685, 5217, 14134]",1148,100,3,False,100
449,time,time,4,False,True,False,"{104: 2, 115: 2, 87: 1, 65: 2, 11: 1, 31: 2, 69: 3, 97: 3, 32: 1, 17: 1, 128: 1, 18: 1, 146: 1, 142: 1, 41: 1, 23: 1, 114: 1, 129: 1, 53: 3, 42: 1, 112: 1, 132: 1, 119: 1, 25: 3, 100: 1, 149: 1, 126: 2, 148: 1, 8: 2, 67: 1, 47: 1, 27: 1, 46: 1, 52: 1, 91: 2, 94: 1, 28: 1, 9: 1, 14: 1, 120: 2, 79: 1, 74: 1, 70: 1, 48: 1, 26: 2, 62: 2, 82: 1, 122: 1, 80: 1, 39: 1, 133: 1, 103: 1, 55: 1, 89: 1, 60: 1, 5: 1, 75: 1, 96: 1, 83: 1, 108: 1, 15: 1, 35: 1, 140: 1, 118: 1, 16: 1, 107: 1, 71: 1, 43: 1, 33: 1, 57: 1, 19: 1, 110: 1, 30: 1, 10: 1, 99: 1, 20: 1, 68: 1, 77: 1, 59: 1, 137: 1, 78: 1, 1: 1}","[4704, 3062, 13685, 4895, 2, 13267, 6248, 785, 11789, 10596, 8974, 121, 2093, 3408, 5711, 8857, 1998, 700, 4530, 8847, 4794, 3094, 6441, 3904, 7558, 12549, 11526, 5884, 13737, 6097, 3937, 6956, 14007, 11620, 14742, 11391, 6984, 9170, 8171, 13532, 6841, 15004, 10047, 12225, 2666, 10636, 7333, 2023, 7421, 5370, 7703, 8234, 14096, 13914, 10738, 11161, 1650, 1406, 11090, 8233, 10779, 7831, 3255, 8947, 10269, 157, 1265, 7540, 14825, 206, 14151, 14060, 4481, 8637, 13187, 3475, 9308, 7658, 5807, 10960, 8823, 14870, 13527, 2776, 14872, 9356, 2787, 9210, 7331, 11767, 1795, 7694, 3576, 11925, 3559, 8112, 4407, 1685, 5217, 14134]",449,100,3,False,100
191,lost luggage,find,81,False,False,False,"{104: 2, 115: 2, 87: 1, 65: 2, 11: 1, 31: 2, 69: 3, 97: 3, 32: 1, 17: 1, 128: 1, 18: 1, 146: 1, 142: 1, 41: 1, 23: 1, 114: 1, 129: 1, 53: 3, 42: 1, 112: 1, 132: 1, 119: 1, 25: 3, 100: 1, 149: 1, 126: 2, 148: 1, 8: 2, 67: 1, 47: 1, 27: 1, 46: 1, 52: 1, 91: 2, 94: 1, 28: 1, 9: 1, 14: 1, 120: 2, 79: 1, 74: 1, 70: 1, 48: 1, 26: 2, 62: 2, 82: 1, 122: 1, 80: 1, 39: 1, 133: 1, 103: 1, 55: 1, 89: 1, 60: 1, 5: 1, 75: 1, 96: 1, 83: 1, 108: 1, 15: 1, 35: 1, 140: 1, 118: 1, 16: 1, 107: 1, 71: 1, 43: 1, 33: 1, 57: 1, 19: 1, 110: 1, 30: 1, 10: 1, 99: 1, 20: 1, 68: 1, 77: 1, 59: 1, 137: 1, 78: 1, 1: 1}","[4704, 3062, 13685, 4895, 2, 13267, 6248, 785, 11789, 10596, 8974, 121, 2093, 3408, 5711, 8857, 1998, 700, 4530, 8847, 4794, 3094, 6441, 3904, 7558, 12549, 11526, 5884, 13737, 6097, 3937, 6956, 14007, 11620, 14742, 11391, 6984, 9170, 8171, 13532, 6841, 15004, 10047, 12225, 2666, 10636, 7333, 2023, 7421, 5370, 7703, 8234, 14096, 13914, 10738, 11161, 1650, 1406, 11090, 8233, 10779, 7831, 3255, 8947, 10269, 157, 1265, 7540, 14825, 206, 14151, 14060, 4481, 8637, 13187, 3475, 9308, 7658, 5807, 10960, 8823, 14870, 13527, 2776, 14872, 9356, 2787, 9210, 7331, 11767, 1795, 7694, 3576, 11925, 3559, 8112, 4407, 1685, 5217, 14134]",191,100,3,False,100
1431,travel suggestion,travel suggestion,149,True,True,True,"{104: 2, 115: 2, 87: 1, 65: 2, 11: 1, 31: 2, 69: 3, 97: 3, 32: 1, 17: 1, 128: 1, 18: 1, 146: 1, 142: 1, 41: 1, 23: 1, 114: 1, 129: 1, 53: 3, 42: 1, 112: 1, 132: 1, 119: 1, 25: 3, 100: 1, 149: 1, 126: 2, 148: 1, 8: 2, 67: 1, 47: 1, 27: 1, 46: 1, 52: 1, 91: 2, 94: 1, 28: 1, 9: 1, 14: 1, 120: 2, 79: 1, 74: 1, 70: 1, 48: 1, 26: 2, 62: 2, 82: 1, 122: 1, 80: 1, 39: 1, 133: 1, 103: 1, 55: 1, 89: 1, 60: 1, 5: 1, 75: 1, 96: 1, 83: 1, 108: 1, 15: 1, 35: 1, 140: 1, 118: 1, 16: 1, 107: 1, 71: 1, 43: 1, 33: 1, 57: 1, 19: 1, 110: 1, 30: 1, 10: 1, 99: 1, 20: 1, 68: 1, 77: 1, 59: 1, 137: 1, 78: 1, 1: 1}","[4704, 3062, 13685, 4895, 2, 13267, 6248, 785, 11789, 10596, 8974, 121, 2093, 3408, 5711, 8857, 1998, 700, 4530, 8847, 4794, 3094, 6441, 3904, 7558, 12549, 11526, 5884, 13737, 6097, 3937, 6956, 14007, 11620, 14742, 11391, 6984, 9170, 8171, 13532, 6841, 15004, 10047, 12225, 2666, 10636, 7333, 2023, 7421, 5370, 7703, 8234, 14096, 13914, 10738, 11161, 1650, 1406, 11090, 8233, 10779, 7831, 3255, 8947, 10269, 157, 1265, 7540, 14825, 206, 14151, 14060, 4481, 8637, 13187, 3475, 9308, 7658, 5807, 10960, 8823, 14870, 13527, 2776, 14872, 9356, 2787, 9210, 7331, 11767, 1795, 7694, 3576, 11925, 3559, 8112, 4407, 1685, 5217, 14134]",1431,100,3,False,100
3440,vaccines,v,52,True,True,False,"{104: 2, 115: 2, 87: 1, 65: 2, 11: 1, 31: 2, 69: 3, 97: 3, 32: 1, 17: 1, 128: 1, 18: 1, 146: 1, 142: 1, 41: 1, 23: 1, 114: 1, 129: 1, 53: 3, 42: 1, 112: 1, 132: 1, 119: 1, 25: 3, 100: 1, 149: 1, 126: 2, 148: 1, 8: 2, 67: 1, 47: 1, 27: 1, 46: 1, 52: 1, 91: 2, 94: 1, 28: 1, 9: 1, 14: 1, 120: 2, 79: 1, 74: 1, 70: 1, 48: 1, 26: 2, 62: 2, 82: 1, 122: 1, 80: 1, 39: 1, 133: 1, 103: 1, 55: 1, 89: 1, 60: 1, 5: 1, 75: 1, 96: 1, 83: 1, 108: 1, 15: 1, 35: 1, 140: 1, 118: 1, 16: 1, 107: 1, 71: 1, 43: 1, 33: 1, 57: 1, 19: 1, 110: 1, 30: 1, 10: 1, 99: 1, 20: 1, 68: 1, 77: 1, 59: 1, 137: 1, 78: 1, 1: 1}","[4704, 3062, 13685, 4895, 2, 13267, 6248, 785, 11789, 10596, 8974, 121, 2093, 3408, 5711, 8857, 1998, 700, 4530, 8847, 4794, 3094, 6441, 3904, 7558, 12549, 11526, 5884, 13737, 6097, 3937, 6956, 14007, 11620, 14742, 11391, 6984, 9170, 8171, 13532, 6841, 15004, 10047, 12225, 2666, 10636, 7333, 2023, 7421, 5370, 7703, 8234, 14096, 13914, 10738, 11161, 1650, 1406, 11090, 8233, 10779, 7831, 3255, 8947, 10269, 157, 1265, 7540, 14825, 206, 14151, 14060, 4481, 8637, 13187, 3475, 9308, 7658, 5807, 10960, 8823, 14870, 13527, 2776, 14872, 9356, 2787, 9210, 7331, 11767, 1795, 7694, 3576, 11925, 3559, 8112, 4407, 1685, 5217, 14134]",3440,100,3,False,100
5098,spending history,o,42,True,False,False,"{104: 2, 115: 2, 87: 1, 65: 2, 11: 1, 31: 2, 69: 3, 97: 3, 32: 1, 17: 1, 128: 1, 18: 1, 146: 1, 142: 1, 41: 1, 23: 1, 114: 1, 129: 1, 53: 3, 42: 1, 112: 1, 132: 1, 119: 1, 25: 3, 100: 1, 149: 1, 126: 2, 148: 1, 8: 2, 67: 1, 47: 1, 27: 1, 46: 1, 52: 1, 91: 2, 94: 1, 28: 1, 9: 1, 14: 1, 120: 2, 79: 1, 74: 1, 70: 1, 48: 1, 26: 2, 62: 2, 82: 1, 122: 1, 80: 1, 39: 1, 133: 1, 103: 1, 55: 1, 89: 1, 60: 1, 5: 1, 75: 1, 96: 1, 83: 1, 108: 1, 15: 1, 35: 1, 140: 1, 118: 1, 16: 1, 107: 1, 71: 1, 43: 1, 33: 1, 57: 1, 19: 1, 110: 1, 30: 1, 10: 1, 99: 1, 20: 1, 68: 1, 77: 1, 59: 1, 137: 1, 78: 1, 1: 1}","[4704, 3062, 13685, 4895, 2, 13267, 6248, 785, 11789, 10596, 8974, 121, 2093, 3408, 5711, 8857, 1998, 700, 4530, 8847, 4794, 3094, 6441, 3904, 7558, 12549, 11526, 5884, 13737, 6097, 3937, 6956, 14007, 11620, 14742, 11391, 6984, 9170, 8171, 13532, 6841, 15004, 10047, 12225, 2666, 10636, 7333, 2023, 7421, 5370, 7703, 8234, 14096, 13914, 10738, 11161, 1650, 1406, 11090, 8233, 10779, 7831, 3255, 8947, 10269, 157, 1265, 7540, 14825, 206, 14151, 14060, 4481, 8637, 13187, 3475, 9308, 7658, 5807, 10960, 8823, 14870, 13527, 2776, 14872, 9356, 2787, 9210, 7331, 11767, 1795, 7694, 3576, 11925, 3559, 8112, 4407, 1685, 5217, 14134]",5098,100,3,False,100
4072,credit limit,exp,44,False,False,True,"{104: 2, 115: 2, 87: 1, 65: 2, 11: 1, 31: 2, 69: 3, 97: 3, 32: 1, 17: 1, 128: 1, 18: 1, 146: 1, 142: 1, 41: 1, 23: 1, 114: 1, 129: 1, 53: 3, 42: 1, 112: 1, 132: 1, 119: 1, 25: 3, 100: 1, 149: 1, 126: 2, 148: 1, 8: 2, 67: 1, 47: 1, 27: 1, 46: 1, 52: 1, 91: 2, 94: 1, 28: 1, 9: 1, 14: 1, 120: 2, 79: 1, 74: 1, 70: 1, 48: 1, 26: 2, 62: 2, 82: 1, 122: 1, 80: 1, 39: 1, 133: 1, 103: 1, 55: 1, 89: 1, 60: 1, 5: 1, 75: 1, 96: 1, 83: 1, 108: 1, 15: 1, 35: 1, 140: 1, 118: 1, 16: 1, 107: 1, 71: 1, 43: 1, 33: 1, 57: 1, 19: 1, 110: 1, 30: 1, 10: 1, 99: 1, 20: 1, 68: 1, 77: 1, 59: 1, 137: 1, 78: 1, 1: 1}","[4704, 3062, 13685, 4895, 2, 13267, 6248, 785, 11789, 10596, 8974, 121, 2093, 3408, 5711, 8857, 1998, 700, 4530, 8847, 4794, 3094, 6441, 3904, 7558, 12549, 11526, 5884, 13737, 6097, 3937, 6956, 14007, 11620, 14742, 11391, 6984, 9170, 8171, 13532, 6841, 15004, 10047, 12225, 2666, 10636, 7333, 2023, 7421, 5370, 7703, 8234, 14096, 13914, 10738, 11161, 1650, 1406, 11090, 8233, 10779, 7831, 3255, 8947, 10269, 157, 1265, 7540, 14825, 206, 14151, 14060, 4481, 8637, 13187, 3475, 9308, 7658, 5807, 10960, 8823, 14870, 13527, 2776, 14872, 9356, 2787, 9210, 7331, 11767, 1795, 7694, 3576, 11925, 3559, 8112, 4407, 1685, 5217, 14134]",4072,100,3,False,100
2483,pto request,do,34,False,False,True,"{104: 2, 115: 2, 87: 1, 65: 2, 11: 1, 31: 2, 69: 3, 97: 3, 32: 1, 17: 1, 128: 1, 18: 1, 146: 1, 142: 1, 41: 1, 23: 1, 114: 1, 129: 1, 53: 3, 42: 1, 112: 1, 132: 1, 119: 1, 25: 3, 100: 1, 149: 1, 126: 2, 148: 1, 8: 2, 67: 1, 47: 1, 27: 1, 46: 1, 52: 1, 91: 2, 94: 1, 28: 1, 9: 1, 14: 1, 120: 2, 79: 1, 74: 1, 70: 1, 48: 1, 26: 2, 62: 2, 82: 1, 122: 1, 80: 1, 39: 1, 133: 1, 103: 1, 55: 1, 89: 1, 60: 1, 5: 1, 75: 1, 96: 1, 83: 1, 108: 1, 15: 1, 35: 1, 140: 1, 118: 1, 16: 1, 107: 1, 71: 1, 43: 1, 33: 1, 57: 1, 19: 1, 110: 1, 30: 1, 10: 1, 99: 1, 20: 1, 68: 1, 77: 1, 59: 1, 137: 1, 78: 1, 1: 1}","[4704, 3062, 13685, 4895, 2, 13267, 6248, 785, 11789, 10596, 8974, 121, 2093, 3408, 5711, 8857, 1998, 700, 4530, 8847, 4794, 3094, 6441, 3904, 7558, 12549, 11526, 5884, 13737, 6097, 3937, 6956, 14007, 11620, 14742, 11391, 6984, 9170, 8171, 13532, 6841, 15004, 10047, 12225, 2666, 10636, 7333, 2023, 7421, 5370, 7703, 8234, 14096, 13914, 10738, 11161, 1650, 1406, 11090, 8233, 10779, 7831, 3255, 8947, 10269, 157, 1265, 7540, 14825, 206, 14151, 14060, 4481, 8637, 13187, 3475, 9308, 7658, 5807, 10960, 8823, 14870, 13527, 2776, 14872, 9356, 2787, 9210, 7331, 11767, 1795, 7694, 3576, 11925, 3559, 8112, 4407, 1685, 5217, 14134]",2483,100,3,False,100
675,no,maybe,121,False,False,True,"{104: 2, 115: 2, 87: 1, 65: 2, 11: 1, 31: 2, 69: 3, 97: 3, 32: 1, 17: 1, 128: 1, 18: 1, 146: 1, 142: 1, 41: 1, 23: 1, 114: 1, 129: 1, 53: 3, 42: 1, 112: 1, 132: 1, 119: 1, 25: 3, 100: 1, 149: 1, 126: 2, 148: 1, 8: 2, 67: 1, 47: 1, 27: 1, 46: 1, 52: 1, 91: 2, 94: 1, 28: 1, 9: 1, 14: 1, 120: 2, 79: 1, 74: 1, 70: 1, 48: 1, 26: 2, 62: 2, 82: 1, 122: 1, 80: 1, 39: 1, 133: 1, 103: 1, 55: 1, 89: 1, 60: 1, 5: 1, 75: 1, 96: 1, 83: 1, 108: 1, 15: 1, 35: 1, 140: 1, 118: 1, 16: 1, 107: 1, 71: 1, 43: 1, 33: 1, 57: 1, 19: 1, 110: 1, 30: 1, 10: 1, 99: 1, 20: 1, 68: 1, 77: 1, 59: 1, 137: 1, 78: 1, 1: 1}","[4704, 3062, 13685, 4895, 2, 13267, 6248, 785, 11789, 10596, 8974, 121, 2093, 3408, 5711, 8857, 1998, 700, 4530, 8847, 4794, 3094, 6441, 3904, 7558, 12549, 11526, 5884, 13737, 6097, 3937, 6956, 14007, 11620, 14742, 11391, 6984, 9170, 8171, 13532, 6841, 15004, 10047, 12225, 2666, 10636, 7333, 2023, 7421, 5370, 7703, 8234, 14096, 13914, 10738, 11161, 1650, 1406, 11090, 8233, 10779, 7831, 3255, 8947, 10269, 157, 1265, 7540, 14825, 206, 14151, 14060, 4481, 8637, 13187, 3475, 9308, 7658, 5807, 10960, 8823, 14870, 13527, 2776, 14872, 9356, 2787, 9210, 7331, 11767, 1795, 7694, 3576, 11925, 3559, 8112, 4407, 1685, 5217, 14134]",675,100,3,False,100
1773,date,date,95,False,True,False,"{104: 2, 115: 2, 87: 1, 65: 2, 11: 1, 31: 2, 69: 3, 97: 3, 32: 1, 17: 1, 128: 1, 18: 1, 146: 1, 142: 1, 41: 1, 23: 1, 114: 1, 129: 1, 53: 3, 42: 1, 112: 1, 132: 1, 119: 1, 25: 3, 100: 1, 149: 1, 126: 2, 148: 1, 8: 2, 67: 1, 47: 1, 27: 1, 46: 1, 52: 1, 91: 2, 94: 1, 28: 1, 9: 1, 14: 1, 120: 2, 79: 1, 74: 1, 70: 1, 48: 1, 26: 2, 62: 2, 82: 1, 122: 1, 80: 1, 39: 1, 133: 1, 103: 1, 55: 1, 89: 1, 60: 1, 5: 1, 75: 1, 96: 1, 83: 1, 108: 1, 15: 1, 35: 1, 140: 1, 118: 1, 16: 1, 107: 1, 71: 1, 43: 1, 33: 1, 57: 1, 19: 1, 110: 1, 30: 1, 10: 1, 99: 1, 20: 1, 68: 1, 77: 1, 59: 1, 137: 1, 78: 1, 1: 1}","[4704, 3062, 13685, 4895, 2, 13267, 6248, 785, 11789, 10596, 8974, 121, 2093, 3408, 5711, 8857, 1998, 700, 4530, 8847, 4794, 3094, 6441, 3904, 7558, 12549, 11526, 5884, 13737, 6097, 3937, 6956, 14007, 11620, 14742, 11391, 6984, 9170, 8171, 13532, 6841, 15004, 10047, 12225, 2666, 10636, 7333, 2023, 7421, 5370, 7703, 8234, 14096, 13914, 10738, 11161, 1650, 1406, 11090, 8233, 10779, 7831, 3255, 8947, 10269, 157, 1265, 7540, 14825, 206, 14151, 14060, 4481, 8637, 13187, 3475, 9308, 7658, 5807, 10960, 8823, 14870, 13527, 2776, 14872, 9356, 2787, 9210, 7331, 11767, 1795, 7694, 3576, 11925, 3559, 8112, 4407, 1685, 5217, 14134]",1773,100,3,False,100
1541,change speed,change speed,119,True,True,True,"{104: 2, 115: 2, 87: 1, 65: 2, 11: 1, 31: 2, 69: 3, 97: 3, 32: 1, 17: 1, 128: 1, 18: 1, 146: 1, 142: 1, 41: 1, 23: 1, 114: 1, 129: 1, 53: 3, 42: 1, 112: 1, 132: 1, 119: 1, 25: 3, 100: 1, 149: 1, 126: 2, 148: 1, 8: 2, 67: 1, 47: 1, 27: 1, 46: 1, 52: 1, 91: 2, 94: 1, 28: 1, 9: 1, 14: 1, 120: 2, 79: 1, 74: 1, 70: 1, 48: 1, 26: 2, 62: 2, 82: 1, 122: 1, 80: 1, 39: 1, 133: 1, 103: 1, 55: 1, 89: 1, 60: 1, 5: 1, 75: 1, 96: 1, 83: 1, 108: 1, 15: 1, 35: 1, 140: 1, 118: 1, 16: 1, 107: 1, 71: 1, 43: 1, 33: 1, 57: 1, 19: 1, 110: 1, 30: 1, 10: 1, 99: 1, 20: 1, 68: 1, 77: 1, 59: 1, 137: 1, 78: 1, 1: 1}","[4704, 3062, 13685, 4895, 2, 13267, 6248, 785, 11789, 10596, 8974, 121, 2093, 3408, 5711, 8857, 1998, 700, 4530, 8847, 4794, 3094, 6441, 3904, 7558, 12549, 11526, 5884, 13737, 6097, 3937, 6956, 14007, 11620, 14742, 11391, 6984, 9170, 8171, 13532, 6841, 15004, 10047, 12225, 2666, 10636, 7333, 2023, 7421, 5370, 7703, 8234, 14096, 13914, 10738, 11161, 1650, 1406, 11090, 8233, 10779, 7831, 3255, 8947, 10269, 157, 1265, 7540, 14825, 206, 14151, 14060, 4481, 8637, 13187, 3475, 9308, 7658, 5807, 10960, 8823, 14870, 13527, 2776, 14872, 9356, 2787, 9210, 7331, 11767, 1795, 7694, 3576, 11925, 3559, 8112, 4407, 1685, 5217, 14134]",1541,100,3,False,100
549,change ai name,change user,144,False,False,False,"{104: 2, 115: 2, 87: 1, 65: 2, 11: 1, 31: 2, 69: 3, 97: 3, 32: 1, 17: 1, 128: 1, 18: 1, 146: 1, 142: 1, 41: 1, 23: 1, 114: 1, 129: 1, 53: 3, 42: 1, 112: 1, 132: 1, 119: 1, 25: 3, 100: 1, 149: 1, 126: 2, 148: 1, 8: 2, 67: 1, 47: 1, 27: 1, 46: 1, 52: 1, 91: 2, 94: 1, 28: 1, 9: 1, 14: 1, 120: 2, 79: 1, 74: 1, 70: 1, 48: 1, 26: 2, 62: 2, 82: 1, 122: 1, 80: 1, 39: 1, 133: 1, 103: 1, 55: 1, 89: 1, 60: 1, 5: 1, 75: 1, 96: 1, 83: 1, 108: 1, 15: 1, 35: 1, 140: 1, 118: 1, 16: 1, 107: 1, 71: 1, 43: 1, 33: 1, 57: 1, 19: 1, 110: 1, 30: 1, 10: 1, 99: 1, 20: 1, 68: 1, 77: 1, 59: 1, 137: 1, 78: 1, 1: 1}","[4704, 3062, 13685, 4895, 2, 13267, 6248, 785, 11789, 10596, 8974, 121, 2093, 3408, 5711, 8857, 1998, 700, 4530, 8847, 4794, 3094, 6441, 3904, 7558, 12549, 11526, 5884, 13737, 6097, 3937, 6956, 14007, 11620, 14742, 11391, 6984, 9170, 8171, 13532, 6841, 15004, 10047, 12225, 2666, 10636, 7333, 2023, 7421, 5370, 7703, 8234, 14096, 13914, 10738, 11161, 1650, 1406, 11090, 8233, 10779, 7831, 3255, 8947, 10269, 157, 1265, 7540, 14825, 206, 14151, 14060, 4481, 8637, 13187, 3475, 9308, 7658, 5807, 10960, 8823, 14870, 13527, 2776, 14872, 9356, 2787, 9210, 7331, 11767, 1795, 7694, 3576, 11925, 3559, 8112, 4407, 1685, 5217, 14134]",549,100,3,False,100
19,thank you,translate,61,False,False,False,"{104: 2, 115: 2, 87: 1, 65: 2, 11: 1, 31: 2, 69: 3, 97: 3, 32: 1, 17: 1, 128: 1, 18: 1, 146: 1, 142: 1, 41: 1, 23: 1, 114: 1, 129: 1, 53: 3, 42: 1, 112: 1, 132: 1, 119: 1, 25: 3, 100: 1, 149: 1, 126: 2, 148: 1, 8: 2, 67: 1, 47: 1, 27: 1, 46: 1, 52: 1, 91: 2, 94: 1, 28: 1, 9: 1, 14: 1, 120: 2, 79: 1, 74: 1, 70: 1, 48: 1, 26: 2, 62: 2, 82: 1, 122: 1, 80: 1, 39: 1, 133: 1, 103: 1, 55: 1, 89: 1, 60: 1, 5: 1, 75: 1, 96: 1, 83: 1, 108: 1, 15: 1, 35: 1, 140: 1, 118: 1, 16: 1, 107: 1, 71: 1, 43: 1, 33: 1, 57: 1, 19: 1, 110: 1, 30: 1, 10: 1, 99: 1, 20: 1, 68: 1, 77: 1, 59: 1, 137: 1, 78: 1, 1: 1}","[4704, 3062, 13685, 4895, 2, 13267, 6248, 785, 11789, 10596, 8974, 121, 2093, 3408, 5711, 8857, 1998, 700, 4530, 8847, 4794, 3094, 6441, 3904, 7558, 12549, 11526, 5884, 13737, 6097, 3937, 6956, 14007, 11620, 14742, 11391, 6984, 9170, 8171, 13532, 6841, 15004, 10047, 12225, 2666, 10636, 7333, 2023, 7421, 5370, 7703, 8234, 14096, 13914, 10738, 11161, 1650, 1406, 11090, 8233, 10779, 7831, 3255, 8947, 10269, 157, 1265, 7540, 14825, 206, 14151, 14060, 4481, 8637, 13187, 3475, 9308, 7658, 5807, 10960, 8823, 14870, 13527, 2776, 14872, 9356, 2787, 9210, 7331, 11767, 1795, 7694, 3576, 11925, 3559, 8112, 4407, 1685, 5217, 14134]",19,100,3,False,100
2953,play music,what song,21,False,False,False,"{104: 2, 115: 2, 87: 1, 65: 2, 11: 1, 31: 2, 69: 3, 97: 3, 32: 1, 17: 1, 128: 1, 18: 1, 146: 1, 142: 1, 41: 1, 23: 1, 114: 1, 129: 1, 53: 3, 42: 1, 112: 1, 132: 1, 119: 1, 25: 3, 100: 1, 149: 1, 126: 2, 148: 1, 8: 2, 67: 1, 47: 1, 27: 1, 46: 1, 52: 1, 91: 2, 94: 1, 28: 1, 9: 1, 14: 1, 120: 2, 79: 1, 74: 1, 70: 1, 48: 1, 26: 2, 62: 2, 82: 1, 122: 1, 80: 1, 39: 1, 133: 1, 103: 1, 55: 1, 89: 1, 60: 1, 5: 1, 75: 1, 96: 1, 83: 1, 108: 1, 15: 1, 35: 1, 140: 1, 118: 1, 16: 1, 107: 1, 71: 1, 43: 1, 33: 1, 57: 1, 19: 1, 110: 1, 30: 1, 10: 1, 99: 1, 20: 1, 68: 1, 77: 1, 59: 1, 137: 1, 78: 1, 1: 1}","[4704, 3062, 13685, 4895, 2, 13267, 6248, 785, 11789, 10596, 8974, 121, 2093, 3408, 5711, 8857, 1998, 700, 4530, 8847, 4794, 3094, 6441, 3904, 7558, 12549, 11526, 5884, 13737, 6097, 3937, 6956, 14007, 11620, 14742, 11391, 6984, 9170, 8171, 13532, 6841, 15004, 10047, 12225, 2666, 10636, 7333, 2023, 7421, 5370, 7703, 8234, 14096, 13914, 10738, 11161, 1650, 1406, 11090, 8233, 10779, 7831, 3255, 8947, 10269, 157, 1265, 7540, 14825, 206, 14151, 14060, 4481, 8637, 13187, 3475, 9308, 7658, 5807, 10960, 8823, 14870, 13527, 2776, 14872, 9356, 2787, 9210, 7331, 11767, 1795, 7694, 3576, 11925, 3559, 8112, 4407, 1685, 5217, 14134]",2953,100,3,False,100
738,make call,restaurant res,23,True,False,False,"{104: 2, 115: 2, 87: 1, 65: 2, 11: 1, 31: 2, 69: 3, 97: 3, 32: 1, 17: 1, 128: 1, 18: 1, 146: 1, 142: 1, 41: 1, 23: 1, 114: 1, 129: 1, 53: 3, 42: 1, 112: 1, 132: 1, 119: 1, 25: 3, 100: 1, 149: 1, 126: 2, 148: 1, 8: 2, 67: 1, 47: 1, 27: 1, 46: 1, 52: 1, 91: 2, 94: 1, 28: 1, 9: 1, 14: 1, 120: 2, 79: 1, 74: 1, 70: 1, 48: 1, 26: 2, 62: 2, 82: 1, 122: 1, 80: 1, 39: 1, 133: 1, 103: 1, 55: 1, 89: 1, 60: 1, 5: 1, 75: 1, 96: 1, 83: 1, 108: 1, 15: 1, 35: 1, 140: 1, 118: 1, 16: 1, 107: 1, 71: 1, 43: 1, 33: 1, 57: 1, 19: 1, 110: 1, 30: 1, 10: 1, 99: 1, 20: 1, 68: 1, 77: 1, 59: 1, 137: 1, 78: 1, 1: 1}","[4704, 3062, 13685, 4895, 2, 13267, 6248, 785, 11789, 10596, 8974, 121, 2093, 3408, 5711, 8857, 1998, 700, 4530, 8847, 4794, 3094, 6441, 3904, 7558, 12549, 11526, 5884, 13737, 6097, 3937, 6956, 14007, 11620, 14742, 11391, 6984, 9170, 8171, 13532, 6841, 15004, 10047, 12225, 2666, 10636, 7333, 2023, 7421, 5370, 7703, 8234, 14096, 13914, 10738, 11161, 1650, 1406, 11090, 8233, 10779, 7831, 3255, 8947, 10269, 157, 1265, 7540, 14825, 206, 14151, 14060, 4481, 8637, 13187, 3475, 9308, 7658, 5807, 10960, 8823, 14870, 13527, 2776, 14872, 9356, 2787, 9210, 7331, 11767, 1795, 7694, 3576, 11925, 3559, 8112, 4407, 1685, 5217, 14134]",738,100,3,False,100
1909,travel notification,travel notification,146,True,True,True,"{104: 2, 115: 2, 87: 1, 65: 2, 11: 1, 31: 2, 69: 3, 97: 3, 32: 1, 17: 1, 128: 1, 18: 1, 146: 1, 142: 1, 41: 1, 23: 1, 114: 1, 129: 1, 53: 3, 42: 1, 112: 1, 132: 1, 119: 1, 25: 3, 100: 1, 149: 1, 126: 2, 148: 1, 8: 2, 67: 1, 47: 1, 27: 1, 46: 1, 52: 1, 91: 2, 94: 1, 28: 1, 9: 1, 14: 1, 120: 2, 79: 1, 74: 1, 70: 1, 48: 1, 26: 2, 62: 2, 82: 1, 122: 1, 80: 1, 39: 1, 133: 1, 103: 1, 55: 1, 89: 1, 60: 1, 5: 1, 75: 1, 96: 1, 83: 1, 108: 1, 15: 1, 35: 1, 140: 1, 118: 1, 16: 1, 107: 1, 71: 1, 43: 1, 33: 1, 57: 1, 19: 1, 110: 1, 30: 1, 10: 1, 99: 1, 20: 1, 68: 1, 77: 1, 59: 1, 137: 1, 78: 1, 1: 1}","[4704, 3062, 13685, 4895, 2, 13267, 6248, 785, 11789, 10596, 8974, 121, 2093, 3408, 5711, 8857, 1998, 700, 4530, 8847, 4794, 3094, 6441, 3904, 7558, 12549, 11526, 5884, 13737, 6097, 3937, 6956, 14007, 11620, 14742, 11391, 6984, 9170, 8171, 13532, 6841, 15004, 10047, 12225, 2666, 10636, 7333, 2023, 7421, 5370, 7703, 8234, 14096, 13914, 10738, 11161, 1650, 1406, 11090, 8233, 10779, 7831, 3255, 8947, 10269, 157, 1265, 7540, 14825, 206, 14151, 14060, 4481, 8637, 13187, 3475, 9308, 7658, 5807, 10960, 8823, 14870, 13527, 2776, 14872, 9356, 2787, 9210, 7331, 11767, 1795, 7694, 3576, 11925, 3559, 8112, 4407, 1685, 5217, 14134]",1909,100,3,False,100
2779,pto request,how busy,102,False,False,True,"{104: 2, 115: 2, 87: 1, 65: 2, 11: 1, 31: 2, 69: 3, 97: 3, 32: 1, 17: 1, 128: 1, 18: 1, 146: 1, 142: 1, 41: 1, 23: 1, 114: 1, 129: 1, 53: 3, 42: 1, 112: 1, 132: 1, 119: 1, 25: 3, 100: 1, 149: 1, 126: 2, 148: 1, 8: 2, 67: 1, 47: 1, 27: 1, 46: 1, 52: 1, 91: 2, 94: 1, 28: 1, 9: 1, 14: 1, 120: 2, 79: 1, 74: 1, 70: 1, 48: 1, 26: 2, 62: 2, 82: 1, 122: 1, 80: 1, 39: 1, 133: 1, 103: 1, 55: 1, 89: 1, 60: 1, 5: 1, 75: 1, 96: 1, 83: 1, 108: 1, 15: 1, 35: 1, 140: 1, 118: 1, 16: 1, 107: 1, 71: 1, 43: 1, 33: 1, 57: 1, 19: 1, 110: 1, 30: 1, 10: 1, 99: 1, 20: 1, 68: 1, 77: 1, 59: 1, 137: 1, 78: 1, 1: 1}","[4704, 3062, 13685, 4895, 2, 13267, 6248, 785, 11789, 10596, 8974, 121, 2093, 3408, 5711, 8857, 1998, 700, 4530, 8847, 4794, 3094, 6441, 3904, 7558, 12549, 11526, 5884, 13737, 6097, 3937, 6956, 14007, 11620, 14742, 11391, 6984, 9170, 8171, 13532, 6841, 15004, 10047, 12225, 2666, 10636, 7333, 2023, 7421, 5370, 7703, 8234, 14096, 13914, 10738, 11161, 1650, 1406, 11090, 8233, 10779, 7831, 3255, 8947, 10269, 157, 1265, 7540, 14825, 206, 14151, 14060, 4481, 8637, 13187, 3475, 9308, 7658, 5807, 10960, 8823, 14870, 13527, 2776, 14872, 9356, 2787, 9210, 7331, 11767, 1795, 7694, 3576, 11925, 3559, 8112, 4407, 1685, 5217, 14134]",2779,100,3,False,100
2177,make call,make,25,True,True,False,"{104: 2, 115: 2, 87: 1, 65: 2, 11: 1, 31: 2, 69: 3, 97: 3, 32: 1, 17: 1, 128: 1, 18: 1, 146: 1, 142: 1, 41: 1, 23: 1, 114: 1, 129: 1, 53: 3, 42: 1, 112: 1, 132: 1, 119: 1, 25: 3, 100: 1, 149: 1, 126: 2, 148: 1, 8: 2, 67: 1, 47: 1, 27: 1, 46: 1, 52: 1, 91: 2, 94: 1, 28: 1, 9: 1, 14: 1, 120: 2, 79: 1, 74: 1, 70: 1, 48: 1, 26: 2, 62: 2, 82: 1, 122: 1, 80: 1, 39: 1, 133: 1, 103: 1, 55: 1, 89: 1, 60: 1, 5: 1, 75: 1, 96: 1, 83: 1, 108: 1, 15: 1, 35: 1, 140: 1, 118: 1, 16: 1, 107: 1, 71: 1, 43: 1, 33: 1, 57: 1, 19: 1, 110: 1, 30: 1, 10: 1, 99: 1, 20: 1, 68: 1, 77: 1, 59: 1, 137: 1, 78: 1, 1: 1}","[4704, 3062, 13685, 4895, 2, 13267, 6248, 785, 11789, 10596, 8974, 121, 2093, 3408, 5711, 8857, 1998, 700, 4530, 8847, 4794, 3094, 6441, 3904, 7558, 12549, 11526, 5884, 13737, 6097, 3937, 6956, 14007, 11620, 14742, 11391, 6984, 9170, 8171, 13532, 6841, 15004, 10047, 12225, 2666, 10636, 7333, 2023, 7421, 5370, 7703, 8234, 14096, 13914, 10738, 11161, 1650, 1406, 11090, 8233, 10779, 7831, 3255, 8947, 10269, 157, 1265, 7540, 14825, 206, 14151, 14060, 4481, 8637, 13187, 3475, 9308, 7658, 5807, 10960, 8823, 14870, 13527, 2776, 14872, 9356, 2787, 9210, 7331, 11767, 1795, 7694, 3576, 11925, 3559, 8112, 4407, 1685, 5217, 14134]",2177,100,3,False,100
146,meaning of life,meaning,22,False,True,False,"{104: 2, 115: 2, 87: 1, 65: 2, 11: 1, 31: 2, 69: 3, 97: 3, 32: 1, 17: 1, 128: 1, 18: 1, 146: 1, 142: 1, 41: 1, 23: 1, 114: 1, 129: 1, 53: 3, 42: 1, 112: 1, 132: 1, 119: 1, 25: 3, 100: 1, 149: 1, 126: 2, 148: 1, 8: 2, 67: 1, 47: 1, 27: 1, 46: 1, 52: 1, 91: 2, 94: 1, 28: 1, 9: 1, 14: 1, 120: 2, 79: 1, 74: 1, 70: 1, 48: 1, 26: 2, 62: 2, 82: 1, 122: 1, 80: 1, 39: 1, 133: 1, 103: 1, 55: 1, 89: 1, 60: 1, 5: 1, 75: 1, 96: 1, 83: 1, 108: 1, 15: 1, 35: 1, 140: 1, 118: 1, 16: 1, 107: 1, 71: 1, 43: 1, 33: 1, 57: 1, 19: 1, 110: 1, 30: 1, 10: 1, 99: 1, 20: 1, 68: 1, 77: 1, 59: 1, 137: 1, 78: 1, 1: 1}","[4704, 3062, 13685, 4895, 2, 13267, 6248, 785, 11789, 10596, 8974, 121, 2093, 3408, 5711, 8857, 1998, 700, 4530, 8847, 4794, 3094, 6441, 3904, 7558, 12549, 11526, 5884, 13737, 6097, 3937, 6956, 14007, 11620, 14742, 11391, 6984, 9170, 8171, 13532, 6841, 15004, 10047, 12225, 2666, 10636, 7333, 2023, 7421, 5370, 7703, 8234, 14096, 13914, 10738, 11161, 1650, 1406, 11090, 8233, 10779, 7831, 3255, 8947, 10269, 157, 1265, 7540, 14825, 206, 14151, 14060, 4481, 8637, 13187, 3475, 9308, 7658, 5807, 10960, 8823, 14870, 13527, 2776, 14872, 9356, 2787, 9210, 7331, 11767, 1795, 7694, 3576, 11925, 3559, 8112, 4407, 1685, 5217, 14134]",146,100,3,False,100
4110,cancel reservation,cancel res,67,True,True,False,"{104: 2, 115: 2, 87: 1, 65: 2, 11: 1, 31: 2, 69: 3, 97: 3, 32: 1, 17: 1, 128: 1, 18: 1, 146: 1, 142: 1, 41: 1, 23: 1, 114: 1, 129: 1, 53: 3, 42: 1, 112: 1, 132: 1, 119: 1, 25: 3, 100: 1, 149: 1, 126: 2, 148: 1, 8: 2, 67: 1, 47: 1, 27: 1, 46: 1, 52: 1, 91: 2, 94: 1, 28: 1, 9: 1, 14: 1, 120: 2, 79: 1, 74: 1, 70: 1, 48: 1, 26: 2, 62: 2, 82: 1, 122: 1, 80: 1, 39: 1, 133: 1, 103: 1, 55: 1, 89: 1, 60: 1, 5: 1, 75: 1, 96: 1, 83: 1, 108: 1, 15: 1, 35: 1, 140: 1, 118: 1, 16: 1, 107: 1, 71: 1, 43: 1, 33: 1, 57: 1, 19: 1, 110: 1, 30: 1, 10: 1, 99: 1, 20: 1, 68: 1, 77: 1, 59: 1, 137: 1, 78: 1, 1: 1}","[4704, 3062, 13685, 4895, 2, 13267, 6248, 785, 11789, 10596, 8974, 121, 2093, 3408, 5711, 8857, 1998, 700, 4530, 8847, 4794, 3094, 6441, 3904, 7558, 12549, 11526, 5884, 13737, 6097, 3937, 6956, 14007, 11620, 14742, 11391, 6984, 9170, 8171, 13532, 6841, 15004, 10047, 12225, 2666, 10636, 7333, 2023, 7421, 5370, 7703, 8234, 14096, 13914, 10738, 11161, 1650, 1406, 11090, 8233, 10779, 7831, 3255, 8947, 10269, 157, 1265, 7540, 14825, 206, 14151, 14060, 4481, 8637, 13187, 3475, 9308, 7658, 5807, 10960, 8823, 14870, 13527, 2776, 14872, 9356, 2787, 9210, 7331, 11767, 1795, 7694, 3576, 11925, 3559, 8112, 4407, 1685, 5217, 14134]",4110,100,3,False,100
5206,w2,o,42,True,False,False,"{104: 2, 115: 2, 87: 1, 65: 2, 11: 1, 31: 2, 69: 3, 97: 3, 32: 1, 17: 1, 128: 1, 18: 1, 146: 1, 142: 1, 41: 1, 23: 1, 114: 1, 129: 1, 53: 3, 42: 1, 112: 1, 132: 1, 119: 1, 25: 3, 100: 1, 149: 1, 126: 2, 148: 1, 8: 2, 67: 1, 47: 1, 27: 1, 46: 1, 52: 1, 91: 2, 94: 1, 28: 1, 9: 1, 14: 1, 120: 2, 79: 1, 74: 1, 70: 1, 48: 1, 26: 2, 62: 2, 82: 1, 122: 1, 80: 1, 39: 1, 133: 1, 103: 1, 55: 1, 89: 1, 60: 1, 5: 1, 75: 1, 96: 1, 83: 1, 108: 1, 15: 1, 35: 1, 140: 1, 118: 1, 16: 1, 107: 1, 71: 1, 43: 1, 33: 1, 57: 1, 19: 1, 110: 1, 30: 1, 10: 1, 99: 1, 20: 1, 68: 1, 77: 1, 59: 1, 137: 1, 78: 1, 1: 1}","[4704, 3062, 13685, 4895, 2, 13267, 6248, 785, 11789, 10596, 8974, 121, 2093, 3408, 5711, 8857, 1998, 700, 4530, 8847, 4794, 3094, 6441, 3904, 7558, 12549, 11526, 5884, 13737, 6097, 3937, 6956, 14007, 11620, 14742, 11391, 6984, 9170, 8171, 13532, 6841, 15004, 10047, 12225, 2666, 10636, 7333, 2023, 7421, 5370, 7703, 8234, 14096, 13914, 10738, 11161, 1650, 1406, 11090, 8233, 10779, 7831, 3255, 8947, 10269, 157, 1265, 7540, 14825, 206, 14151, 14060, 4481, 8637, 13187, 3475, 9308, 7658, 5807, 10960, 8823, 14870, 13527, 2776, 14872, 9356, 2787, 9210, 7331, 11767, 1795, 7694, 3576, 11925, 3559, 8112, 4407, 1685, 5217, 14134]",5206,100,3,False,100
4081,play music,update,141,False,False,False,"{104: 2, 115: 2, 87: 1, 65: 2, 11: 1, 31: 2, 69: 3, 97: 3, 32: 1, 17: 1, 128: 1, 18: 1, 146: 1, 142: 1, 41: 1, 23: 1, 114: 1, 129: 1, 53: 3, 42: 1, 112: 1, 132: 1, 119: 1, 25: 3, 100: 1, 149: 1, 126: 2, 148: 1, 8: 2, 67: 1, 47: 1, 27: 1, 46: 1, 52: 1, 91: 2, 94: 1, 28: 1, 9: 1, 14: 1, 120: 2, 79: 1, 74: 1, 70: 1, 48: 1, 26: 2, 62: 2, 82: 1, 122: 1, 80: 1, 39: 1, 133: 1, 103: 1, 55: 1, 89: 1, 60: 1, 5: 1, 75: 1, 96: 1, 83: 1, 108: 1, 15: 1, 35: 1, 140: 1, 118: 1, 16: 1, 107: 1, 71: 1, 43: 1, 33: 1, 57: 1, 19: 1, 110: 1, 30: 1, 10: 1, 99: 1, 20: 1, 68: 1, 77: 1, 59: 1, 137: 1, 78: 1, 1: 1}","[4704, 3062, 13685, 4895, 2, 13267, 6248, 785, 11789, 10596, 8974, 121, 2093, 3408, 5711, 8857, 1998, 700, 4530, 8847, 4794, 3094, 6441, 3904, 7558, 12549, 11526, 5884, 13737, 6097, 3937, 6956, 14007, 11620, 14742, 11391, 6984, 9170, 8171, 13532, 6841, 15004, 10047, 12225, 2666, 10636, 7333, 2023, 7421, 5370, 7703, 8234, 14096, 13914, 10738, 11161, 1650, 1406, 11090, 8233, 10779, 7831, 3255, 8947, 10269, 157, 1265, 7540, 14825, 206, 14151, 14060, 4481, 8637, 13187, 3475, 9308, 7658, 5807, 10960, 8823, 14870, 13527, 2776, 14872, 9356, 2787, 9210, 7331, 11767, 1795, 7694, 3576, 11925, 3559, 8112, 4407, 1685, 5217, 14134]",4081,100,3,False,100
143,meaning of life,meaning,22,False,True,False,"{104: 2, 115: 2, 87: 1, 65: 2, 11: 1, 31: 2, 69: 3, 97: 3, 32: 1, 17: 1, 128: 1, 18: 1, 146: 1, 142: 1, 41: 1, 23: 1, 114: 1, 129: 1, 53: 3, 42: 1, 112: 1, 132: 1, 119: 1, 25: 3, 100: 1, 149: 1, 126: 2, 148: 1, 8: 2, 67: 1, 47: 1, 27: 1, 46: 1, 52: 1, 91: 2, 94: 1, 28: 1, 9: 1, 14: 1, 120: 2, 79: 1, 74: 1, 70: 1, 48: 1, 26: 2, 62: 2, 82: 1, 122: 1, 80: 1, 39: 1, 133: 1, 103: 1, 55: 1, 89: 1, 60: 1, 5: 1, 75: 1, 96: 1, 83: 1, 108: 1, 15: 1, 35: 1, 140: 1, 118: 1, 16: 1, 107: 1, 71: 1, 43: 1, 33: 1, 57: 1, 19: 1, 110: 1, 30: 1, 10: 1, 99: 1, 20: 1, 68: 1, 77: 1, 59: 1, 137: 1, 78: 1, 1: 1}","[4704, 3062, 13685, 4895, 2, 13267, 6248, 785, 11789, 10596, 8974, 121, 2093, 3408, 5711, 8857, 1998, 700, 4530, 8847, 4794, 3094, 6441, 3904, 7558, 12549, 11526, 5884, 13737, 6097, 3937, 6956, 14007, 11620, 14742, 11391, 6984, 9170, 8171, 13532, 6841, 15004, 10047, 12225, 2666, 10636, 7333, 2023, 7421, 5370, 7703, 8234, 14096, 13914, 10738, 11161, 1650, 1406, 11090, 8233, 10779, 7831, 3255, 8947, 10269, 157, 1265, 7540, 14825, 206, 14151, 14060, 4481, 8637, 13187, 3475, 9308, 7658, 5807, 10960, 8823, 14870, 13527, 2776, 14872, 9356, 2787, 9210, 7331, 11767, 1795, 7694, 3576, 11925, 3559, 8112, 4407, 1685, 5217, 14134]",143,100,3,False,100
1661,nutrition info,nut,1,True,True,False,"{104: 2, 115: 2, 87: 1, 65: 2, 11: 1, 31: 2, 69: 3, 97: 3, 32: 1, 17: 1, 128: 1, 18: 1, 146: 1, 142: 1, 41: 1, 23: 1, 114: 1, 129: 1, 53: 3, 42: 1, 112: 1, 132: 1, 119: 1, 25: 3, 100: 1, 149: 1, 126: 2, 148: 1, 8: 2, 67: 1, 47: 1, 27: 1, 46: 1, 52: 1, 91: 2, 94: 1, 28: 1, 9: 1, 14: 1, 120: 2, 79: 1, 74: 1, 70: 1, 48: 1, 26: 2, 62: 2, 82: 1, 122: 1, 80: 1, 39: 1, 133: 1, 103: 1, 55: 1, 89: 1, 60: 1, 5: 1, 75: 1, 96: 1, 83: 1, 108: 1, 15: 1, 35: 1, 140: 1, 118: 1, 16: 1, 107: 1, 71: 1, 43: 1, 33: 1, 57: 1, 19: 1, 110: 1, 30: 1, 10: 1, 99: 1, 20: 1, 68: 1, 77: 1, 59: 1, 137: 1, 78: 1, 1: 1}","[4704, 3062, 13685, 4895, 2, 13267, 6248, 785, 11789, 10596, 8974, 121, 2093, 3408, 5711, 8857, 1998, 700, 4530, 8847, 4794, 3094, 6441, 3904, 7558, 12549, 11526, 5884, 13737, 6097, 3937, 6956, 14007, 11620, 14742, 11391, 6984, 9170, 8171, 13532, 6841, 15004, 10047, 12225, 2666, 10636, 7333, 2023, 7421, 5370, 7703, 8234, 14096, 13914, 10738, 11161, 1650, 1406, 11090, 8233, 10779, 7831, 3255, 8947, 10269, 157, 1265, 7540, 14825, 206, 14151, 14060, 4481, 8637, 13187, 3475, 9308, 7658, 5807, 10960, 8823, 14870, 13527, 2776, 14872, 9356, 2787, 9210, 7331, 11767, 1795, 7694, 3576, 11925, 3559, 8112, 4407, 1685, 5217, 14134]",1661,100,3,False,100
3363,cancel,cancel,147,False,True,False,"{104: 2, 115: 2, 87: 1, 65: 2, 11: 1, 31: 2, 69: 3, 97: 3, 32: 1, 17: 1, 128: 1, 18: 1, 146: 1, 142: 1, 41: 1, 23: 1, 114: 1, 129: 1, 53: 3, 42: 1, 112: 1, 132: 1, 119: 1, 25: 3, 100: 1, 149: 1, 126: 2, 148: 1, 8: 2, 67: 1, 47: 1, 27: 1, 46: 1, 52: 1, 91: 2, 94: 1, 28: 1, 9: 1, 14: 1, 120: 2, 79: 1, 74: 1, 70: 1, 48: 1, 26: 2, 62: 2, 82: 1, 122: 1, 80: 1, 39: 1, 133: 1, 103: 1, 55: 1, 89: 1, 60: 1, 5: 1, 75: 1, 96: 1, 83: 1, 108: 1, 15: 1, 35: 1, 140: 1, 118: 1, 16: 1, 107: 1, 71: 1, 43: 1, 33: 1, 57: 1, 19: 1, 110: 1, 30: 1, 10: 1, 99: 1, 20: 1, 68: 1, 77: 1, 59: 1, 137: 1, 78: 1, 1: 1}","[4704, 3062, 13685, 4895, 2, 13267, 6248, 785, 11789, 10596, 8974, 121, 2093, 3408, 5711, 8857, 1998, 700, 4530, 8847, 4794, 3094, 6441, 3904, 7558, 12549, 11526, 5884, 13737, 6097, 3937, 6956, 14007, 11620, 14742, 11391, 6984, 9170, 8171, 13532, 6841, 15004, 10047, 12225, 2666, 10636, 7333, 2023, 7421, 5370, 7703, 8234, 14096, 13914, 10738, 11161, 1650, 1406, 11090, 8233, 10779, 7831, 3255, 8947, 10269, 157, 1265, 7540, 14825, 206, 14151, 14060, 4481, 8637, 13187, 3475, 9308, 7658, 5807, 10960, 8823, 14870, 13527, 2776, 14872, 9356, 2787, 9210, 7331, 11767, 1795, 7694, 3576, 11925, 3559, 8112, 4407, 1685, 5217, 14134]",3363,100,3,False,100
4482,card declined,card,49,False,True,False,"{104: 2, 115: 2, 87: 1, 65: 2, 11: 1, 31: 2, 69: 3, 97: 3, 32: 1, 17: 1, 128: 1, 18: 1, 146: 1, 142: 1, 41: 1, 23: 1, 114: 1, 129: 1, 53: 3, 42: 1, 112: 1, 132: 1, 119: 1, 25: 3, 100: 1, 149: 1, 126: 2, 148: 1, 8: 2, 67: 1, 47: 1, 27: 1, 46: 1, 52: 1, 91: 2, 94: 1, 28: 1, 9: 1, 14: 1, 120: 2, 79: 1, 74: 1, 70: 1, 48: 1, 26: 2, 62: 2, 82: 1, 122: 1, 80: 1, 39: 1, 133: 1, 103: 1, 55: 1, 89: 1, 60: 1, 5: 1, 75: 1, 96: 1, 83: 1, 108: 1, 15: 1, 35: 1, 140: 1, 118: 1, 16: 1, 107: 1, 71: 1, 43: 1, 33: 1, 57: 1, 19: 1, 110: 1, 30: 1, 10: 1, 99: 1, 20: 1, 68: 1, 77: 1, 59: 1, 137: 1, 78: 1, 1: 1}","[4704, 3062, 13685, 4895, 2, 13267, 6248, 785, 11789, 10596, 8974, 121, 2093, 3408, 5711, 8857, 1998, 700, 4530, 8847, 4794, 3094, 6441, 3904, 7558, 12549, 11526, 5884, 13737, 6097, 3937, 6956, 14007, 11620, 14742, 11391, 6984, 9170, 8171, 13532, 6841, 15004, 10047, 12225, 2666, 10636, 7333, 2023, 7421, 5370, 7703, 8234, 14096, 13914, 10738, 11161, 1650, 1406, 11090, 8233, 10779, 7831, 3255, 8947, 10269, 157, 1265, 7540, 14825, 206, 14151, 14060, 4481, 8637, 13187, 3475, 9308, 7658, 5807, 10960, 8823, 14870, 13527, 2776, 14872, 9356, 2787, 9210, 7331, 11767, 1795, 7694, 3576, 11925, 3559, 8112, 4407, 1685, 5217, 14134]",4482,100,3,False,100
2374,report lost card,dam,87,True,False,False,"{104: 2, 115: 2, 87: 1, 65: 2, 11: 1, 31: 2, 69: 3, 97: 3, 32: 1, 17: 1, 128: 1, 18: 1, 146: 1, 142: 1, 41: 1, 23: 1, 114: 1, 129: 1, 53: 3, 42: 1, 112: 1, 132: 1, 119: 1, 25: 3, 100: 1, 149: 1, 126: 2, 148: 1, 8: 2, 67: 1, 47: 1, 27: 1, 46: 1, 52: 1, 91: 2, 94: 1, 28: 1, 9: 1, 14: 1, 120: 2, 79: 1, 74: 1, 70: 1, 48: 1, 26: 2, 62: 2, 82: 1, 122: 1, 80: 1, 39: 1, 133: 1, 103: 1, 55: 1, 89: 1, 60: 1, 5: 1, 75: 1, 96: 1, 83: 1, 108: 1, 15: 1, 35: 1, 140: 1, 118: 1, 16: 1, 107: 1, 71: 1, 43: 1, 33: 1, 57: 1, 19: 1, 110: 1, 30: 1, 10: 1, 99: 1, 20: 1, 68: 1, 77: 1, 59: 1, 137: 1, 78: 1, 1: 1}","[4704, 3062, 13685, 4895, 2, 13267, 6248, 785, 11789, 10596, 8974, 121, 2093, 3408, 5711, 8857, 1998, 700, 4530, 8847, 4794, 3094, 6441, 3904, 7558, 12549, 11526, 5884, 13737, 6097, 3937, 6956, 14007, 11620, 14742, 11391, 6984, 9170, 8171, 13532, 6841, 15004, 10047, 12225, 2666, 10636, 7333, 2023, 7421, 5370, 7703, 8234, 14096, 13914, 10738, 11161, 1650, 1406, 11090, 8233, 10779, 7831, 3255, 8947, 10269, 157, 1265, 7540, 14825, 206, 14151, 14060, 4481, 8637, 13187, 3475, 9308, 7658, 5807, 10960, 8823, 14870, 13527, 2776, 14872, 9356, 2787, 9210, 7331, 11767, 1795, 7694, 3576, 11925, 3559, 8112, 4407, 1685, 5217, 14134]",2374,100,3,False,100
4413,traffic,traffic,24,False,True,False,"{104: 2, 115: 2, 87: 1, 65: 2, 11: 1, 31: 2, 69: 3, 97: 3, 32: 1, 17: 1, 128: 1, 18: 1, 146: 1, 142: 1, 41: 1, 23: 1, 114: 1, 129: 1, 53: 3, 42: 1, 112: 1, 132: 1, 119: 1, 25: 3, 100: 1, 149: 1, 126: 2, 148: 1, 8: 2, 67: 1, 47: 1, 27: 1, 46: 1, 52: 1, 91: 2, 94: 1, 28: 1, 9: 1, 14: 1, 120: 2, 79: 1, 74: 1, 70: 1, 48: 1, 26: 2, 62: 2, 82: 1, 122: 1, 80: 1, 39: 1, 133: 1, 103: 1, 55: 1, 89: 1, 60: 1, 5: 1, 75: 1, 96: 1, 83: 1, 108: 1, 15: 1, 35: 1, 140: 1, 118: 1, 16: 1, 107: 1, 71: 1, 43: 1, 33: 1, 57: 1, 19: 1, 110: 1, 30: 1, 10: 1, 99: 1, 20: 1, 68: 1, 77: 1, 59: 1, 137: 1, 78: 1, 1: 1}","[4704, 3062, 13685, 4895, 2, 13267, 6248, 785, 11789, 10596, 8974, 121, 2093, 3408, 5711, 8857, 1998, 700, 4530, 8847, 4794, 3094, 6441, 3904, 7558, 12549, 11526, 5884, 13737, 6097, 3937, 6956, 14007, 11620, 14742, 11391, 6984, 9170, 8171, 13532, 6841, 15004, 10047, 12225, 2666, 10636, 7333, 2023, 7421, 5370, 7703, 8234, 14096, 13914, 10738, 11161, 1650, 1406, 11090, 8233, 10779, 7831, 3255, 8947, 10269, 157, 1265, 7540, 14825, 206, 14151, 14060, 4481, 8637, 13187, 3475, 9308, 7658, 5807, 10960, 8823, 14870, 13527, 2776, 14872, 9356, 2787, 9210, 7331, 11767, 1795, 7694, 3576, 11925, 3559, 8112, 4407, 1685, 5217, 14134]",4413,100,3,False,100
1430,travel suggestion,travel suggestion,149,True,True,True,"{104: 2, 115: 2, 87: 1, 65: 2, 11: 1, 31: 2, 69: 3, 97: 3, 32: 1, 17: 1, 128: 1, 18: 1, 146: 1, 142: 1, 41: 1, 23: 1, 114: 1, 129: 1, 53: 3, 42: 1, 112: 1, 132: 1, 119: 1, 25: 3, 100: 1, 149: 1, 126: 2, 148: 1, 8: 2, 67: 1, 47: 1, 27: 1, 46: 1, 52: 1, 91: 2, 94: 1, 28: 1, 9: 1, 14: 1, 120: 2, 79: 1, 74: 1, 70: 1, 48: 1, 26: 2, 62: 2, 82: 1, 122: 1, 80: 1, 39: 1, 133: 1, 103: 1, 55: 1, 89: 1, 60: 1, 5: 1, 75: 1, 96: 1, 83: 1, 108: 1, 15: 1, 35: 1, 140: 1, 118: 1, 16: 1, 107: 1, 71: 1, 43: 1, 33: 1, 57: 1, 19: 1, 110: 1, 30: 1, 10: 1, 99: 1, 20: 1, 68: 1, 77: 1, 59: 1, 137: 1, 78: 1, 1: 1}","[4704, 3062, 13685, 4895, 2, 13267, 6248, 785, 11789, 10596, 8974, 121, 2093, 3408, 5711, 8857, 1998, 700, 4530, 8847, 4794, 3094, 6441, 3904, 7558, 12549, 11526, 5884, 13737, 6097, 3937, 6956, 14007, 11620, 14742, 11391, 6984, 9170, 8171, 13532, 6841, 15004, 10047, 12225, 2666, 10636, 7333, 2023, 7421, 5370, 7703, 8234, 14096, 13914, 10738, 11161, 1650, 1406, 11090, 8233, 10779, 7831, 3255, 8947, 10269, 157, 1265, 7540, 14825, 206, 14151, 14060, 4481, 8637, 13187, 3475, 9308, 7658, 5807, 10960, 8823, 14870, 13527, 2776, 14872, 9356, 2787, 9210, 7331, 11767, 1795, 7694, 3576, 11925, 3559, 8112, 4407, 1685, 5217, 14134]",1430,100,3,False,100
1359,oil change when,oil change when,123,False,True,False,"{104: 2, 115: 2, 87: 1, 65: 2, 11: 1, 31: 2, 69: 3, 97: 3, 32: 1, 17: 1, 128: 1, 18: 1, 146: 1, 142: 1, 41: 1, 23: 1, 114: 1, 129: 1, 53: 3, 42: 1, 112: 1, 132: 1, 119: 1, 25: 3, 100: 1, 149: 1, 126: 2, 148: 1, 8: 2, 67: 1, 47: 1, 27: 1, 46: 1, 52: 1, 91: 2, 94: 1, 28: 1, 9: 1, 14: 1, 120: 2, 79: 1, 74: 1, 70: 1, 48: 1, 26: 2, 62: 2, 82: 1, 122: 1, 80: 1, 39: 1, 133: 1, 103: 1, 55: 1, 89: 1, 60: 1, 5: 1, 75: 1, 96: 1, 83: 1, 108: 1, 15: 1, 35: 1, 140: 1, 118: 1, 16: 1, 107: 1, 71: 1, 43: 1, 33: 1, 57: 1, 19: 1, 110: 1, 30: 1, 10: 1, 99: 1, 20: 1, 68: 1, 77: 1, 59: 1, 137: 1, 78: 1, 1: 1}","[4704, 3062, 13685, 4895, 2, 13267, 6248, 785, 11789, 10596, 8974, 121, 2093, 3408, 5711, 8857, 1998, 700, 4530, 8847, 4794, 3094, 6441, 3904, 7558, 12549, 11526, 5884, 13737, 6097, 3937, 6956, 14007, 11620, 14742, 11391, 6984, 9170, 8171, 13532, 6841, 15004, 10047, 12225, 2666, 10636, 7333, 2023, 7421, 5370, 7703, 8234, 14096, 13914, 10738, 11161, 1650, 1406, 11090, 8233, 10779, 7831, 3255, 8947, 10269, 157, 1265, 7540, 14825, 206, 14151, 14060, 4481, 8637, 13187, 3475, 9308, 7658, 5807, 10960, 8823, 14870, 13527, 2776, 14872, 9356, 2787, 9210, 7331, 11767, 1795, 7694, 3576, 11925, 3559, 8112, 4407, 1685, 5217, 14134]",1359,100,3,False,100
5196,find phone,o,42,True,False,False,"{104: 2, 115: 2, 87: 1, 65: 2, 11: 1, 31: 2, 69: 3, 97: 3, 32: 1, 17: 1, 128: 1, 18: 1, 146: 1, 142: 1, 41: 1, 23: 1, 114: 1, 129: 1, 53: 3, 42: 1, 112: 1, 132: 1, 119: 1, 25: 3, 100: 1, 149: 1, 126: 2, 148: 1, 8: 2, 67: 1, 47: 1, 27: 1, 46: 1, 52: 1, 91: 2, 94: 1, 28: 1, 9: 1, 14: 1, 120: 2, 79: 1, 74: 1, 70: 1, 48: 1, 26: 2, 62: 2, 82: 1, 122: 1, 80: 1, 39: 1, 133: 1, 103: 1, 55: 1, 89: 1, 60: 1, 5: 1, 75: 1, 96: 1, 83: 1, 108: 1, 15: 1, 35: 1, 140: 1, 118: 1, 16: 1, 107: 1, 71: 1, 43: 1, 33: 1, 57: 1, 19: 1, 110: 1, 30: 1, 10: 1, 99: 1, 20: 1, 68: 1, 77: 1, 59: 1, 137: 1, 78: 1, 1: 1}","[4704, 3062, 13685, 4895, 2, 13267, 6248, 785, 11789, 10596, 8974, 121, 2093, 3408, 5711, 8857, 1998, 700, 4530, 8847, 4794, 3094, 6441, 3904, 7558, 12549, 11526, 5884, 13737, 6097, 3937, 6956, 14007, 11620, 14742, 11391, 6984, 9170, 8171, 13532, 6841, 15004, 10047, 12225, 2666, 10636, 7333, 2023, 7421, 5370, 7703, 8234, 14096, 13914, 10738, 11161, 1650, 1406, 11090, 8233, 10779, 7831, 3255, 8947, 10269, 157, 1265, 7540, 14825, 206, 14151, 14060, 4481, 8637, 13187, 3475, 9308, 7658, 5807, 10960, 8823, 14870, 13527, 2776, 14872, 9356, 2787, 9210, 7331, 11767, 1795, 7694, 3576, 11925, 3559, 8112, 4407, 1685, 5217, 14134]",5196,100,3,False,100
1566,tire pressure,tire pressure,98,False,True,False,"{104: 2, 115: 2, 87: 1, 65: 2, 11: 1, 31: 2, 69: 3, 97: 3, 32: 1, 17: 1, 128: 1, 18: 1, 146: 1, 142: 1, 41: 1, 23: 1, 114: 1, 129: 1, 53: 3, 42: 1, 112: 1, 132: 1, 119: 1, 25: 3, 100: 1, 149: 1, 126: 2, 148: 1, 8: 2, 67: 1, 47: 1, 27: 1, 46: 1, 52: 1, 91: 2, 94: 1, 28: 1, 9: 1, 14: 1, 120: 2, 79: 1, 74: 1, 70: 1, 48: 1, 26: 2, 62: 2, 82: 1, 122: 1, 80: 1, 39: 1, 133: 1, 103: 1, 55: 1, 89: 1, 60: 1, 5: 1, 75: 1, 96: 1, 83: 1, 108: 1, 15: 1, 35: 1, 140: 1, 118: 1, 16: 1, 107: 1, 71: 1, 43: 1, 33: 1, 57: 1, 19: 1, 110: 1, 30: 1, 10: 1, 99: 1, 20: 1, 68: 1, 77: 1, 59: 1, 137: 1, 78: 1, 1: 1}","[4704, 3062, 13685, 4895, 2, 13267, 6248, 785, 11789, 10596, 8974, 121, 2093, 3408, 5711, 8857, 1998, 700, 4530, 8847, 4794, 3094, 6441, 3904, 7558, 12549, 11526, 5884, 13737, 6097, 3937, 6956, 14007, 11620, 14742, 11391, 6984, 9170, 8171, 13532, 6841, 15004, 10047, 12225, 2666, 10636, 7333, 2023, 7421, 5370, 7703, 8234, 14096, 13914, 10738, 11161, 1650, 1406, 11090, 8233, 10779, 7831, 3255, 8947, 10269, 157, 1265, 7540, 14825, 206, 14151, 14060, 4481, 8637, 13187, 3475, 9308, 7658, 5807, 10960, 8823, 14870, 13527, 2776, 14872, 9356, 2787, 9210, 7331, 11767, 1795, 7694, 3576, 11925, 3559, 8112, 4407, 1685, 5217, 14134]",1566,100,3,False,100
1861,oil change when,schedule maintenance,131,False,False,False,"{104: 2, 115: 2, 87: 1, 65: 2, 11: 1, 31: 2, 69: 3, 97: 3, 32: 1, 17: 1, 128: 1, 18: 1, 146: 1, 142: 1, 41: 1, 23: 1, 114: 1, 129: 1, 53: 3, 42: 1, 112: 1, 132: 1, 119: 1, 25: 3, 100: 1, 149: 1, 126: 2, 148: 1, 8: 2, 67: 1, 47: 1, 27: 1, 46: 1, 52: 1, 91: 2, 94: 1, 28: 1, 9: 1, 14: 1, 120: 2, 79: 1, 74: 1, 70: 1, 48: 1, 26: 2, 62: 2, 82: 1, 122: 1, 80: 1, 39: 1, 133: 1, 103: 1, 55: 1, 89: 1, 60: 1, 5: 1, 75: 1, 96: 1, 83: 1, 108: 1, 15: 1, 35: 1, 140: 1, 118: 1, 16: 1, 107: 1, 71: 1, 43: 1, 33: 1, 57: 1, 19: 1, 110: 1, 30: 1, 10: 1, 99: 1, 20: 1, 68: 1, 77: 1, 59: 1, 137: 1, 78: 1, 1: 1}","[4704, 3062, 13685, 4895, 2, 13267, 6248, 785, 11789, 10596, 8974, 121, 2093, 3408, 5711, 8857, 1998, 700, 4530, 8847, 4794, 3094, 6441, 3904, 7558, 12549, 11526, 5884, 13737, 6097, 3937, 6956, 14007, 11620, 14742, 11391, 6984, 9170, 8171, 13532, 6841, 15004, 10047, 12225, 2666, 10636, 7333, 2023, 7421, 5370, 7703, 8234, 14096, 13914, 10738, 11161, 1650, 1406, 11090, 8233, 10779, 7831, 3255, 8947, 10269, 157, 1265, 7540, 14825, 206, 14151, 14060, 4481, 8637, 13187, 3475, 9308, 7658, 5807, 10960, 8823, 14870, 13527, 2776, 14872, 9356, 2787, 9210, 7331, 11767, 1795, 7694, 3576, 11925, 3559, 8112, 4407, 1685, 5217, 14134]",1861,100,3,False,100
4431,traffic,traffic,24,False,True,False,"{104: 2, 115: 2, 87: 1, 65: 2, 11: 1, 31: 2, 69: 3, 97: 3, 32: 1, 17: 1, 128: 1, 18: 1, 146: 1, 142: 1, 41: 1, 23: 1, 114: 1, 129: 1, 53: 3, 42: 1, 112: 1, 132: 1, 119: 1, 25: 3, 100: 1, 149: 1, 126: 2, 148: 1, 8: 2, 67: 1, 47: 1, 27: 1, 46: 1, 52: 1, 91: 2, 94: 1, 28: 1, 9: 1, 14: 1, 120: 2, 79: 1, 74: 1, 70: 1, 48: 1, 26: 2, 62: 2, 82: 1, 122: 1, 80: 1, 39: 1, 133: 1, 103: 1, 55: 1, 89: 1, 60: 1, 5: 1, 75: 1, 96: 1, 83: 1, 108: 1, 15: 1, 35: 1, 140: 1, 118: 1, 16: 1, 107: 1, 71: 1, 43: 1, 33: 1, 57: 1, 19: 1, 110: 1, 30: 1, 10: 1, 99: 1, 20: 1, 68: 1, 77: 1, 59: 1, 137: 1, 78: 1, 1: 1}","[4704, 3062, 13685, 4895, 2, 13267, 6248, 785, 11789, 10596, 8974, 121, 2093, 3408, 5711, 8857, 1998, 700, 4530, 8847, 4794, 3094, 6441, 3904, 7558, 12549, 11526, 5884, 13737, 6097, 3937, 6956, 14007, 11620, 14742, 11391, 6984, 9170, 8171, 13532, 6841, 15004, 10047, 12225, 2666, 10636, 7333, 2023, 7421, 5370, 7703, 8234, 14096, 13914, 10738, 11161, 1650, 1406, 11090, 8233, 10779, 7831, 3255, 8947, 10269, 157, 1265, 7540, 14825, 206, 14151, 14060, 4481, 8637, 13187, 3475, 9308, 7658, 5807, 10960, 8823, 14870, 13527, 2776, 14872, 9356, 2787, 9210, 7331, 11767, 1795, 7694, 3576, 11925, 3559, 8112, 4407, 1685, 5217, 14134]",4431,100,3,False,100
4982,current location,o,42,True,False,False,"{104: 2, 115: 2, 87: 1, 65: 2, 11: 1, 31: 2, 69: 3, 97: 3, 32: 1, 17: 1, 128: 1, 18: 1, 146: 1, 142: 1, 41: 1, 23: 1, 114: 1, 129: 1, 53: 3, 42: 1, 112: 1, 132: 1, 119: 1, 25: 3, 100: 1, 149: 1, 126: 2, 148: 1, 8: 2, 67: 1, 47: 1, 27: 1, 46: 1, 52: 1, 91: 2, 94: 1, 28: 1, 9: 1, 14: 1, 120: 2, 79: 1, 74: 1, 70: 1, 48: 1, 26: 2, 62: 2, 82: 1, 122: 1, 80: 1, 39: 1, 133: 1, 103: 1, 55: 1, 89: 1, 60: 1, 5: 1, 75: 1, 96: 1, 83: 1, 108: 1, 15: 1, 35: 1, 140: 1, 118: 1, 16: 1, 107: 1, 71: 1, 43: 1, 33: 1, 57: 1, 19: 1, 110: 1, 30: 1, 10: 1, 99: 1, 20: 1, 68: 1, 77: 1, 59: 1, 137: 1, 78: 1, 1: 1}","[4704, 3062, 13685, 4895, 2, 13267, 6248, 785, 11789, 10596, 8974, 121, 2093, 3408, 5711, 8857, 1998, 700, 4530, 8847, 4794, 3094, 6441, 3904, 7558, 12549, 11526, 5884, 13737, 6097, 3937, 6956, 14007, 11620, 14742, 11391, 6984, 9170, 8171, 13532, 6841, 15004, 10047, 12225, 2666, 10636, 7333, 2023, 7421, 5370, 7703, 8234, 14096, 13914, 10738, 11161, 1650, 1406, 11090, 8233, 10779, 7831, 3255, 8947, 10269, 157, 1265, 7540, 14825, 206, 14151, 14060, 4481, 8637, 13187, 3475, 9308, 7658, 5807, 10960, 8823, 14870, 13527, 2776, 14872, 9356, 2787, 9210, 7331, 11767, 1795, 7694, 3576, 11925, 3559, 8112, 4407, 1685, 5217, 14134]",4982,100,3,False,100
1729,uber,u,39,True,True,False,"{104: 2, 115: 2, 87: 1, 65: 2, 11: 1, 31: 2, 69: 3, 97: 3, 32: 1, 17: 1, 128: 1, 18: 1, 146: 1, 142: 1, 41: 1, 23: 1, 114: 1, 129: 1, 53: 3, 42: 1, 112: 1, 132: 1, 119: 1, 25: 3, 100: 1, 149: 1, 126: 2, 148: 1, 8: 2, 67: 1, 47: 1, 27: 1, 46: 1, 52: 1, 91: 2, 94: 1, 28: 1, 9: 1, 14: 1, 120: 2, 79: 1, 74: 1, 70: 1, 48: 1, 26: 2, 62: 2, 82: 1, 122: 1, 80: 1, 39: 1, 133: 1, 103: 1, 55: 1, 89: 1, 60: 1, 5: 1, 75: 1, 96: 1, 83: 1, 108: 1, 15: 1, 35: 1, 140: 1, 118: 1, 16: 1, 107: 1, 71: 1, 43: 1, 33: 1, 57: 1, 19: 1, 110: 1, 30: 1, 10: 1, 99: 1, 20: 1, 68: 1, 77: 1, 59: 1, 137: 1, 78: 1, 1: 1}","[4704, 3062, 13685, 4895, 2, 13267, 6248, 785, 11789, 10596, 8974, 121, 2093, 3408, 5711, 8857, 1998, 700, 4530, 8847, 4794, 3094, 6441, 3904, 7558, 12549, 11526, 5884, 13737, 6097, 3937, 6956, 14007, 11620, 14742, 11391, 6984, 9170, 8171, 13532, 6841, 15004, 10047, 12225, 2666, 10636, 7333, 2023, 7421, 5370, 7703, 8234, 14096, 13914, 10738, 11161, 1650, 1406, 11090, 8233, 10779, 7831, 3255, 8947, 10269, 157, 1265, 7540, 14825, 206, 14151, 14060, 4481, 8637, 13187, 3475, 9308, 7658, 5807, 10960, 8823, 14870, 13527, 2776, 14872, 9356, 2787, 9210, 7331, 11767, 1795, 7694, 3576, 11925, 3559, 8112, 4407, 1685, 5217, 14134]",1729,100,3,False,100
4025,gas,gas,110,True,True,True,"{104: 2, 115: 2, 87: 1, 65: 2, 11: 1, 31: 2, 69: 3, 97: 3, 32: 1, 17: 1, 128: 1, 18: 1, 146: 1, 142: 1, 41: 1, 23: 1, 114: 1, 129: 1, 53: 3, 42: 1, 112: 1, 132: 1, 119: 1, 25: 3, 100: 1, 149: 1, 126: 2, 148: 1, 8: 2, 67: 1, 47: 1, 27: 1, 46: 1, 52: 1, 91: 2, 94: 1, 28: 1, 9: 1, 14: 1, 120: 2, 79: 1, 74: 1, 70: 1, 48: 1, 26: 2, 62: 2, 82: 1, 122: 1, 80: 1, 39: 1, 133: 1, 103: 1, 55: 1, 89: 1, 60: 1, 5: 1, 75: 1, 96: 1, 83: 1, 108: 1, 15: 1, 35: 1, 140: 1, 118: 1, 16: 1, 107: 1, 71: 1, 43: 1, 33: 1, 57: 1, 19: 1, 110: 1, 30: 1, 10: 1, 99: 1, 20: 1, 68: 1, 77: 1, 59: 1, 137: 1, 78: 1, 1: 1}","[4704, 3062, 13685, 4895, 2, 13267, 6248, 785, 11789, 10596, 8974, 121, 2093, 3408, 5711, 8857, 1998, 700, 4530, 8847, 4794, 3094, 6441, 3904, 7558, 12549, 11526, 5884, 13737, 6097, 3937, 6956, 14007, 11620, 14742, 11391, 6984, 9170, 8171, 13532, 6841, 15004, 10047, 12225, 2666, 10636, 7333, 2023, 7421, 5370, 7703, 8234, 14096, 13914, 10738, 11161, 1650, 1406, 11090, 8233, 10779, 7831, 3255, 8947, 10269, 157, 1265, 7540, 14825, 206, 14151, 14060, 4481, 8637, 13187, 3475, 9308, 7658, 5807, 10960, 8823, 14870, 13527, 2776, 14872, 9356, 2787, 9210, 7331, 11767, 1795, 7694, 3576, 11925, 3559, 8112, 4407, 1685, 5217, 14134]",4025,100,3,False,100
4112,cancel reservation,cancel res,67,True,True,False,"{104: 2, 115: 2, 87: 1, 65: 2, 11: 1, 31: 2, 69: 3, 97: 3, 32: 1, 17: 1, 128: 1, 18: 1, 146: 1, 142: 1, 41: 1, 23: 1, 114: 1, 129: 1, 53: 3, 42: 1, 112: 1, 132: 1, 119: 1, 25: 3, 100: 1, 149: 1, 126: 2, 148: 1, 8: 2, 67: 1, 47: 1, 27: 1, 46: 1, 52: 1, 91: 2, 94: 1, 28: 1, 9: 1, 14: 1, 120: 2, 79: 1, 74: 1, 70: 1, 48: 1, 26: 2, 62: 2, 82: 1, 122: 1, 80: 1, 39: 1, 133: 1, 103: 1, 55: 1, 89: 1, 60: 1, 5: 1, 75: 1, 96: 1, 83: 1, 108: 1, 15: 1, 35: 1, 140: 1, 118: 1, 16: 1, 107: 1, 71: 1, 43: 1, 33: 1, 57: 1, 19: 1, 110: 1, 30: 1, 10: 1, 99: 1, 20: 1, 68: 1, 77: 1, 59: 1, 137: 1, 78: 1, 1: 1}","[4704, 3062, 13685, 4895, 2, 13267, 6248, 785, 11789, 10596, 8974, 121, 2093, 3408, 5711, 8857, 1998, 700, 4530, 8847, 4794, 3094, 6441, 3904, 7558, 12549, 11526, 5884, 13737, 6097, 3937, 6956, 14007, 11620, 14742, 11391, 6984, 9170, 8171, 13532, 6841, 15004, 10047, 12225, 2666, 10636, 7333, 2023, 7421, 5370, 7703, 8234, 14096, 13914, 10738, 11161, 1650, 1406, 11090, 8233, 10779, 7831, 3255, 8947, 10269, 157, 1265, 7540, 14825, 206, 14151, 14060, 4481, 8637, 13187, 3475, 9308, 7658, 5807, 10960, 8823, 14870, 13527, 2776, 14872, 9356, 2787, 9210, 7331, 11767, 1795, 7694, 3576, 11925, 3559, 8112, 4407, 1685, 5217, 14134]",4112,100,3,False,100
1321,gas,m,142,True,False,True,"{104: 2, 115: 2, 87: 1, 65: 2, 11: 1, 31: 2, 69: 3, 97: 3, 32: 1, 17: 1, 128: 1, 18: 1, 146: 1, 142: 1, 41: 1, 23: 1, 114: 1, 129: 1, 53: 3, 42: 1, 112: 1, 132: 1, 119: 1, 25: 3, 100: 1, 149: 1, 126: 2, 148: 1, 8: 2, 67: 1, 47: 1, 27: 1, 46: 1, 52: 1, 91: 2, 94: 1, 28: 1, 9: 1, 14: 1, 120: 2, 79: 1, 74: 1, 70: 1, 48: 1, 26: 2, 62: 2, 82: 1, 122: 1, 80: 1, 39: 1, 133: 1, 103: 1, 55: 1, 89: 1, 60: 1, 5: 1, 75: 1, 96: 1, 83: 1, 108: 1, 15: 1, 35: 1, 140: 1, 118: 1, 16: 1, 107: 1, 71: 1, 43: 1, 33: 1, 57: 1, 19: 1, 110: 1, 30: 1, 10: 1, 99: 1, 20: 1, 68: 1, 77: 1, 59: 1, 137: 1, 78: 1, 1: 1}","[4704, 3062, 13685, 4895, 2, 13267, 6248, 785, 11789, 10596, 8974, 121, 2093, 3408, 5711, 8857, 1998, 700, 4530, 8847, 4794, 3094, 6441, 3904, 7558, 12549, 11526, 5884, 13737, 6097, 3937, 6956, 14007, 11620, 14742, 11391, 6984, 9170, 8171, 13532, 6841, 15004, 10047, 12225, 2666, 10636, 7333, 2023, 7421, 5370, 7703, 8234, 14096, 13914, 10738, 11161, 1650, 1406, 11090, 8233, 10779, 7831, 3255, 8947, 10269, 157, 1265, 7540, 14825, 206, 14151, 14060, 4481, 8637, 13187, 3475, 9308, 7658, 5807, 10960, 8823, 14870, 13527, 2776, 14872, 9356, 2787, 9210, 7331, 11767, 1795, 7694, 3576, 11925, 3559, 8112, 4407, 1685, 5217, 14134]",1321,100,3,False,100
5364,text,o,42,True,False,True,"{104: 2, 115: 2, 87: 1, 65: 2, 11: 1, 31: 2, 69: 3, 97: 3, 32: 1, 17: 1, 128: 1, 18: 1, 146: 1, 142: 1, 41: 1, 23: 1, 114: 1, 129: 1, 53: 3, 42: 1, 112: 1, 132: 1, 119: 1, 25: 3, 100: 1, 149: 1, 126: 2, 148: 1, 8: 2, 67: 1, 47: 1, 27: 1, 46: 1, 52: 1, 91: 2, 94: 1, 28: 1, 9: 1, 14: 1, 120: 2, 79: 1, 74: 1, 70: 1, 48: 1, 26: 2, 62: 2, 82: 1, 122: 1, 80: 1, 39: 1, 133: 1, 103: 1, 55: 1, 89: 1, 60: 1, 5: 1, 75: 1, 96: 1, 83: 1, 108: 1, 15: 1, 35: 1, 140: 1, 118: 1, 16: 1, 107: 1, 71: 1, 43: 1, 33: 1, 57: 1, 19: 1, 110: 1, 30: 1, 10: 1, 99: 1, 20: 1, 68: 1, 77: 1, 59: 1, 137: 1, 78: 1, 1: 1}","[4704, 3062, 13685, 4895, 2, 13267, 6248, 785, 11789, 10596, 8974, 121, 2093, 3408, 5711, 8857, 1998, 700, 4530, 8847, 4794, 3094, 6441, 3904, 7558, 12549, 11526, 5884, 13737, 6097, 3937, 6956, 14007, 11620, 14742, 11391, 6984, 9170, 8171, 13532, 6841, 15004, 10047, 12225, 2666, 10636, 7333, 2023, 7421, 5370, 7703, 8234, 14096, 13914, 10738, 11161, 1650, 1406, 11090, 8233, 10779, 7831, 3255, 8947, 10269, 157, 1265, 7540, 14825, 206, 14151, 14060, 4481, 8637, 13187, 3475, 9308, 7658, 5807, 10960, 8823, 14870, 13527, 2776, 14872, 9356, 2787, 9210, 7331, 11767, 1795, 7694, 3576, 11925, 3559, 8112, 4407, 1685, 5217, 14134]",5364,100,3,False,100
4568,spending history,o,42,True,False,False,"{104: 2, 115: 2, 87: 1, 65: 2, 11: 1, 31: 2, 69: 3, 97: 3, 32: 1, 17: 1, 128: 1, 18: 1, 146: 1, 142: 1, 41: 1, 23: 1, 114: 1, 129: 1, 53: 3, 42: 1, 112: 1, 132: 1, 119: 1, 25: 3, 100: 1, 149: 1, 126: 2, 148: 1, 8: 2, 67: 1, 47: 1, 27: 1, 46: 1, 52: 1, 91: 2, 94: 1, 28: 1, 9: 1, 14: 1, 120: 2, 79: 1, 74: 1, 70: 1, 48: 1, 26: 2, 62: 2, 82: 1, 122: 1, 80: 1, 39: 1, 133: 1, 103: 1, 55: 1, 89: 1, 60: 1, 5: 1, 75: 1, 96: 1, 83: 1, 108: 1, 15: 1, 35: 1, 140: 1, 118: 1, 16: 1, 107: 1, 71: 1, 43: 1, 33: 1, 57: 1, 19: 1, 110: 1, 30: 1, 10: 1, 99: 1, 20: 1, 68: 1, 77: 1, 59: 1, 137: 1, 78: 1, 1: 1}","[4704, 3062, 13685, 4895, 2, 13267, 6248, 785, 11789, 10596, 8974, 121, 2093, 3408, 5711, 8857, 1998, 700, 4530, 8847, 4794, 3094, 6441, 3904, 7558, 12549, 11526, 5884, 13737, 6097, 3937, 6956, 14007, 11620, 14742, 11391, 6984, 9170, 8171, 13532, 6841, 15004, 10047, 12225, 2666, 10636, 7333, 2023, 7421, 5370, 7703, 8234, 14096, 13914, 10738, 11161, 1650, 1406, 11090, 8233, 10779, 7831, 3255, 8947, 10269, 157, 1265, 7540, 14825, 206, 14151, 14060, 4481, 8637, 13187, 3475, 9308, 7658, 5807, 10960, 8823, 14870, 13527, 2776, 14872, 9356, 2787, 9210, 7331, 11767, 1795, 7694, 3576, 11925, 3559, 8112, 4407, 1685, 5217, 14134]",4568,100,3,False,100
4641,how old are you,o,42,True,False,False,"{104: 2, 115: 2, 87: 1, 65: 2, 11: 1, 31: 2, 69: 3, 97: 3, 32: 1, 17: 1, 128: 1, 18: 1, 146: 1, 142: 1, 41: 1, 23: 1, 114: 1, 129: 1, 53: 3, 42: 1, 112: 1, 132: 1, 119: 1, 25: 3, 100: 1, 149: 1, 126: 2, 148: 1, 8: 2, 67: 1, 47: 1, 27: 1, 46: 1, 52: 1, 91: 2, 94: 1, 28: 1, 9: 1, 14: 1, 120: 2, 79: 1, 74: 1, 70: 1, 48: 1, 26: 2, 62: 2, 82: 1, 122: 1, 80: 1, 39: 1, 133: 1, 103: 1, 55: 1, 89: 1, 60: 1, 5: 1, 75: 1, 96: 1, 83: 1, 108: 1, 15: 1, 35: 1, 140: 1, 118: 1, 16: 1, 107: 1, 71: 1, 43: 1, 33: 1, 57: 1, 19: 1, 110: 1, 30: 1, 10: 1, 99: 1, 20: 1, 68: 1, 77: 1, 59: 1, 137: 1, 78: 1, 1: 1}","[4704, 3062, 13685, 4895, 2, 13267, 6248, 785, 11789, 10596, 8974, 121, 2093, 3408, 5711, 8857, 1998, 700, 4530, 8847, 4794, 3094, 6441, 3904, 7558, 12549, 11526, 5884, 13737, 6097, 3937, 6956, 14007, 11620, 14742, 11391, 6984, 9170, 8171, 13532, 6841, 15004, 10047, 12225, 2666, 10636, 7333, 2023, 7421, 5370, 7703, 8234, 14096, 13914, 10738, 11161, 1650, 1406, 11090, 8233, 10779, 7831, 3255, 8947, 10269, 157, 1265, 7540, 14825, 206, 14151, 14060, 4481, 8637, 13187, 3475, 9308, 7658, 5807, 10960, 8823, 14870, 13527, 2776, 14872, 9356, 2787, 9210, 7331, 11767, 1795, 7694, 3576, 11925, 3559, 8112, 4407, 1685, 5217, 14134]",4641,100,3,False,100
3840,balance,bill balance,27,True,False,True,"{104: 2, 115: 2, 87: 1, 65: 2, 11: 1, 31: 2, 69: 3, 97: 3, 32: 1, 17: 1, 128: 1, 18: 1, 146: 1, 142: 1, 41: 1, 23: 1, 114: 1, 129: 1, 53: 3, 42: 1, 112: 1, 132: 1, 119: 1, 25: 3, 100: 1, 149: 1, 126: 2, 148: 1, 8: 2, 67: 1, 47: 1, 27: 1, 46: 1, 52: 1, 91: 2, 94: 1, 28: 1, 9: 1, 14: 1, 120: 2, 79: 1, 74: 1, 70: 1, 48: 1, 26: 2, 62: 2, 82: 1, 122: 1, 80: 1, 39: 1, 133: 1, 103: 1, 55: 1, 89: 1, 60: 1, 5: 1, 75: 1, 96: 1, 83: 1, 108: 1, 15: 1, 35: 1, 140: 1, 118: 1, 16: 1, 107: 1, 71: 1, 43: 1, 33: 1, 57: 1, 19: 1, 110: 1, 30: 1, 10: 1, 99: 1, 20: 1, 68: 1, 77: 1, 59: 1, 137: 1, 78: 1, 1: 1}","[4704, 3062, 13685, 4895, 2, 13267, 6248, 785, 11789, 10596, 8974, 121, 2093, 3408, 5711, 8857, 1998, 700, 4530, 8847, 4794, 3094, 6441, 3904, 7558, 12549, 11526, 5884, 13737, 6097, 3937, 6956, 14007, 11620, 14742, 11391, 6984, 9170, 8171, 13532, 6841, 15004, 10047, 12225, 2666, 10636, 7333, 2023, 7421, 5370, 7703, 8234, 14096, 13914, 10738, 11161, 1650, 1406, 11090, 8233, 10779, 7831, 3255, 8947, 10269, 157, 1265, 7540, 14825, 206, 14151, 14060, 4481, 8637, 13187, 3475, 9308, 7658, 5807, 10960, 8823, 14870, 13527, 2776, 14872, 9356, 2787, 9210, 7331, 11767, 1795, 7694, 3576, 11925, 3559, 8112, 4407, 1685, 5217, 14134]",3840,100,3,False,100
851,rollover 401k,rol,100,True,True,False,"{104: 2, 115: 2, 87: 1, 65: 2, 11: 1, 31: 2, 69: 3, 97: 3, 32: 1, 17: 1, 128: 1, 18: 1, 146: 1, 142: 1, 41: 1, 23: 1, 114: 1, 129: 1, 53: 3, 42: 1, 112: 1, 132: 1, 119: 1, 25: 3, 100: 1, 149: 1, 126: 2, 148: 1, 8: 2, 67: 1, 47: 1, 27: 1, 46: 1, 52: 1, 91: 2, 94: 1, 28: 1, 9: 1, 14: 1, 120: 2, 79: 1, 74: 1, 70: 1, 48: 1, 26: 2, 62: 2, 82: 1, 122: 1, 80: 1, 39: 1, 133: 1, 103: 1, 55: 1, 89: 1, 60: 1, 5: 1, 75: 1, 96: 1, 83: 1, 108: 1, 15: 1, 35: 1, 140: 1, 118: 1, 16: 1, 107: 1, 71: 1, 43: 1, 33: 1, 57: 1, 19: 1, 110: 1, 30: 1, 10: 1, 99: 1, 20: 1, 68: 1, 77: 1, 59: 1, 137: 1, 78: 1, 1: 1}","[4704, 3062, 13685, 4895, 2, 13267, 6248, 785, 11789, 10596, 8974, 121, 2093, 3408, 5711, 8857, 1998, 700, 4530, 8847, 4794, 3094, 6441, 3904, 7558, 12549, 11526, 5884, 13737, 6097, 3937, 6956, 14007, 11620, 14742, 11391, 6984, 9170, 8171, 13532, 6841, 15004, 10047, 12225, 2666, 10636, 7333, 2023, 7421, 5370, 7703, 8234, 14096, 13914, 10738, 11161, 1650, 1406, 11090, 8233, 10779, 7831, 3255, 8947, 10269, 157, 1265, 7540, 14825, 206, 14151, 14060, 4481, 8637, 13187, 3475, 9308, 7658, 5807, 10960, 8823, 14870, 13527, 2776, 14872, 9356, 2787, 9210, 7331, 11767, 1795, 7694, 3576, 11925, 3559, 8112, 4407, 1685, 5217, 14134]",851,100,3,False,100
369,payday,payday,79,True,True,True,"{104: 2, 115: 2, 87: 1, 65: 2, 11: 1, 31: 2, 69: 3, 97: 3, 32: 1, 17: 1, 128: 1, 18: 1, 146: 1, 142: 1, 41: 1, 23: 1, 114: 1, 129: 1, 53: 3, 42: 1, 112: 1, 132: 1, 119: 1, 25: 3, 100: 1, 149: 1, 126: 2, 148: 1, 8: 2, 67: 1, 47: 1, 27: 1, 46: 1, 52: 1, 91: 2, 94: 1, 28: 1, 9: 1, 14: 1, 120: 2, 79: 1, 74: 1, 70: 1, 48: 1, 26: 2, 62: 2, 82: 1, 122: 1, 80: 1, 39: 1, 133: 1, 103: 1, 55: 1, 89: 1, 60: 1, 5: 1, 75: 1, 96: 1, 83: 1, 108: 1, 15: 1, 35: 1, 140: 1, 118: 1, 16: 1, 107: 1, 71: 1, 43: 1, 33: 1, 57: 1, 19: 1, 110: 1, 30: 1, 10: 1, 99: 1, 20: 1, 68: 1, 77: 1, 59: 1, 137: 1, 78: 1, 1: 1}","[4704, 3062, 13685, 4895, 2, 13267, 6248, 785, 11789, 10596, 8974, 121, 2093, 3408, 5711, 8857, 1998, 700, 4530, 8847, 4794, 3094, 6441, 3904, 7558, 12549, 11526, 5884, 13737, 6097, 3937, 6956, 14007, 11620, 14742, 11391, 6984, 9170, 8171, 13532, 6841, 15004, 10047, 12225, 2666, 10636, 7333, 2023, 7421, 5370, 7703, 8234, 14096, 13914, 10738, 11161, 1650, 1406, 11090, 8233, 10779, 7831, 3255, 8947, 10269, 157, 1265, 7540, 14825, 206, 14151, 14060, 4481, 8637, 13187, 3475, 9308, 7658, 5807, 10960, 8823, 14870, 13527, 2776, 14872, 9356, 2787, 9210, 7331, 11767, 1795, 7694, 3576, 11925, 3559, 8112, 4407, 1685, 5217, 14134]",369,100,3,False,100
930,meal suggestion,user,11,True,False,False,"{104: 2, 115: 2, 87: 1, 65: 2, 11: 1, 31: 2, 69: 3, 97: 3, 32: 1, 17: 1, 128: 1, 18: 1, 146: 1, 142: 1, 41: 1, 23: 1, 114: 1, 129: 1, 53: 3, 42: 1, 112: 1, 132: 1, 119: 1, 25: 3, 100: 1, 149: 1, 126: 2, 148: 1, 8: 2, 67: 1, 47: 1, 27: 1, 46: 1, 52: 1, 91: 2, 94: 1, 28: 1, 9: 1, 14: 1, 120: 2, 79: 1, 74: 1, 70: 1, 48: 1, 26: 2, 62: 2, 82: 1, 122: 1, 80: 1, 39: 1, 133: 1, 103: 1, 55: 1, 89: 1, 60: 1, 5: 1, 75: 1, 96: 1, 83: 1, 108: 1, 15: 1, 35: 1, 140: 1, 118: 1, 16: 1, 107: 1, 71: 1, 43: 1, 33: 1, 57: 1, 19: 1, 110: 1, 30: 1, 10: 1, 99: 1, 20: 1, 68: 1, 77: 1, 59: 1, 137: 1, 78: 1, 1: 1}","[4704, 3062, 13685, 4895, 2, 13267, 6248, 785, 11789, 10596, 8974, 121, 2093, 3408, 5711, 8857, 1998, 700, 4530, 8847, 4794, 3094, 6441, 3904, 7558, 12549, 11526, 5884, 13737, 6097, 3937, 6956, 14007, 11620, 14742, 11391, 6984, 9170, 8171, 13532, 6841, 15004, 10047, 12225, 2666, 10636, 7333, 2023, 7421, 5370, 7703, 8234, 14096, 13914, 10738, 11161, 1650, 1406, 11090, 8233, 10779, 7831, 3255, 8947, 10269, 157, 1265, 7540, 14825, 206, 14151, 14060, 4481, 8637, 13187, 3475, 9308, 7658, 5807, 10960, 8823, 14870, 13527, 2776, 14872, 9356, 2787, 9210, 7331, 11767, 1795, 7694, 3576, 11925, 3559, 8112, 4407, 1685, 5217, 14134]",930,100,3,False,100
472,application status,application,103,True,True,False,"{104: 2, 115: 2, 87: 1, 65: 2, 11: 1, 31: 2, 69: 3, 97: 3, 32: 1, 17: 1, 128: 1, 18: 1, 146: 1, 142: 1, 41: 1, 23: 1, 114: 1, 129: 1, 53: 3, 42: 1, 112: 1, 132: 1, 119: 1, 25: 3, 100: 1, 149: 1, 126: 2, 148: 1, 8: 2, 67: 1, 47: 1, 27: 1, 46: 1, 52: 1, 91: 2, 94: 1, 28: 1, 9: 1, 14: 1, 120: 2, 79: 1, 74: 1, 70: 1, 48: 1, 26: 2, 62: 2, 82: 1, 122: 1, 80: 1, 39: 1, 133: 1, 103: 1, 55: 1, 89: 1, 60: 1, 5: 1, 75: 1, 96: 1, 83: 1, 108: 1, 15: 1, 35: 1, 140: 1, 118: 1, 16: 1, 107: 1, 71: 1, 43: 1, 33: 1, 57: 1, 19: 1, 110: 1, 30: 1, 10: 1, 99: 1, 20: 1, 68: 1, 77: 1, 59: 1, 137: 1, 78: 1, 1: 1}","[4704, 3062, 13685, 4895, 2, 13267, 6248, 785, 11789, 10596, 8974, 121, 2093, 3408, 5711, 8857, 1998, 700, 4530, 8847, 4794, 3094, 6441, 3904, 7558, 12549, 11526, 5884, 13737, 6097, 3937, 6956, 14007, 11620, 14742, 11391, 6984, 9170, 8171, 13532, 6841, 15004, 10047, 12225, 2666, 10636, 7333, 2023, 7421, 5370, 7703, 8234, 14096, 13914, 10738, 11161, 1650, 1406, 11090, 8233, 10779, 7831, 3255, 8947, 10269, 157, 1265, 7540, 14825, 206, 14151, 14060, 4481, 8637, 13187, 3475, 9308, 7658, 5807, 10960, 8823, 14870, 13527, 2776, 14872, 9356, 2787, 9210, 7331, 11767, 1795, 7694, 3576, 11925, 3559, 8112, 4407, 1685, 5217, 14134]",472,100,3,False,100
2302,w2,w,122,True,True,False,"{104: 2, 115: 2, 87: 1, 65: 2, 11: 1, 31: 2, 69: 3, 97: 3, 32: 1, 17: 1, 128: 1, 18: 1, 146: 1, 142: 1, 41: 1, 23: 1, 114: 1, 129: 1, 53: 3, 42: 1, 112: 1, 132: 1, 119: 1, 25: 3, 100: 1, 149: 1, 126: 2, 148: 1, 8: 2, 67: 1, 47: 1, 27: 1, 46: 1, 52: 1, 91: 2, 94: 1, 28: 1, 9: 1, 14: 1, 120: 2, 79: 1, 74: 1, 70: 1, 48: 1, 26: 2, 62: 2, 82: 1, 122: 1, 80: 1, 39: 1, 133: 1, 103: 1, 55: 1, 89: 1, 60: 1, 5: 1, 75: 1, 96: 1, 83: 1, 108: 1, 15: 1, 35: 1, 140: 1, 118: 1, 16: 1, 107: 1, 71: 1, 43: 1, 33: 1, 57: 1, 19: 1, 110: 1, 30: 1, 10: 1, 99: 1, 20: 1, 68: 1, 77: 1, 59: 1, 137: 1, 78: 1, 1: 1}","[4704, 3062, 13685, 4895, 2, 13267, 6248, 785, 11789, 10596, 8974, 121, 2093, 3408, 5711, 8857, 1998, 700, 4530, 8847, 4794, 3094, 6441, 3904, 7558, 12549, 11526, 5884, 13737, 6097, 3937, 6956, 14007, 11620, 14742, 11391, 6984, 9170, 8171, 13532, 6841, 15004, 10047, 12225, 2666, 10636, 7333, 2023, 7421, 5370, 7703, 8234, 14096, 13914, 10738, 11161, 1650, 1406, 11090, 8233, 10779, 7831, 3255, 8947, 10269, 157, 1265, 7540, 14825, 206, 14151, 14060, 4481, 8637, 13187, 3475, 9308, 7658, 5807, 10960, 8823, 14870, 13527, 2776, 14872, 9356, 2787, 9210, 7331, 11767, 1795, 7694, 3576, 11925, 3559, 8112, 4407, 1685, 5217, 14134]",2302,100,3,False,100
308,fun fact,fun,129,True,True,False,"{104: 2, 115: 2, 87: 1, 65: 2, 11: 1, 31: 2, 69: 3, 97: 3, 32: 1, 17: 1, 128: 1, 18: 1, 146: 1, 142: 1, 41: 1, 23: 1, 114: 1, 129: 1, 53: 3, 42: 1, 112: 1, 132: 1, 119: 1, 25: 3, 100: 1, 149: 1, 126: 2, 148: 1, 8: 2, 67: 1, 47: 1, 27: 1, 46: 1, 52: 1, 91: 2, 94: 1, 28: 1, 9: 1, 14: 1, 120: 2, 79: 1, 74: 1, 70: 1, 48: 1, 26: 2, 62: 2, 82: 1, 122: 1, 80: 1, 39: 1, 133: 1, 103: 1, 55: 1, 89: 1, 60: 1, 5: 1, 75: 1, 96: 1, 83: 1, 108: 1, 15: 1, 35: 1, 140: 1, 118: 1, 16: 1, 107: 1, 71: 1, 43: 1, 33: 1, 57: 1, 19: 1, 110: 1, 30: 1, 10: 1, 99: 1, 20: 1, 68: 1, 77: 1, 59: 1, 137: 1, 78: 1, 1: 1}","[4704, 3062, 13685, 4895, 2, 13267, 6248, 785, 11789, 10596, 8974, 121, 2093, 3408, 5711, 8857, 1998, 700, 4530, 8847, 4794, 3094, 6441, 3904, 7558, 12549, 11526, 5884, 13737, 6097, 3937, 6956, 14007, 11620, 14742, 11391, 6984, 9170, 8171, 13532, 6841, 15004, 10047, 12225, 2666, 10636, 7333, 2023, 7421, 5370, 7703, 8234, 14096, 13914, 10738, 11161, 1650, 1406, 11090, 8233, 10779, 7831, 3255, 8947, 10269, 157, 1265, 7540, 14825, 206, 14151, 14060, 4481, 8637, 13187, 3475, 9308, 7658, 5807, 10960, 8823, 14870, 13527, 2776, 14872, 9356, 2787, 9210, 7331, 11767, 1795, 7694, 3576, 11925, 3559, 8112, 4407, 1685, 5217, 14134]",308,100,3,False,100
2434,routing,routing,45,False,True,False,"{104: 2, 115: 2, 87: 1, 65: 2, 11: 1, 31: 2, 69: 3, 97: 3, 32: 1, 17: 1, 128: 1, 18: 1, 146: 1, 142: 1, 41: 1, 23: 1, 114: 1, 129: 1, 53: 3, 42: 1, 112: 1, 132: 1, 119: 1, 25: 3, 100: 1, 149: 1, 126: 2, 148: 1, 8: 2, 67: 1, 47: 1, 27: 1, 46: 1, 52: 1, 91: 2, 94: 1, 28: 1, 9: 1, 14: 1, 120: 2, 79: 1, 74: 1, 70: 1, 48: 1, 26: 2, 62: 2, 82: 1, 122: 1, 80: 1, 39: 1, 133: 1, 103: 1, 55: 1, 89: 1, 60: 1, 5: 1, 75: 1, 96: 1, 83: 1, 108: 1, 15: 1, 35: 1, 140: 1, 118: 1, 16: 1, 107: 1, 71: 1, 43: 1, 33: 1, 57: 1, 19: 1, 110: 1, 30: 1, 10: 1, 99: 1, 20: 1, 68: 1, 77: 1, 59: 1, 137: 1, 78: 1, 1: 1}","[4704, 3062, 13685, 4895, 2, 13267, 6248, 785, 11789, 10596, 8974, 121, 2093, 3408, 5711, 8857, 1998, 700, 4530, 8847, 4794, 3094, 6441, 3904, 7558, 12549, 11526, 5884, 13737, 6097, 3937, 6956, 14007, 11620, 14742, 11391, 6984, 9170, 8171, 13532, 6841, 15004, 10047, 12225, 2666, 10636, 7333, 2023, 7421, 5370, 7703, 8234, 14096, 13914, 10738, 11161, 1650, 1406, 11090, 8233, 10779, 7831, 3255, 8947, 10269, 157, 1265, 7540, 14825, 206, 14151, 14060, 4481, 8637, 13187, 3475, 9308, 7658, 5807, 10960, 8823, 14870, 13527, 2776, 14872, 9356, 2787, 9210, 7331, 11767, 1795, 7694, 3576, 11925, 3559, 8112, 4407, 1685, 5217, 14134]",2434,100,3,False,100
2824,where are you from,order status,84,False,False,False,"{104: 2, 115: 2, 87: 1, 65: 2, 11: 1, 31: 2, 69: 3, 97: 3, 32: 1, 17: 1, 128: 1, 18: 1, 146: 1, 142: 1, 41: 1, 23: 1, 114: 1, 129: 1, 53: 3, 42: 1, 112: 1, 132: 1, 119: 1, 25: 3, 100: 1, 149: 1, 126: 2, 148: 1, 8: 2, 67: 1, 47: 1, 27: 1, 46: 1, 52: 1, 91: 2, 94: 1, 28: 1, 9: 1, 14: 1, 120: 2, 79: 1, 74: 1, 70: 1, 48: 1, 26: 2, 62: 2, 82: 1, 122: 1, 80: 1, 39: 1, 133: 1, 103: 1, 55: 1, 89: 1, 60: 1, 5: 1, 75: 1, 96: 1, 83: 1, 108: 1, 15: 1, 35: 1, 140: 1, 118: 1, 16: 1, 107: 1, 71: 1, 43: 1, 33: 1, 57: 1, 19: 1, 110: 1, 30: 1, 10: 1, 99: 1, 20: 1, 68: 1, 77: 1, 59: 1, 137: 1, 78: 1, 1: 1}","[4704, 3062, 13685, 4895, 2, 13267, 6248, 785, 11789, 10596, 8974, 121, 2093, 3408, 5711, 8857, 1998, 700, 4530, 8847, 4794, 3094, 6441, 3904, 7558, 12549, 11526, 5884, 13737, 6097, 3937, 6956, 14007, 11620, 14742, 11391, 6984, 9170, 8171, 13532, 6841, 15004, 10047, 12225, 2666, 10636, 7333, 2023, 7421, 5370, 7703, 8234, 14096, 13914, 10738, 11161, 1650, 1406, 11090, 8233, 10779, 7831, 3255, 8947, 10269, 157, 1265, 7540, 14825, 206, 14151, 14060, 4481, 8637, 13187, 3475, 9308, 7658, 5807, 10960, 8823, 14870, 13527, 2776, 14872, 9356, 2787, 9210, 7331, 11767, 1795, 7694, 3576, 11925, 3559, 8112, 4407, 1685, 5217, 14134]",2824,100,3,False,100
3151,smart home,smart,10,True,True,False,"{104: 2, 115: 2, 87: 1, 65: 2, 11: 1, 31: 2, 69: 3, 97: 3, 32: 1, 17: 1, 128: 1, 18: 1, 146: 1, 142: 1, 41: 1, 23: 1, 114: 1, 129: 1, 53: 3, 42: 1, 112: 1, 132: 1, 119: 1, 25: 3, 100: 1, 149: 1, 126: 2, 148: 1, 8: 2, 67: 1, 47: 1, 27: 1, 46: 1, 52: 1, 91: 2, 94: 1, 28: 1, 9: 1, 14: 1, 120: 2, 79: 1, 74: 1, 70: 1, 48: 1, 26: 2, 62: 2, 82: 1, 122: 1, 80: 1, 39: 1, 133: 1, 103: 1, 55: 1, 89: 1, 60: 1, 5: 1, 75: 1, 96: 1, 83: 1, 108: 1, 15: 1, 35: 1, 140: 1, 118: 1, 16: 1, 107: 1, 71: 1, 43: 1, 33: 1, 57: 1, 19: 1, 110: 1, 30: 1, 10: 1, 99: 1, 20: 1, 68: 1, 77: 1, 59: 1, 137: 1, 78: 1, 1: 1}","[4704, 3062, 13685, 4895, 2, 13267, 6248, 785, 11789, 10596, 8974, 121, 2093, 3408, 5711, 8857, 1998, 700, 4530, 8847, 4794, 3094, 6441, 3904, 7558, 12549, 11526, 5884, 13737, 6097, 3937, 6956, 14007, 11620, 14742, 11391, 6984, 9170, 8171, 13532, 6841, 15004, 10047, 12225, 2666, 10636, 7333, 2023, 7421, 5370, 7703, 8234, 14096, 13914, 10738, 11161, 1650, 1406, 11090, 8233, 10779, 7831, 3255, 8947, 10269, 157, 1265, 7540, 14825, 206, 14151, 14060, 4481, 8637, 13187, 3475, 9308, 7658, 5807, 10960, 8823, 14870, 13527, 2776, 14872, 9356, 2787, 9210, 7331, 11767, 1795, 7694, 3576, 11925, 3559, 8112, 4407, 1685, 5217, 14134]",3151,100,3,False,100
4096,play music,update,141,False,False,False,"{104: 2, 115: 2, 87: 1, 65: 2, 11: 1, 31: 2, 69: 3, 97: 3, 32: 1, 17: 1, 128: 1, 18: 1, 146: 1, 142: 1, 41: 1, 23: 1, 114: 1, 129: 1, 53: 3, 42: 1, 112: 1, 132: 1, 119: 1, 25: 3, 100: 1, 149: 1, 126: 2, 148: 1, 8: 2, 67: 1, 47: 1, 27: 1, 46: 1, 52: 1, 91: 2, 94: 1, 28: 1, 9: 1, 14: 1, 120: 2, 79: 1, 74: 1, 70: 1, 48: 1, 26: 2, 62: 2, 82: 1, 122: 1, 80: 1, 39: 1, 133: 1, 103: 1, 55: 1, 89: 1, 60: 1, 5: 1, 75: 1, 96: 1, 83: 1, 108: 1, 15: 1, 35: 1, 140: 1, 118: 1, 16: 1, 107: 1, 71: 1, 43: 1, 33: 1, 57: 1, 19: 1, 110: 1, 30: 1, 10: 1, 99: 1, 20: 1, 68: 1, 77: 1, 59: 1, 137: 1, 78: 1, 1: 1}","[4704, 3062, 13685, 4895, 2, 13267, 6248, 785, 11789, 10596, 8974, 121, 2093, 3408, 5711, 8857, 1998, 700, 4530, 8847, 4794, 3094, 6441, 3904, 7558, 12549, 11526, 5884, 13737, 6097, 3937, 6956, 14007, 11620, 14742, 11391, 6984, 9170, 8171, 13532, 6841, 15004, 10047, 12225, 2666, 10636, 7333, 2023, 7421, 5370, 7703, 8234, 14096, 13914, 10738, 11161, 1650, 1406, 11090, 8233, 10779, 7831, 3255, 8947, 10269, 157, 1265, 7540, 14825, 206, 14151, 14060, 4481, 8637, 13187, 3475, 9308, 7658, 5807, 10960, 8823, 14870, 13527, 2776, 14872, 9356, 2787, 9210, 7331, 11767, 1795, 7694, 3576, 11925, 3559, 8112, 4407, 1685, 5217, 14134]",4096,100,3,False,100
3493,gas,directions,72,False,False,True,"{104: 2, 115: 2, 87: 1, 65: 2, 11: 1, 31: 2, 69: 3, 97: 3, 32: 1, 17: 1, 128: 1, 18: 1, 146: 1, 142: 1, 41: 1, 23: 1, 114: 1, 129: 1, 53: 3, 42: 1, 112: 1, 132: 1, 119: 1, 25: 3, 100: 1, 149: 1, 126: 2, 148: 1, 8: 2, 67: 1, 47: 1, 27: 1, 46: 1, 52: 1, 91: 2, 94: 1, 28: 1, 9: 1, 14: 1, 120: 2, 79: 1, 74: 1, 70: 1, 48: 1, 26: 2, 62: 2, 82: 1, 122: 1, 80: 1, 39: 1, 133: 1, 103: 1, 55: 1, 89: 1, 60: 1, 5: 1, 75: 1, 96: 1, 83: 1, 108: 1, 15: 1, 35: 1, 140: 1, 118: 1, 16: 1, 107: 1, 71: 1, 43: 1, 33: 1, 57: 1, 19: 1, 110: 1, 30: 1, 10: 1, 99: 1, 20: 1, 68: 1, 77: 1, 59: 1, 137: 1, 78: 1, 1: 1}","[4704, 3062, 13685, 4895, 2, 13267, 6248, 785, 11789, 10596, 8974, 121, 2093, 3408, 5711, 8857, 1998, 700, 4530, 8847, 4794, 3094, 6441, 3904, 7558, 12549, 11526, 5884, 13737, 6097, 3937, 6956, 14007, 11620, 14742, 11391, 6984, 9170, 8171, 13532, 6841, 15004, 10047, 12225, 2666, 10636, 7333, 2023, 7421, 5370, 7703, 8234, 14096, 13914, 10738, 11161, 1650, 1406, 11090, 8233, 10779, 7831, 3255, 8947, 10269, 157, 1265, 7540, 14825, 206, 14151, 14060, 4481, 8637, 13187, 3475, 9308, 7658, 5807, 10960, 8823, 14870, 13527, 2776, 14872, 9356, 2787, 9210, 7331, 11767, 1795, 7694, 3576, 11925, 3559, 8112, 4407, 1685, 5217, 14134]",3493,100,3,False,100
2897,goodbye,good,114,True,True,False,"{104: 2, 115: 2, 87: 1, 65: 2, 11: 1, 31: 2, 69: 3, 97: 3, 32: 1, 17: 1, 128: 1, 18: 1, 146: 1, 142: 1, 41: 1, 23: 1, 114: 1, 129: 1, 53: 3, 42: 1, 112: 1, 132: 1, 119: 1, 25: 3, 100: 1, 149: 1, 126: 2, 148: 1, 8: 2, 67: 1, 47: 1, 27: 1, 46: 1, 52: 1, 91: 2, 94: 1, 28: 1, 9: 1, 14: 1, 120: 2, 79: 1, 74: 1, 70: 1, 48: 1, 26: 2, 62: 2, 82: 1, 122: 1, 80: 1, 39: 1, 133: 1, 103: 1, 55: 1, 89: 1, 60: 1, 5: 1, 75: 1, 96: 1, 83: 1, 108: 1, 15: 1, 35: 1, 140: 1, 118: 1, 16: 1, 107: 1, 71: 1, 43: 1, 33: 1, 57: 1, 19: 1, 110: 1, 30: 1, 10: 1, 99: 1, 20: 1, 68: 1, 77: 1, 59: 1, 137: 1, 78: 1, 1: 1}","[4704, 3062, 13685, 4895, 2, 13267, 6248, 785, 11789, 10596, 8974, 121, 2093, 3408, 5711, 8857, 1998, 700, 4530, 8847, 4794, 3094, 6441, 3904, 7558, 12549, 11526, 5884, 13737, 6097, 3937, 6956, 14007, 11620, 14742, 11391, 6984, 9170, 8171, 13532, 6841, 15004, 10047, 12225, 2666, 10636, 7333, 2023, 7421, 5370, 7703, 8234, 14096, 13914, 10738, 11161, 1650, 1406, 11090, 8233, 10779, 7831, 3255, 8947, 10269, 157, 1265, 7540, 14825, 206, 14151, 14060, 4481, 8637, 13187, 3475, 9308, 7658, 5807, 10960, 8823, 14870, 13527, 2776, 14872, 9356, 2787, 9210, 7331, 11767, 1795, 7694, 3576, 11925, 3559, 8112, 4407, 1685, 5217, 14134]",2897,100,3,False,100
2794,accept reservations,accept,9,True,True,False,"{104: 2, 115: 2, 87: 1, 65: 2, 11: 1, 31: 2, 69: 3, 97: 3, 32: 1, 17: 1, 128: 1, 18: 1, 146: 1, 142: 1, 41: 1, 23: 1, 114: 1, 129: 1, 53: 3, 42: 1, 112: 1, 132: 1, 119: 1, 25: 3, 100: 1, 149: 1, 126: 2, 148: 1, 8: 2, 67: 1, 47: 1, 27: 1, 46: 1, 52: 1, 91: 2, 94: 1, 28: 1, 9: 1, 14: 1, 120: 2, 79: 1, 74: 1, 70: 1, 48: 1, 26: 2, 62: 2, 82: 1, 122: 1, 80: 1, 39: 1, 133: 1, 103: 1, 55: 1, 89: 1, 60: 1, 5: 1, 75: 1, 96: 1, 83: 1, 108: 1, 15: 1, 35: 1, 140: 1, 118: 1, 16: 1, 107: 1, 71: 1, 43: 1, 33: 1, 57: 1, 19: 1, 110: 1, 30: 1, 10: 1, 99: 1, 20: 1, 68: 1, 77: 1, 59: 1, 137: 1, 78: 1, 1: 1}","[4704, 3062, 13685, 4895, 2, 13267, 6248, 785, 11789, 10596, 8974, 121, 2093, 3408, 5711, 8857, 1998, 700, 4530, 8847, 4794, 3094, 6441, 3904, 7558, 12549, 11526, 5884, 13737, 6097, 3937, 6956, 14007, 11620, 14742, 11391, 6984, 9170, 8171, 13532, 6841, 15004, 10047, 12225, 2666, 10636, 7333, 2023, 7421, 5370, 7703, 8234, 14096, 13914, 10738, 11161, 1650, 1406, 11090, 8233, 10779, 7831, 3255, 8947, 10269, 157, 1265, 7540, 14825, 206, 14151, 14060, 4481, 8637, 13187, 3475, 9308, 7658, 5807, 10960, 8823, 14870, 13527, 2776, 14872, 9356, 2787, 9210, 7331, 11767, 1795, 7694, 3576, 11925, 3559, 8112, 4407, 1685, 5217, 14134]",2794,100,3,False,100
4214,how old are you,how old,99,True,True,False,"{104: 2, 115: 2, 87: 1, 65: 2, 11: 1, 31: 2, 69: 3, 97: 3, 32: 1, 17: 1, 128: 1, 18: 1, 146: 1, 142: 1, 41: 1, 23: 1, 114: 1, 129: 1, 53: 3, 42: 1, 112: 1, 132: 1, 119: 1, 25: 3, 100: 1, 149: 1, 126: 2, 148: 1, 8: 2, 67: 1, 47: 1, 27: 1, 46: 1, 52: 1, 91: 2, 94: 1, 28: 1, 9: 1, 14: 1, 120: 2, 79: 1, 74: 1, 70: 1, 48: 1, 26: 2, 62: 2, 82: 1, 122: 1, 80: 1, 39: 1, 133: 1, 103: 1, 55: 1, 89: 1, 60: 1, 5: 1, 75: 1, 96: 1, 83: 1, 108: 1, 15: 1, 35: 1, 140: 1, 118: 1, 16: 1, 107: 1, 71: 1, 43: 1, 33: 1, 57: 1, 19: 1, 110: 1, 30: 1, 10: 1, 99: 1, 20: 1, 68: 1, 77: 1, 59: 1, 137: 1, 78: 1, 1: 1}","[4704, 3062, 13685, 4895, 2, 13267, 6248, 785, 11789, 10596, 8974, 121, 2093, 3408, 5711, 8857, 1998, 700, 4530, 8847, 4794, 3094, 6441, 3904, 7558, 12549, 11526, 5884, 13737, 6097, 3937, 6956, 14007, 11620, 14742, 11391, 6984, 9170, 8171, 13532, 6841, 15004, 10047, 12225, 2666, 10636, 7333, 2023, 7421, 5370, 7703, 8234, 14096, 13914, 10738, 11161, 1650, 1406, 11090, 8233, 10779, 7831, 3255, 8947, 10269, 157, 1265, 7540, 14825, 206, 14151, 14060, 4481, 8637, 13187, 3475, 9308, 7658, 5807, 10960, 8823, 14870, 13527, 2776, 14872, 9356, 2787, 9210, 7331, 11767, 1795, 7694, 3576, 11925, 3559, 8112, 4407, 1685, 5217, 14134]",4214,100,3,False,100
3001,car rental,last,37,False,False,False,"{104: 2, 115: 2, 87: 1, 65: 2, 11: 1, 31: 2, 69: 3, 97: 3, 32: 1, 17: 1, 128: 1, 18: 1, 146: 1, 142: 1, 41: 1, 23: 1, 114: 1, 129: 1, 53: 3, 42: 1, 112: 1, 132: 1, 119: 1, 25: 3, 100: 1, 149: 1, 126: 2, 148: 1, 8: 2, 67: 1, 47: 1, 27: 1, 46: 1, 52: 1, 91: 2, 94: 1, 28: 1, 9: 1, 14: 1, 120: 2, 79: 1, 74: 1, 70: 1, 48: 1, 26: 2, 62: 2, 82: 1, 122: 1, 80: 1, 39: 1, 133: 1, 103: 1, 55: 1, 89: 1, 60: 1, 5: 1, 75: 1, 96: 1, 83: 1, 108: 1, 15: 1, 35: 1, 140: 1, 118: 1, 16: 1, 107: 1, 71: 1, 43: 1, 33: 1, 57: 1, 19: 1, 110: 1, 30: 1, 10: 1, 99: 1, 20: 1, 68: 1, 77: 1, 59: 1, 137: 1, 78: 1, 1: 1}","[4704, 3062, 13685, 4895, 2, 13267, 6248, 785, 11789, 10596, 8974, 121, 2093, 3408, 5711, 8857, 1998, 700, 4530, 8847, 4794, 3094, 6441, 3904, 7558, 12549, 11526, 5884, 13737, 6097, 3937, 6956, 14007, 11620, 14742, 11391, 6984, 9170, 8171, 13532, 6841, 15004, 10047, 12225, 2666, 10636, 7333, 2023, 7421, 5370, 7703, 8234, 14096, 13914, 10738, 11161, 1650, 1406, 11090, 8233, 10779, 7831, 3255, 8947, 10269, 157, 1265, 7540, 14825, 206, 14151, 14060, 4481, 8637, 13187, 3475, 9308, 7658, 5807, 10960, 8823, 14870, 13527, 2776, 14872, 9356, 2787, 9210, 7331, 11767, 1795, 7694, 3576, 11925, 3559, 8112, 4407, 1685, 5217, 14134]",3001,100,3,False,100
4607,smart home,o,42,True,False,False,"{104: 2, 115: 2, 87: 1, 65: 2, 11: 1, 31: 2, 69: 3, 97: 3, 32: 1, 17: 1, 128: 1, 18: 1, 146: 1, 142: 1, 41: 1, 23: 1, 114: 1, 129: 1, 53: 3, 42: 1, 112: 1, 132: 1, 119: 1, 25: 3, 100: 1, 149: 1, 126: 2, 148: 1, 8: 2, 67: 1, 47: 1, 27: 1, 46: 1, 52: 1, 91: 2, 94: 1, 28: 1, 9: 1, 14: 1, 120: 2, 79: 1, 74: 1, 70: 1, 48: 1, 26: 2, 62: 2, 82: 1, 122: 1, 80: 1, 39: 1, 133: 1, 103: 1, 55: 1, 89: 1, 60: 1, 5: 1, 75: 1, 96: 1, 83: 1, 108: 1, 15: 1, 35: 1, 140: 1, 118: 1, 16: 1, 107: 1, 71: 1, 43: 1, 33: 1, 57: 1, 19: 1, 110: 1, 30: 1, 10: 1, 99: 1, 20: 1, 68: 1, 77: 1, 59: 1, 137: 1, 78: 1, 1: 1}","[4704, 3062, 13685, 4895, 2, 13267, 6248, 785, 11789, 10596, 8974, 121, 2093, 3408, 5711, 8857, 1998, 700, 4530, 8847, 4794, 3094, 6441, 3904, 7558, 12549, 11526, 5884, 13737, 6097, 3937, 6956, 14007, 11620, 14742, 11391, 6984, 9170, 8171, 13532, 6841, 15004, 10047, 12225, 2666, 10636, 7333, 2023, 7421, 5370, 7703, 8234, 14096, 13914, 10738, 11161, 1650, 1406, 11090, 8233, 10779, 7831, 3255, 8947, 10269, 157, 1265, 7540, 14825, 206, 14151, 14060, 4481, 8637, 13187, 3475, 9308, 7658, 5807, 10960, 8823, 14870, 13527, 2776, 14872, 9356, 2787, 9210, 7331, 11767, 1795, 7694, 3576, 11925, 3559, 8112, 4407, 1685, 5217, 14134]",4607,100,3,False,100
466,application status,application,103,True,True,False,"{104: 2, 115: 2, 87: 1, 65: 2, 11: 1, 31: 2, 69: 3, 97: 3, 32: 1, 17: 1, 128: 1, 18: 1, 146: 1, 142: 1, 41: 1, 23: 1, 114: 1, 129: 1, 53: 3, 42: 1, 112: 1, 132: 1, 119: 1, 25: 3, 100: 1, 149: 1, 126: 2, 148: 1, 8: 2, 67: 1, 47: 1, 27: 1, 46: 1, 52: 1, 91: 2, 94: 1, 28: 1, 9: 1, 14: 1, 120: 2, 79: 1, 74: 1, 70: 1, 48: 1, 26: 2, 62: 2, 82: 1, 122: 1, 80: 1, 39: 1, 133: 1, 103: 1, 55: 1, 89: 1, 60: 1, 5: 1, 75: 1, 96: 1, 83: 1, 108: 1, 15: 1, 35: 1, 140: 1, 118: 1, 16: 1, 107: 1, 71: 1, 43: 1, 33: 1, 57: 1, 19: 1, 110: 1, 30: 1, 10: 1, 99: 1, 20: 1, 68: 1, 77: 1, 59: 1, 137: 1, 78: 1, 1: 1}","[4704, 3062, 13685, 4895, 2, 13267, 6248, 785, 11789, 10596, 8974, 121, 2093, 3408, 5711, 8857, 1998, 700, 4530, 8847, 4794, 3094, 6441, 3904, 7558, 12549, 11526, 5884, 13737, 6097, 3937, 6956, 14007, 11620, 14742, 11391, 6984, 9170, 8171, 13532, 6841, 15004, 10047, 12225, 2666, 10636, 7333, 2023, 7421, 5370, 7703, 8234, 14096, 13914, 10738, 11161, 1650, 1406, 11090, 8233, 10779, 7831, 3255, 8947, 10269, 157, 1265, 7540, 14825, 206, 14151, 14060, 4481, 8637, 13187, 3475, 9308, 7658, 5807, 10960, 8823, 14870, 13527, 2776, 14872, 9356, 2787, 9210, 7331, 11767, 1795, 7694, 3576, 11925, 3559, 8112, 4407, 1685, 5217, 14134]",466,100,3,False,100
1152,spending history,spending,71,True,True,False,"{104: 2, 115: 2, 87: 1, 65: 2, 11: 1, 31: 2, 69: 3, 97: 3, 32: 1, 17: 1, 128: 1, 18: 1, 146: 1, 142: 1, 41: 1, 23: 1, 114: 1, 129: 1, 53: 3, 42: 1, 112: 1, 132: 1, 119: 1, 25: 3, 100: 1, 149: 1, 126: 2, 148: 1, 8: 2, 67: 1, 47: 1, 27: 1, 46: 1, 52: 1, 91: 2, 94: 1, 28: 1, 9: 1, 14: 1, 120: 2, 79: 1, 74: 1, 70: 1, 48: 1, 26: 2, 62: 2, 82: 1, 122: 1, 80: 1, 39: 1, 133: 1, 103: 1, 55: 1, 89: 1, 60: 1, 5: 1, 75: 1, 96: 1, 83: 1, 108: 1, 15: 1, 35: 1, 140: 1, 118: 1, 16: 1, 107: 1, 71: 1, 43: 1, 33: 1, 57: 1, 19: 1, 110: 1, 30: 1, 10: 1, 99: 1, 20: 1, 68: 1, 77: 1, 59: 1, 137: 1, 78: 1, 1: 1}","[4704, 3062, 13685, 4895, 2, 13267, 6248, 785, 11789, 10596, 8974, 121, 2093, 3408, 5711, 8857, 1998, 700, 4530, 8847, 4794, 3094, 6441, 3904, 7558, 12549, 11526, 5884, 13737, 6097, 3937, 6956, 14007, 11620, 14742, 11391, 6984, 9170, 8171, 13532, 6841, 15004, 10047, 12225, 2666, 10636, 7333, 2023, 7421, 5370, 7703, 8234, 14096, 13914, 10738, 11161, 1650, 1406, 11090, 8233, 10779, 7831, 3255, 8947, 10269, 157, 1265, 7540, 14825, 206, 14151, 14060, 4481, 8637, 13187, 3475, 9308, 7658, 5807, 10960, 8823, 14870, 13527, 2776, 14872, 9356, 2787, 9210, 7331, 11767, 1795, 7694, 3576, 11925, 3559, 8112, 4407, 1685, 5217, 14134]",1152,100,3,False,100
1427,travel suggestion,travel suggestion,149,True,True,True,"{104: 2, 115: 2, 87: 1, 65: 2, 11: 1, 31: 2, 69: 3, 97: 3, 32: 1, 17: 1, 128: 1, 18: 1, 146: 1, 142: 1, 41: 1, 23: 1, 114: 1, 129: 1, 53: 3, 42: 1, 112: 1, 132: 1, 119: 1, 25: 3, 100: 1, 149: 1, 126: 2, 148: 1, 8: 2, 67: 1, 47: 1, 27: 1, 46: 1, 52: 1, 91: 2, 94: 1, 28: 1, 9: 1, 14: 1, 120: 2, 79: 1, 74: 1, 70: 1, 48: 1, 26: 2, 62: 2, 82: 1, 122: 1, 80: 1, 39: 1, 133: 1, 103: 1, 55: 1, 89: 1, 60: 1, 5: 1, 75: 1, 96: 1, 83: 1, 108: 1, 15: 1, 35: 1, 140: 1, 118: 1, 16: 1, 107: 1, 71: 1, 43: 1, 33: 1, 57: 1, 19: 1, 110: 1, 30: 1, 10: 1, 99: 1, 20: 1, 68: 1, 77: 1, 59: 1, 137: 1, 78: 1, 1: 1}","[4704, 3062, 13685, 4895, 2, 13267, 6248, 785, 11789, 10596, 8974, 121, 2093, 3408, 5711, 8857, 1998, 700, 4530, 8847, 4794, 3094, 6441, 3904, 7558, 12549, 11526, 5884, 13737, 6097, 3937, 6956, 14007, 11620, 14742, 11391, 6984, 9170, 8171, 13532, 6841, 15004, 10047, 12225, 2666, 10636, 7333, 2023, 7421, 5370, 7703, 8234, 14096, 13914, 10738, 11161, 1650, 1406, 11090, 8233, 10779, 7831, 3255, 8947, 10269, 157, 1265, 7540, 14825, 206, 14151, 14060, 4481, 8637, 13187, 3475, 9308, 7658, 5807, 10960, 8823, 14870, 13527, 2776, 14872, 9356, 2787, 9210, 7331, 11767, 1795, 7694, 3576, 11925, 3559, 8112, 4407, 1685, 5217, 14134]",1427,100,3,False,100
3032,meeting schedule,meeting,19,True,True,False,"{104: 2, 115: 2, 87: 1, 65: 2, 11: 1, 31: 2, 69: 3, 97: 3, 32: 1, 17: 1, 128: 1, 18: 1, 146: 1, 142: 1, 41: 1, 23: 1, 114: 1, 129: 1, 53: 3, 42: 1, 112: 1, 132: 1, 119: 1, 25: 3, 100: 1, 149: 1, 126: 2, 148: 1, 8: 2, 67: 1, 47: 1, 27: 1, 46: 1, 52: 1, 91: 2, 94: 1, 28: 1, 9: 1, 14: 1, 120: 2, 79: 1, 74: 1, 70: 1, 48: 1, 26: 2, 62: 2, 82: 1, 122: 1, 80: 1, 39: 1, 133: 1, 103: 1, 55: 1, 89: 1, 60: 1, 5: 1, 75: 1, 96: 1, 83: 1, 108: 1, 15: 1, 35: 1, 140: 1, 118: 1, 16: 1, 107: 1, 71: 1, 43: 1, 33: 1, 57: 1, 19: 1, 110: 1, 30: 1, 10: 1, 99: 1, 20: 1, 68: 1, 77: 1, 59: 1, 137: 1, 78: 1, 1: 1}","[4704, 3062, 13685, 4895, 2, 13267, 6248, 785, 11789, 10596, 8974, 121, 2093, 3408, 5711, 8857, 1998, 700, 4530, 8847, 4794, 3094, 6441, 3904, 7558, 12549, 11526, 5884, 13737, 6097, 3937, 6956, 14007, 11620, 14742, 11391, 6984, 9170, 8171, 13532, 6841, 15004, 10047, 12225, 2666, 10636, 7333, 2023, 7421, 5370, 7703, 8234, 14096, 13914, 10738, 11161, 1650, 1406, 11090, 8233, 10779, 7831, 3255, 8947, 10269, 157, 1265, 7540, 14825, 206, 14151, 14060, 4481, 8637, 13187, 3475, 9308, 7658, 5807, 10960, 8823, 14870, 13527, 2776, 14872, 9356, 2787, 9210, 7331, 11767, 1795, 7694, 3576, 11925, 3559, 8112, 4407, 1685, 5217, 14134]",3032,100,3,False,100
1082,travel alert,rewards,50,False,False,True,"{104: 2, 115: 2, 87: 1, 65: 2, 11: 1, 31: 2, 69: 3, 97: 3, 32: 1, 17: 1, 128: 1, 18: 1, 146: 1, 142: 1, 41: 1, 23: 1, 114: 1, 129: 1, 53: 3, 42: 1, 112: 1, 132: 1, 119: 1, 25: 3, 100: 1, 149: 1, 126: 2, 148: 1, 8: 2, 67: 1, 47: 1, 27: 1, 46: 1, 52: 1, 91: 2, 94: 1, 28: 1, 9: 1, 14: 1, 120: 2, 79: 1, 74: 1, 70: 1, 48: 1, 26: 2, 62: 2, 82: 1, 122: 1, 80: 1, 39: 1, 133: 1, 103: 1, 55: 1, 89: 1, 60: 1, 5: 1, 75: 1, 96: 1, 83: 1, 108: 1, 15: 1, 35: 1, 140: 1, 118: 1, 16: 1, 107: 1, 71: 1, 43: 1, 33: 1, 57: 1, 19: 1, 110: 1, 30: 1, 10: 1, 99: 1, 20: 1, 68: 1, 77: 1, 59: 1, 137: 1, 78: 1, 1: 1}","[4704, 3062, 13685, 4895, 2, 13267, 6248, 785, 11789, 10596, 8974, 121, 2093, 3408, 5711, 8857, 1998, 700, 4530, 8847, 4794, 3094, 6441, 3904, 7558, 12549, 11526, 5884, 13737, 6097, 3937, 6956, 14007, 11620, 14742, 11391, 6984, 9170, 8171, 13532, 6841, 15004, 10047, 12225, 2666, 10636, 7333, 2023, 7421, 5370, 7703, 8234, 14096, 13914, 10738, 11161, 1650, 1406, 11090, 8233, 10779, 7831, 3255, 8947, 10269, 157, 1265, 7540, 14825, 206, 14151, 14060, 4481, 8637, 13187, 3475, 9308, 7658, 5807, 10960, 8823, 14870, 13527, 2776, 14872, 9356, 2787, 9210, 7331, 11767, 1795, 7694, 3576, 11925, 3559, 8112, 4407, 1685, 5217, 14134]",1082,100,3,False,100
2399,damaged card,dam,87,True,True,False,"{104: 2, 115: 2, 87: 1, 65: 2, 11: 1, 31: 2, 69: 3, 97: 3, 32: 1, 17: 1, 128: 1, 18: 1, 146: 1, 142: 1, 41: 1, 23: 1, 114: 1, 129: 1, 53: 3, 42: 1, 112: 1, 132: 1, 119: 1, 25: 3, 100: 1, 149: 1, 126: 2, 148: 1, 8: 2, 67: 1, 47: 1, 27: 1, 46: 1, 52: 1, 91: 2, 94: 1, 28: 1, 9: 1, 14: 1, 120: 2, 79: 1, 74: 1, 70: 1, 48: 1, 26: 2, 62: 2, 82: 1, 122: 1, 80: 1, 39: 1, 133: 1, 103: 1, 55: 1, 89: 1, 60: 1, 5: 1, 75: 1, 96: 1, 83: 1, 108: 1, 15: 1, 35: 1, 140: 1, 118: 1, 16: 1, 107: 1, 71: 1, 43: 1, 33: 1, 57: 1, 19: 1, 110: 1, 30: 1, 10: 1, 99: 1, 20: 1, 68: 1, 77: 1, 59: 1, 137: 1, 78: 1, 1: 1}","[4704, 3062, 13685, 4895, 2, 13267, 6248, 785, 11789, 10596, 8974, 121, 2093, 3408, 5711, 8857, 1998, 700, 4530, 8847, 4794, 3094, 6441, 3904, 7558, 12549, 11526, 5884, 13737, 6097, 3937, 6956, 14007, 11620, 14742, 11391, 6984, 9170, 8171, 13532, 6841, 15004, 10047, 12225, 2666, 10636, 7333, 2023, 7421, 5370, 7703, 8234, 14096, 13914, 10738, 11161, 1650, 1406, 11090, 8233, 10779, 7831, 3255, 8947, 10269, 157, 1265, 7540, 14825, 206, 14151, 14060, 4481, 8637, 13187, 3475, 9308, 7658, 5807, 10960, 8823, 14870, 13527, 2776, 14872, 9356, 2787, 9210, 7331, 11767, 1795, 7694, 3576, 11925, 3559, 8112, 4407, 1685, 5217, 14134]",2399,100,3,False,100
3100,credit limit,report fra,70,True,False,True,"{104: 2, 115: 2, 87: 1, 65: 2, 11: 1, 31: 2, 69: 3, 97: 3, 32: 1, 17: 1, 128: 1, 18: 1, 146: 1, 142: 1, 41: 1, 23: 1, 114: 1, 129: 1, 53: 3, 42: 1, 112: 1, 132: 1, 119: 1, 25: 3, 100: 1, 149: 1, 126: 2, 148: 1, 8: 2, 67: 1, 47: 1, 27: 1, 46: 1, 52: 1, 91: 2, 94: 1, 28: 1, 9: 1, 14: 1, 120: 2, 79: 1, 74: 1, 70: 1, 48: 1, 26: 2, 62: 2, 82: 1, 122: 1, 80: 1, 39: 1, 133: 1, 103: 1, 55: 1, 89: 1, 60: 1, 5: 1, 75: 1, 96: 1, 83: 1, 108: 1, 15: 1, 35: 1, 140: 1, 118: 1, 16: 1, 107: 1, 71: 1, 43: 1, 33: 1, 57: 1, 19: 1, 110: 1, 30: 1, 10: 1, 99: 1, 20: 1, 68: 1, 77: 1, 59: 1, 137: 1, 78: 1, 1: 1}","[4704, 3062, 13685, 4895, 2, 13267, 6248, 785, 11789, 10596, 8974, 121, 2093, 3408, 5711, 8857, 1998, 700, 4530, 8847, 4794, 3094, 6441, 3904, 7558, 12549, 11526, 5884, 13737, 6097, 3937, 6956, 14007, 11620, 14742, 11391, 6984, 9170, 8171, 13532, 6841, 15004, 10047, 12225, 2666, 10636, 7333, 2023, 7421, 5370, 7703, 8234, 14096, 13914, 10738, 11161, 1650, 1406, 11090, 8233, 10779, 7831, 3255, 8947, 10269, 157, 1265, 7540, 14825, 206, 14151, 14060, 4481, 8637, 13187, 3475, 9308, 7658, 5807, 10960, 8823, 14870, 13527, 2776, 14872, 9356, 2787, 9210, 7331, 11767, 1795, 7694, 3576, 11925, 3559, 8112, 4407, 1685, 5217, 14134]",3100,100,3,False,100
1392,yes,yes,107,True,True,True,"{104: 2, 115: 2, 87: 1, 65: 2, 11: 1, 31: 2, 69: 3, 97: 3, 32: 1, 17: 1, 128: 1, 18: 1, 146: 1, 142: 1, 41: 1, 23: 1, 114: 1, 129: 1, 53: 3, 42: 1, 112: 1, 132: 1, 119: 1, 25: 3, 100: 1, 149: 1, 126: 2, 148: 1, 8: 2, 67: 1, 47: 1, 27: 1, 46: 1, 52: 1, 91: 2, 94: 1, 28: 1, 9: 1, 14: 1, 120: 2, 79: 1, 74: 1, 70: 1, 48: 1, 26: 2, 62: 2, 82: 1, 122: 1, 80: 1, 39: 1, 133: 1, 103: 1, 55: 1, 89: 1, 60: 1, 5: 1, 75: 1, 96: 1, 83: 1, 108: 1, 15: 1, 35: 1, 140: 1, 118: 1, 16: 1, 107: 1, 71: 1, 43: 1, 33: 1, 57: 1, 19: 1, 110: 1, 30: 1, 10: 1, 99: 1, 20: 1, 68: 1, 77: 1, 59: 1, 137: 1, 78: 1, 1: 1}","[4704, 3062, 13685, 4895, 2, 13267, 6248, 785, 11789, 10596, 8974, 121, 2093, 3408, 5711, 8857, 1998, 700, 4530, 8847, 4794, 3094, 6441, 3904, 7558, 12549, 11526, 5884, 13737, 6097, 3937, 6956, 14007, 11620, 14742, 11391, 6984, 9170, 8171, 13532, 6841, 15004, 10047, 12225, 2666, 10636, 7333, 2023, 7421, 5370, 7703, 8234, 14096, 13914, 10738, 11161, 1650, 1406, 11090, 8233, 10779, 7831, 3255, 8947, 10269, 157, 1265, 7540, 14825, 206, 14151, 14060, 4481, 8637, 13187, 3475, 9308, 7658, 5807, 10960, 8823, 14870, 13527, 2776, 14872, 9356, 2787, 9210, 7331, 11767, 1795, 7694, 3576, 11925, 3559, 8112, 4407, 1685, 5217, 14134]",1392,100,3,False,100
4760,pto request,o,42,True,False,True,"{104: 2, 115: 2, 87: 1, 65: 2, 11: 1, 31: 2, 69: 3, 97: 3, 32: 1, 17: 1, 128: 1, 18: 1, 146: 1, 142: 1, 41: 1, 23: 1, 114: 1, 129: 1, 53: 3, 42: 1, 112: 1, 132: 1, 119: 1, 25: 3, 100: 1, 149: 1, 126: 2, 148: 1, 8: 2, 67: 1, 47: 1, 27: 1, 46: 1, 52: 1, 91: 2, 94: 1, 28: 1, 9: 1, 14: 1, 120: 2, 79: 1, 74: 1, 70: 1, 48: 1, 26: 2, 62: 2, 82: 1, 122: 1, 80: 1, 39: 1, 133: 1, 103: 1, 55: 1, 89: 1, 60: 1, 5: 1, 75: 1, 96: 1, 83: 1, 108: 1, 15: 1, 35: 1, 140: 1, 118: 1, 16: 1, 107: 1, 71: 1, 43: 1, 33: 1, 57: 1, 19: 1, 110: 1, 30: 1, 10: 1, 99: 1, 20: 1, 68: 1, 77: 1, 59: 1, 137: 1, 78: 1, 1: 1}","[4704, 3062, 13685, 4895, 2, 13267, 6248, 785, 11789, 10596, 8974, 121, 2093, 3408, 5711, 8857, 1998, 700, 4530, 8847, 4794, 3094, 6441, 3904, 7558, 12549, 11526, 5884, 13737, 6097, 3937, 6956, 14007, 11620, 14742, 11391, 6984, 9170, 8171, 13532, 6841, 15004, 10047, 12225, 2666, 10636, 7333, 2023, 7421, 5370, 7703, 8234, 14096, 13914, 10738, 11161, 1650, 1406, 11090, 8233, 10779, 7831, 3255, 8947, 10269, 157, 1265, 7540, 14825, 206, 14151, 14060, 4481, 8637, 13187, 3475, 9308, 7658, 5807, 10960, 8823, 14870, 13527, 2776, 14872, 9356, 2787, 9210, 7331, 11767, 1795, 7694, 3576, 11925, 3559, 8112, 4407, 1685, 5217, 14134]",4760,100,3,False,100
1081,rewards balance,rewards,50,False,True,False,"{104: 2, 115: 2, 87: 1, 65: 2, 11: 1, 31: 2, 69: 3, 97: 3, 32: 1, 17: 1, 128: 1, 18: 1, 146: 1, 142: 1, 41: 1, 23: 1, 114: 1, 129: 1, 53: 3, 42: 1, 112: 1, 132: 1, 119: 1, 25: 3, 100: 1, 149: 1, 126: 2, 148: 1, 8: 2, 67: 1, 47: 1, 27: 1, 46: 1, 52: 1, 91: 2, 94: 1, 28: 1, 9: 1, 14: 1, 120: 2, 79: 1, 74: 1, 70: 1, 48: 1, 26: 2, 62: 2, 82: 1, 122: 1, 80: 1, 39: 1, 133: 1, 103: 1, 55: 1, 89: 1, 60: 1, 5: 1, 75: 1, 96: 1, 83: 1, 108: 1, 15: 1, 35: 1, 140: 1, 118: 1, 16: 1, 107: 1, 71: 1, 43: 1, 33: 1, 57: 1, 19: 1, 110: 1, 30: 1, 10: 1, 99: 1, 20: 1, 68: 1, 77: 1, 59: 1, 137: 1, 78: 1, 1: 1}","[4704, 3062, 13685, 4895, 2, 13267, 6248, 785, 11789, 10596, 8974, 121, 2093, 3408, 5711, 8857, 1998, 700, 4530, 8847, 4794, 3094, 6441, 3904, 7558, 12549, 11526, 5884, 13737, 6097, 3937, 6956, 14007, 11620, 14742, 11391, 6984, 9170, 8171, 13532, 6841, 15004, 10047, 12225, 2666, 10636, 7333, 2023, 7421, 5370, 7703, 8234, 14096, 13914, 10738, 11161, 1650, 1406, 11090, 8233, 10779, 7831, 3255, 8947, 10269, 157, 1265, 7540, 14825, 206, 14151, 14060, 4481, 8637, 13187, 3475, 9308, 7658, 5807, 10960, 8823, 14870, 13527, 2776, 14872, 9356, 2787, 9210, 7331, 11767, 1795, 7694, 3576, 11925, 3559, 8112, 4407, 1685, 5217, 14134]",1081,100,3,False,100
2687,change volume,change volume,150,False,True,False,"{104: 2, 115: 2, 87: 1, 65: 2, 11: 1, 31: 2, 69: 3, 97: 3, 32: 1, 17: 1, 128: 1, 18: 1, 146: 1, 142: 1, 41: 1, 23: 1, 114: 1, 129: 1, 53: 3, 42: 1, 112: 1, 132: 1, 119: 1, 25: 3, 100: 1, 149: 1, 126: 2, 148: 1, 8: 2, 67: 1, 47: 1, 27: 1, 46: 1, 52: 1, 91: 2, 94: 1, 28: 1, 9: 1, 14: 1, 120: 2, 79: 1, 74: 1, 70: 1, 48: 1, 26: 2, 62: 2, 82: 1, 122: 1, 80: 1, 39: 1, 133: 1, 103: 1, 55: 1, 89: 1, 60: 1, 5: 1, 75: 1, 96: 1, 83: 1, 108: 1, 15: 1, 35: 1, 140: 1, 118: 1, 16: 1, 107: 1, 71: 1, 43: 1, 33: 1, 57: 1, 19: 1, 110: 1, 30: 1, 10: 1, 99: 1, 20: 1, 68: 1, 77: 1, 59: 1, 137: 1, 78: 1, 1: 1}","[4704, 3062, 13685, 4895, 2, 13267, 6248, 785, 11789, 10596, 8974, 121, 2093, 3408, 5711, 8857, 1998, 700, 4530, 8847, 4794, 3094, 6441, 3904, 7558, 12549, 11526, 5884, 13737, 6097, 3937, 6956, 14007, 11620, 14742, 11391, 6984, 9170, 8171, 13532, 6841, 15004, 10047, 12225, 2666, 10636, 7333, 2023, 7421, 5370, 7703, 8234, 14096, 13914, 10738, 11161, 1650, 1406, 11090, 8233, 10779, 7831, 3255, 8947, 10269, 157, 1265, 7540, 14825, 206, 14151, 14060, 4481, 8637, 13187, 3475, 9308, 7658, 5807, 10960, 8823, 14870, 13527, 2776, 14872, 9356, 2787, 9210, 7331, 11767, 1795, 7694, 3576, 11925, 3559, 8112, 4407, 1685, 5217, 14134]",2687,100,3,False,100
3593,change ai name,reset,88,False,False,False,"{104: 2, 115: 2, 87: 1, 65: 2, 11: 1, 31: 2, 69: 3, 97: 3, 32: 1, 17: 1, 128: 1, 18: 1, 146: 1, 142: 1, 41: 1, 23: 1, 114: 1, 129: 1, 53: 3, 42: 1, 112: 1, 132: 1, 119: 1, 25: 3, 100: 1, 149: 1, 126: 2, 148: 1, 8: 2, 67: 1, 47: 1, 27: 1, 46: 1, 52: 1, 91: 2, 94: 1, 28: 1, 9: 1, 14: 1, 120: 2, 79: 1, 74: 1, 70: 1, 48: 1, 26: 2, 62: 2, 82: 1, 122: 1, 80: 1, 39: 1, 133: 1, 103: 1, 55: 1, 89: 1, 60: 1, 5: 1, 75: 1, 96: 1, 83: 1, 108: 1, 15: 1, 35: 1, 140: 1, 118: 1, 16: 1, 107: 1, 71: 1, 43: 1, 33: 1, 57: 1, 19: 1, 110: 1, 30: 1, 10: 1, 99: 1, 20: 1, 68: 1, 77: 1, 59: 1, 137: 1, 78: 1, 1: 1}","[4704, 3062, 13685, 4895, 2, 13267, 6248, 785, 11789, 10596, 8974, 121, 2093, 3408, 5711, 8857, 1998, 700, 4530, 8847, 4794, 3094, 6441, 3904, 7558, 12549, 11526, 5884, 13737, 6097, 3937, 6956, 14007, 11620, 14742, 11391, 6984, 9170, 8171, 13532, 6841, 15004, 10047, 12225, 2666, 10636, 7333, 2023, 7421, 5370, 7703, 8234, 14096, 13914, 10738, 11161, 1650, 1406, 11090, 8233, 10779, 7831, 3255, 8947, 10269, 157, 1265, 7540, 14825, 206, 14151, 14060, 4481, 8637, 13187, 3475, 9308, 7658, 5807, 10960, 8823, 14870, 13527, 2776, 14872, 9356, 2787, 9210, 7331, 11767, 1795, 7694, 3576, 11925, 3559, 8112, 4407, 1685, 5217, 14134]",3593,100,3,False,100
2948,play music,what song,21,False,False,False,"{104: 2, 115: 2, 87: 1, 65: 2, 11: 1, 31: 2, 69: 3, 97: 3, 32: 1, 17: 1, 128: 1, 18: 1, 146: 1, 142: 1, 41: 1, 23: 1, 114: 1, 129: 1, 53: 3, 42: 1, 112: 1, 132: 1, 119: 1, 25: 3, 100: 1, 149: 1, 126: 2, 148: 1, 8: 2, 67: 1, 47: 1, 27: 1, 46: 1, 52: 1, 91: 2, 94: 1, 28: 1, 9: 1, 14: 1, 120: 2, 79: 1, 74: 1, 70: 1, 48: 1, 26: 2, 62: 2, 82: 1, 122: 1, 80: 1, 39: 1, 133: 1, 103: 1, 55: 1, 89: 1, 60: 1, 5: 1, 75: 1, 96: 1, 83: 1, 108: 1, 15: 1, 35: 1, 140: 1, 118: 1, 16: 1, 107: 1, 71: 1, 43: 1, 33: 1, 57: 1, 19: 1, 110: 1, 30: 1, 10: 1, 99: 1, 20: 1, 68: 1, 77: 1, 59: 1, 137: 1, 78: 1, 1: 1}","[4704, 3062, 13685, 4895, 2, 13267, 6248, 785, 11789, 10596, 8974, 121, 2093, 3408, 5711, 8857, 1998, 700, 4530, 8847, 4794, 3094, 6441, 3904, 7558, 12549, 11526, 5884, 13737, 6097, 3937, 6956, 14007, 11620, 14742, 11391, 6984, 9170, 8171, 13532, 6841, 15004, 10047, 12225, 2666, 10636, 7333, 2023, 7421, 5370, 7703, 8234, 14096, 13914, 10738, 11161, 1650, 1406, 11090, 8233, 10779, 7831, 3255, 8947, 10269, 157, 1265, 7540, 14825, 206, 14151, 14060, 4481, 8637, 13187, 3475, 9308, 7658, 5807, 10960, 8823, 14870, 13527, 2776, 14872, 9356, 2787, 9210, 7331, 11767, 1795, 7694, 3576, 11925, 3559, 8112, 4407, 1685, 5217, 14134]",2948,100,3,False,100
5298,reminder update,o,42,True,False,True,"{104: 2, 115: 2, 87: 1, 65: 2, 11: 1, 31: 2, 69: 3, 97: 3, 32: 1, 17: 1, 128: 1, 18: 1, 146: 1, 142: 1, 41: 1, 23: 1, 114: 1, 129: 1, 53: 3, 42: 1, 112: 1, 132: 1, 119: 1, 25: 3, 100: 1, 149: 1, 126: 2, 148: 1, 8: 2, 67: 1, 47: 1, 27: 1, 46: 1, 52: 1, 91: 2, 94: 1, 28: 1, 9: 1, 14: 1, 120: 2, 79: 1, 74: 1, 70: 1, 48: 1, 26: 2, 62: 2, 82: 1, 122: 1, 80: 1, 39: 1, 133: 1, 103: 1, 55: 1, 89: 1, 60: 1, 5: 1, 75: 1, 96: 1, 83: 1, 108: 1, 15: 1, 35: 1, 140: 1, 118: 1, 16: 1, 107: 1, 71: 1, 43: 1, 33: 1, 57: 1, 19: 1, 110: 1, 30: 1, 10: 1, 99: 1, 20: 1, 68: 1, 77: 1, 59: 1, 137: 1, 78: 1, 1: 1}","[4704, 3062, 13685, 4895, 2, 13267, 6248, 785, 11789, 10596, 8974, 121, 2093, 3408, 5711, 8857, 1998, 700, 4530, 8847, 4794, 3094, 6441, 3904, 7558, 12549, 11526, 5884, 13737, 6097, 3937, 6956, 14007, 11620, 14742, 11391, 6984, 9170, 8171, 13532, 6841, 15004, 10047, 12225, 2666, 10636, 7333, 2023, 7421, 5370, 7703, 8234, 14096, 13914, 10738, 11161, 1650, 1406, 11090, 8233, 10779, 7831, 3255, 8947, 10269, 157, 1265, 7540, 14825, 206, 14151, 14060, 4481, 8637, 13187, 3475, 9308, 7658, 5807, 10960, 8823, 14870, 13527, 2776, 14872, 9356, 2787, 9210, 7331, 11767, 1795, 7694, 3576, 11925, 3559, 8112, 4407, 1685, 5217, 14134]",5298,100,3,False,100
3924,redeem rewards,rede,6,False,True,False,"{104: 2, 115: 2, 87: 1, 65: 2, 11: 1, 31: 2, 69: 3, 97: 3, 32: 1, 17: 1, 128: 1, 18: 1, 146: 1, 142: 1, 41: 1, 23: 1, 114: 1, 129: 1, 53: 3, 42: 1, 112: 1, 132: 1, 119: 1, 25: 3, 100: 1, 149: 1, 126: 2, 148: 1, 8: 2, 67: 1, 47: 1, 27: 1, 46: 1, 52: 1, 91: 2, 94: 1, 28: 1, 9: 1, 14: 1, 120: 2, 79: 1, 74: 1, 70: 1, 48: 1, 26: 2, 62: 2, 82: 1, 122: 1, 80: 1, 39: 1, 133: 1, 103: 1, 55: 1, 89: 1, 60: 1, 5: 1, 75: 1, 96: 1, 83: 1, 108: 1, 15: 1, 35: 1, 140: 1, 118: 1, 16: 1, 107: 1, 71: 1, 43: 1, 33: 1, 57: 1, 19: 1, 110: 1, 30: 1, 10: 1, 99: 1, 20: 1, 68: 1, 77: 1, 59: 1, 137: 1, 78: 1, 1: 1}","[4704, 3062, 13685, 4895, 2, 13267, 6248, 785, 11789, 10596, 8974, 121, 2093, 3408, 5711, 8857, 1998, 700, 4530, 8847, 4794, 3094, 6441, 3904, 7558, 12549, 11526, 5884, 13737, 6097, 3937, 6956, 14007, 11620, 14742, 11391, 6984, 9170, 8171, 13532, 6841, 15004, 10047, 12225, 2666, 10636, 7333, 2023, 7421, 5370, 7703, 8234, 14096, 13914, 10738, 11161, 1650, 1406, 11090, 8233, 10779, 7831, 3255, 8947, 10269, 157, 1265, 7540, 14825, 206, 14151, 14060, 4481, 8637, 13187, 3475, 9308, 7658, 5807, 10960, 8823, 14870, 13527, 2776, 14872, 9356, 2787, 9210, 7331, 11767, 1795, 7694, 3576, 11925, 3559, 8112, 4407, 1685, 5217, 14134]",3924,100,3,False,100
3824,text,text,26,True,True,True,"{104: 2, 115: 2, 87: 1, 65: 2, 11: 1, 31: 2, 69: 3, 97: 3, 32: 1, 17: 1, 128: 1, 18: 1, 146: 1, 142: 1, 41: 1, 23: 1, 114: 1, 129: 1, 53: 3, 42: 1, 112: 1, 132: 1, 119: 1, 25: 3, 100: 1, 149: 1, 126: 2, 148: 1, 8: 2, 67: 1, 47: 1, 27: 1, 46: 1, 52: 1, 91: 2, 94: 1, 28: 1, 9: 1, 14: 1, 120: 2, 79: 1, 74: 1, 70: 1, 48: 1, 26: 2, 62: 2, 82: 1, 122: 1, 80: 1, 39: 1, 133: 1, 103: 1, 55: 1, 89: 1, 60: 1, 5: 1, 75: 1, 96: 1, 83: 1, 108: 1, 15: 1, 35: 1, 140: 1, 118: 1, 16: 1, 107: 1, 71: 1, 43: 1, 33: 1, 57: 1, 19: 1, 110: 1, 30: 1, 10: 1, 99: 1, 20: 1, 68: 1, 77: 1, 59: 1, 137: 1, 78: 1, 1: 1}","[4704, 3062, 13685, 4895, 2, 13267, 6248, 785, 11789, 10596, 8974, 121, 2093, 3408, 5711, 8857, 1998, 700, 4530, 8847, 4794, 3094, 6441, 3904, 7558, 12549, 11526, 5884, 13737, 6097, 3937, 6956, 14007, 11620, 14742, 11391, 6984, 9170, 8171, 13532, 6841, 15004, 10047, 12225, 2666, 10636, 7333, 2023, 7421, 5370, 7703, 8234, 14096, 13914, 10738, 11161, 1650, 1406, 11090, 8233, 10779, 7831, 3255, 8947, 10269, 157, 1265, 7540, 14825, 206, 14151, 14060, 4481, 8637, 13187, 3475, 9308, 7658, 5807, 10960, 8823, 14870, 13527, 2776, 14872, 9356, 2787, 9210, 7331, 11767, 1795, 7694, 3576, 11925, 3559, 8112, 4407, 1685, 5217, 14134]",3824,100,3,False,100
1591,no,no,30,True,True,True,"{104: 2, 115: 2, 87: 1, 65: 2, 11: 1, 31: 2, 69: 3, 97: 3, 32: 1, 17: 1, 128: 1, 18: 1, 146: 1, 142: 1, 41: 1, 23: 1, 114: 1, 129: 1, 53: 3, 42: 1, 112: 1, 132: 1, 119: 1, 25: 3, 100: 1, 149: 1, 126: 2, 148: 1, 8: 2, 67: 1, 47: 1, 27: 1, 46: 1, 52: 1, 91: 2, 94: 1, 28: 1, 9: 1, 14: 1, 120: 2, 79: 1, 74: 1, 70: 1, 48: 1, 26: 2, 62: 2, 82: 1, 122: 1, 80: 1, 39: 1, 133: 1, 103: 1, 55: 1, 89: 1, 60: 1, 5: 1, 75: 1, 96: 1, 83: 1, 108: 1, 15: 1, 35: 1, 140: 1, 118: 1, 16: 1, 107: 1, 71: 1, 43: 1, 33: 1, 57: 1, 19: 1, 110: 1, 30: 1, 10: 1, 99: 1, 20: 1, 68: 1, 77: 1, 59: 1, 137: 1, 78: 1, 1: 1}","[4704, 3062, 13685, 4895, 2, 13267, 6248, 785, 11789, 10596, 8974, 121, 2093, 3408, 5711, 8857, 1998, 700, 4530, 8847, 4794, 3094, 6441, 3904, 7558, 12549, 11526, 5884, 13737, 6097, 3937, 6956, 14007, 11620, 14742, 11391, 6984, 9170, 8171, 13532, 6841, 15004, 10047, 12225, 2666, 10636, 7333, 2023, 7421, 5370, 7703, 8234, 14096, 13914, 10738, 11161, 1650, 1406, 11090, 8233, 10779, 7831, 3255, 8947, 10269, 157, 1265, 7540, 14825, 206, 14151, 14060, 4481, 8637, 13187, 3475, 9308, 7658, 5807, 10960, 8823, 14870, 13527, 2776, 14872, 9356, 2787, 9210, 7331, 11767, 1795, 7694, 3576, 11925, 3559, 8112, 4407, 1685, 5217, 14134]",1591,100,3,False,100
527,flip coin,f,33,True,True,False,"{104: 2, 115: 2, 87: 1, 65: 2, 11: 1, 31: 2, 69: 3, 97: 3, 32: 1, 17: 1, 128: 1, 18: 1, 146: 1, 142: 1, 41: 1, 23: 1, 114: 1, 129: 1, 53: 3, 42: 1, 112: 1, 132: 1, 119: 1, 25: 3, 100: 1, 149: 1, 126: 2, 148: 1, 8: 2, 67: 1, 47: 1, 27: 1, 46: 1, 52: 1, 91: 2, 94: 1, 28: 1, 9: 1, 14: 1, 120: 2, 79: 1, 74: 1, 70: 1, 48: 1, 26: 2, 62: 2, 82: 1, 122: 1, 80: 1, 39: 1, 133: 1, 103: 1, 55: 1, 89: 1, 60: 1, 5: 1, 75: 1, 96: 1, 83: 1, 108: 1, 15: 1, 35: 1, 140: 1, 118: 1, 16: 1, 107: 1, 71: 1, 43: 1, 33: 1, 57: 1, 19: 1, 110: 1, 30: 1, 10: 1, 99: 1, 20: 1, 68: 1, 77: 1, 59: 1, 137: 1, 78: 1, 1: 1}","[4704, 3062, 13685, 4895, 2, 13267, 6248, 785, 11789, 10596, 8974, 121, 2093, 3408, 5711, 8857, 1998, 700, 4530, 8847, 4794, 3094, 6441, 3904, 7558, 12549, 11526, 5884, 13737, 6097, 3937, 6956, 14007, 11620, 14742, 11391, 6984, 9170, 8171, 13532, 6841, 15004, 10047, 12225, 2666, 10636, 7333, 2023, 7421, 5370, 7703, 8234, 14096, 13914, 10738, 11161, 1650, 1406, 11090, 8233, 10779, 7831, 3255, 8947, 10269, 157, 1265, 7540, 14825, 206, 14151, 14060, 4481, 8637, 13187, 3475, 9308, 7658, 5807, 10960, 8823, 14870, 13527, 2776, 14872, 9356, 2787, 9210, 7331, 11767, 1795, 7694, 3576, 11925, 3559, 8112, 4407, 1685, 5217, 14134]",527,100,3,False,100
3330,whisper mode,whisper,14,True,True,False,"{104: 2, 115: 2, 87: 1, 65: 2, 11: 1, 31: 2, 69: 3, 97: 3, 32: 1, 17: 1, 128: 1, 18: 1, 146: 1, 142: 1, 41: 1, 23: 1, 114: 1, 129: 1, 53: 3, 42: 1, 112: 1, 132: 1, 119: 1, 25: 3, 100: 1, 149: 1, 126: 2, 148: 1, 8: 2, 67: 1, 47: 1, 27: 1, 46: 1, 52: 1, 91: 2, 94: 1, 28: 1, 9: 1, 14: 1, 120: 2, 79: 1, 74: 1, 70: 1, 48: 1, 26: 2, 62: 2, 82: 1, 122: 1, 80: 1, 39: 1, 133: 1, 103: 1, 55: 1, 89: 1, 60: 1, 5: 1, 75: 1, 96: 1, 83: 1, 108: 1, 15: 1, 35: 1, 140: 1, 118: 1, 16: 1, 107: 1, 71: 1, 43: 1, 33: 1, 57: 1, 19: 1, 110: 1, 30: 1, 10: 1, 99: 1, 20: 1, 68: 1, 77: 1, 59: 1, 137: 1, 78: 1, 1: 1}","[4704, 3062, 13685, 4895, 2, 13267, 6248, 785, 11789, 10596, 8974, 121, 2093, 3408, 5711, 8857, 1998, 700, 4530, 8847, 4794, 3094, 6441, 3904, 7558, 12549, 11526, 5884, 13737, 6097, 3937, 6956, 14007, 11620, 14742, 11391, 6984, 9170, 8171, 13532, 6841, 15004, 10047, 12225, 2666, 10636, 7333, 2023, 7421, 5370, 7703, 8234, 14096, 13914, 10738, 11161, 1650, 1406, 11090, 8233, 10779, 7831, 3255, 8947, 10269, 157, 1265, 7540, 14825, 206, 14151, 14060, 4481, 8637, 13187, 3475, 9308, 7658, 5807, 10960, 8823, 14870, 13527, 2776, 14872, 9356, 2787, 9210, 7331, 11767, 1795, 7694, 3576, 11925, 3559, 8112, 4407, 1685, 5217, 14134]",3330,100,3,False,100
3110,report fraud,report fra,70,True,True,False,"{104: 2, 115: 2, 87: 1, 65: 2, 11: 1, 31: 2, 69: 3, 97: 3, 32: 1, 17: 1, 128: 1, 18: 1, 146: 1, 142: 1, 41: 1, 23: 1, 114: 1, 129: 1, 53: 3, 42: 1, 112: 1, 132: 1, 119: 1, 25: 3, 100: 1, 149: 1, 126: 2, 148: 1, 8: 2, 67: 1, 47: 1, 27: 1, 46: 1, 52: 1, 91: 2, 94: 1, 28: 1, 9: 1, 14: 1, 120: 2, 79: 1, 74: 1, 70: 1, 48: 1, 26: 2, 62: 2, 82: 1, 122: 1, 80: 1, 39: 1, 133: 1, 103: 1, 55: 1, 89: 1, 60: 1, 5: 1, 75: 1, 96: 1, 83: 1, 108: 1, 15: 1, 35: 1, 140: 1, 118: 1, 16: 1, 107: 1, 71: 1, 43: 1, 33: 1, 57: 1, 19: 1, 110: 1, 30: 1, 10: 1, 99: 1, 20: 1, 68: 1, 77: 1, 59: 1, 137: 1, 78: 1, 1: 1}","[4704, 3062, 13685, 4895, 2, 13267, 6248, 785, 11789, 10596, 8974, 121, 2093, 3408, 5711, 8857, 1998, 700, 4530, 8847, 4794, 3094, 6441, 3904, 7558, 12549, 11526, 5884, 13737, 6097, 3937, 6956, 14007, 11620, 14742, 11391, 6984, 9170, 8171, 13532, 6841, 15004, 10047, 12225, 2666, 10636, 7333, 2023, 7421, 5370, 7703, 8234, 14096, 13914, 10738, 11161, 1650, 1406, 11090, 8233, 10779, 7831, 3255, 8947, 10269, 157, 1265, 7540, 14825, 206, 14151, 14060, 4481, 8637, 13187, 3475, 9308, 7658, 5807, 10960, 8823, 14870, 13527, 2776, 14872, 9356, 2787, 9210, 7331, 11767, 1795, 7694, 3576, 11925, 3559, 8112, 4407, 1685, 5217, 14134]",3110,100,3,False,100
2263,change accent,change acc,51,False,True,False,"{104: 2, 115: 2, 87: 1, 65: 2, 11: 1, 31: 2, 69: 3, 97: 3, 32: 1, 17: 1, 128: 1, 18: 1, 146: 1, 142: 1, 41: 1, 23: 1, 114: 1, 129: 1, 53: 3, 42: 1, 112: 1, 132: 1, 119: 1, 25: 3, 100: 1, 149: 1, 126: 2, 148: 1, 8: 2, 67: 1, 47: 1, 27: 1, 46: 1, 52: 1, 91: 2, 94: 1, 28: 1, 9: 1, 14: 1, 120: 2, 79: 1, 74: 1, 70: 1, 48: 1, 26: 2, 62: 2, 82: 1, 122: 1, 80: 1, 39: 1, 133: 1, 103: 1, 55: 1, 89: 1, 60: 1, 5: 1, 75: 1, 96: 1, 83: 1, 108: 1, 15: 1, 35: 1, 140: 1, 118: 1, 16: 1, 107: 1, 71: 1, 43: 1, 33: 1, 57: 1, 19: 1, 110: 1, 30: 1, 10: 1, 99: 1, 20: 1, 68: 1, 77: 1, 59: 1, 137: 1, 78: 1, 1: 1}","[4704, 3062, 13685, 4895, 2, 13267, 6248, 785, 11789, 10596, 8974, 121, 2093, 3408, 5711, 8857, 1998, 700, 4530, 8847, 4794, 3094, 6441, 3904, 7558, 12549, 11526, 5884, 13737, 6097, 3937, 6956, 14007, 11620, 14742, 11391, 6984, 9170, 8171, 13532, 6841, 15004, 10047, 12225, 2666, 10636, 7333, 2023, 7421, 5370, 7703, 8234, 14096, 13914, 10738, 11161, 1650, 1406, 11090, 8233, 10779, 7831, 3255, 8947, 10269, 157, 1265, 7540, 14825, 206, 14151, 14060, 4481, 8637, 13187, 3475, 9308, 7658, 5807, 10960, 8823, 14870, 13527, 2776, 14872, 9356, 2787, 9210, 7331, 11767, 1795, 7694, 3576, 11925, 3559, 8112, 4407, 1685, 5217, 14134]",2263,100,3,False,100
2720,who do you work for,who do,57,True,True,False,"{104: 2, 115: 2, 87: 1, 65: 2, 11: 1, 31: 2, 69: 3, 97: 3, 32: 1, 17: 1, 128: 1, 18: 1, 146: 1, 142: 1, 41: 1, 23: 1, 114: 1, 129: 1, 53: 3, 42: 1, 112: 1, 132: 1, 119: 1, 25: 3, 100: 1, 149: 1, 126: 2, 148: 1, 8: 2, 67: 1, 47: 1, 27: 1, 46: 1, 52: 1, 91: 2, 94: 1, 28: 1, 9: 1, 14: 1, 120: 2, 79: 1, 74: 1, 70: 1, 48: 1, 26: 2, 62: 2, 82: 1, 122: 1, 80: 1, 39: 1, 133: 1, 103: 1, 55: 1, 89: 1, 60: 1, 5: 1, 75: 1, 96: 1, 83: 1, 108: 1, 15: 1, 35: 1, 140: 1, 118: 1, 16: 1, 107: 1, 71: 1, 43: 1, 33: 1, 57: 1, 19: 1, 110: 1, 30: 1, 10: 1, 99: 1, 20: 1, 68: 1, 77: 1, 59: 1, 137: 1, 78: 1, 1: 1}","[4704, 3062, 13685, 4895, 2, 13267, 6248, 785, 11789, 10596, 8974, 121, 2093, 3408, 5711, 8857, 1998, 700, 4530, 8847, 4794, 3094, 6441, 3904, 7558, 12549, 11526, 5884, 13737, 6097, 3937, 6956, 14007, 11620, 14742, 11391, 6984, 9170, 8171, 13532, 6841, 15004, 10047, 12225, 2666, 10636, 7333, 2023, 7421, 5370, 7703, 8234, 14096, 13914, 10738, 11161, 1650, 1406, 11090, 8233, 10779, 7831, 3255, 8947, 10269, 157, 1265, 7540, 14825, 206, 14151, 14060, 4481, 8637, 13187, 3475, 9308, 7658, 5807, 10960, 8823, 14870, 13527, 2776, 14872, 9356, 2787, 9210, 7331, 11767, 1795, 7694, 3576, 11925, 3559, 8112, 4407, 1685, 5217, 14134]",2720,100,3,False,100
4309,food last,me,46,True,False,False,"{104: 2, 115: 2, 87: 1, 65: 2, 11: 1, 31: 2, 69: 3, 97: 3, 32: 1, 17: 1, 128: 1, 18: 1, 146: 1, 142: 1, 41: 1, 23: 1, 114: 1, 129: 1, 53: 3, 42: 1, 112: 1, 132: 1, 119: 1, 25: 3, 100: 1, 149: 1, 126: 2, 148: 1, 8: 2, 67: 1, 47: 1, 27: 1, 46: 1, 52: 1, 91: 2, 94: 1, 28: 1, 9: 1, 14: 1, 120: 2, 79: 1, 74: 1, 70: 1, 48: 1, 26: 2, 62: 2, 82: 1, 122: 1, 80: 1, 39: 1, 133: 1, 103: 1, 55: 1, 89: 1, 60: 1, 5: 1, 75: 1, 96: 1, 83: 1, 108: 1, 15: 1, 35: 1, 140: 1, 118: 1, 16: 1, 107: 1, 71: 1, 43: 1, 33: 1, 57: 1, 19: 1, 110: 1, 30: 1, 10: 1, 99: 1, 20: 1, 68: 1, 77: 1, 59: 1, 137: 1, 78: 1, 1: 1}","[4704, 3062, 13685, 4895, 2, 13267, 6248, 785, 11789, 10596, 8974, 121, 2093, 3408, 5711, 8857, 1998, 700, 4530, 8847, 4794, 3094, 6441, 3904, 7558, 12549, 11526, 5884, 13737, 6097, 3937, 6956, 14007, 11620, 14742, 11391, 6984, 9170, 8171, 13532, 6841, 15004, 10047, 12225, 2666, 10636, 7333, 2023, 7421, 5370, 7703, 8234, 14096, 13914, 10738, 11161, 1650, 1406, 11090, 8233, 10779, 7831, 3255, 8947, 10269, 157, 1265, 7540, 14825, 206, 14151, 14060, 4481, 8637, 13187, 3475, 9308, 7658, 5807, 10960, 8823, 14870, 13527, 2776, 14872, 9356, 2787, 9210, 7331, 11767, 1795, 7694, 3576, 11925, 3559, 8112, 4407, 1685, 5217, 14134]",4309,100,3,False,100
4999,how old are you,o,42,True,False,False,"{104: 2, 115: 2, 87: 1, 65: 2, 11: 1, 31: 2, 69: 3, 97: 3, 32: 1, 17: 1, 128: 1, 18: 1, 146: 1, 142: 1, 41: 1, 23: 1, 114: 1, 129: 1, 53: 3, 42: 1, 112: 1, 132: 1, 119: 1, 25: 3, 100: 1, 149: 1, 126: 2, 148: 1, 8: 2, 67: 1, 47: 1, 27: 1, 46: 1, 52: 1, 91: 2, 94: 1, 28: 1, 9: 1, 14: 1, 120: 2, 79: 1, 74: 1, 70: 1, 48: 1, 26: 2, 62: 2, 82: 1, 122: 1, 80: 1, 39: 1, 133: 1, 103: 1, 55: 1, 89: 1, 60: 1, 5: 1, 75: 1, 96: 1, 83: 1, 108: 1, 15: 1, 35: 1, 140: 1, 118: 1, 16: 1, 107: 1, 71: 1, 43: 1, 33: 1, 57: 1, 19: 1, 110: 1, 30: 1, 10: 1, 99: 1, 20: 1, 68: 1, 77: 1, 59: 1, 137: 1, 78: 1, 1: 1}","[4704, 3062, 13685, 4895, 2, 13267, 6248, 785, 11789, 10596, 8974, 121, 2093, 3408, 5711, 8857, 1998, 700, 4530, 8847, 4794, 3094, 6441, 3904, 7558, 12549, 11526, 5884, 13737, 6097, 3937, 6956, 14007, 11620, 14742, 11391, 6984, 9170, 8171, 13532, 6841, 15004, 10047, 12225, 2666, 10636, 7333, 2023, 7421, 5370, 7703, 8234, 14096, 13914, 10738, 11161, 1650, 1406, 11090, 8233, 10779, 7831, 3255, 8947, 10269, 157, 1265, 7540, 14825, 206, 14151, 14060, 4481, 8637, 13187, 3475, 9308, 7658, 5807, 10960, 8823, 14870, 13527, 2776, 14872, 9356, 2787, 9210, 7331, 11767, 1795, 7694, 3576, 11925, 3559, 8112, 4407, 1685, 5217, 14134]",4999,100,3,False,100
218,travel alert,travel alert,128,True,True,True,"{104: 2, 115: 2, 87: 1, 65: 2, 11: 1, 31: 2, 69: 3, 97: 3, 32: 1, 17: 1, 128: 1, 18: 1, 146: 1, 142: 1, 41: 1, 23: 1, 114: 1, 129: 1, 53: 3, 42: 1, 112: 1, 132: 1, 119: 1, 25: 3, 100: 1, 149: 1, 126: 2, 148: 1, 8: 2, 67: 1, 47: 1, 27: 1, 46: 1, 52: 1, 91: 2, 94: 1, 28: 1, 9: 1, 14: 1, 120: 2, 79: 1, 74: 1, 70: 1, 48: 1, 26: 2, 62: 2, 82: 1, 122: 1, 80: 1, 39: 1, 133: 1, 103: 1, 55: 1, 89: 1, 60: 1, 5: 1, 75: 1, 96: 1, 83: 1, 108: 1, 15: 1, 35: 1, 140: 1, 118: 1, 16: 1, 107: 1, 71: 1, 43: 1, 33: 1, 57: 1, 19: 1, 110: 1, 30: 1, 10: 1, 99: 1, 20: 1, 68: 1, 77: 1, 59: 1, 137: 1, 78: 1, 1: 1}","[4704, 3062, 13685, 4895, 2, 13267, 6248, 785, 11789, 10596, 8974, 121, 2093, 3408, 5711, 8857, 1998, 700, 4530, 8847, 4794, 3094, 6441, 3904, 7558, 12549, 11526, 5884, 13737, 6097, 3937, 6956, 14007, 11620, 14742, 11391, 6984, 9170, 8171, 13532, 6841, 15004, 10047, 12225, 2666, 10636, 7333, 2023, 7421, 5370, 7703, 8234, 14096, 13914, 10738, 11161, 1650, 1406, 11090, 8233, 10779, 7831, 3255, 8947, 10269, 157, 1265, 7540, 14825, 206, 14151, 14060, 4481, 8637, 13187, 3475, 9308, 7658, 5807, 10960, 8823, 14870, 13527, 2776, 14872, 9356, 2787, 9210, 7331, 11767, 1795, 7694, 3576, 11925, 3559, 8112, 4407, 1685, 5217, 14134]",218,100,3,False,100
3259,weather,weather,5,True,True,True,"{104: 2, 115: 2, 87: 1, 65: 2, 11: 1, 31: 2, 69: 3, 97: 3, 32: 1, 17: 1, 128: 1, 18: 1, 146: 1, 142: 1, 41: 1, 23: 1, 114: 1, 129: 1, 53: 3, 42: 1, 112: 1, 132: 1, 119: 1, 25: 3, 100: 1, 149: 1, 126: 2, 148: 1, 8: 2, 67: 1, 47: 1, 27: 1, 46: 1, 52: 1, 91: 2, 94: 1, 28: 1, 9: 1, 14: 1, 120: 2, 79: 1, 74: 1, 70: 1, 48: 1, 26: 2, 62: 2, 82: 1, 122: 1, 80: 1, 39: 1, 133: 1, 103: 1, 55: 1, 89: 1, 60: 1, 5: 1, 75: 1, 96: 1, 83: 1, 108: 1, 15: 1, 35: 1, 140: 1, 118: 1, 16: 1, 107: 1, 71: 1, 43: 1, 33: 1, 57: 1, 19: 1, 110: 1, 30: 1, 10: 1, 99: 1, 20: 1, 68: 1, 77: 1, 59: 1, 137: 1, 78: 1, 1: 1}","[4704, 3062, 13685, 4895, 2, 13267, 6248, 785, 11789, 10596, 8974, 121, 2093, 3408, 5711, 8857, 1998, 700, 4530, 8847, 4794, 3094, 6441, 3904, 7558, 12549, 11526, 5884, 13737, 6097, 3937, 6956, 14007, 11620, 14742, 11391, 6984, 9170, 8171, 13532, 6841, 15004, 10047, 12225, 2666, 10636, 7333, 2023, 7421, 5370, 7703, 8234, 14096, 13914, 10738, 11161, 1650, 1406, 11090, 8233, 10779, 7831, 3255, 8947, 10269, 157, 1265, 7540, 14825, 206, 14151, 14060, 4481, 8637, 13187, 3475, 9308, 7658, 5807, 10960, 8823, 14870, 13527, 2776, 14872, 9356, 2787, 9210, 7331, 11767, 1795, 7694, 3576, 11925, 3559, 8112, 4407, 1685, 5217, 14134]",3259,100,3,False,100
5450,fun fact,o,42,True,False,False,"{104: 2, 115: 2, 87: 1, 65: 2, 11: 1, 31: 2, 69: 3, 97: 3, 32: 1, 17: 1, 128: 1, 18: 1, 146: 1, 142: 1, 41: 1, 23: 1, 114: 1, 129: 1, 53: 3, 42: 1, 112: 1, 132: 1, 119: 1, 25: 3, 100: 1, 149: 1, 126: 2, 148: 1, 8: 2, 67: 1, 47: 1, 27: 1, 46: 1, 52: 1, 91: 2, 94: 1, 28: 1, 9: 1, 14: 1, 120: 2, 79: 1, 74: 1, 70: 1, 48: 1, 26: 2, 62: 2, 82: 1, 122: 1, 80: 1, 39: 1, 133: 1, 103: 1, 55: 1, 89: 1, 60: 1, 5: 1, 75: 1, 96: 1, 83: 1, 108: 1, 15: 1, 35: 1, 140: 1, 118: 1, 16: 1, 107: 1, 71: 1, 43: 1, 33: 1, 57: 1, 19: 1, 110: 1, 30: 1, 10: 1, 99: 1, 20: 1, 68: 1, 77: 1, 59: 1, 137: 1, 78: 1, 1: 1}","[4704, 3062, 13685, 4895, 2, 13267, 6248, 785, 11789, 10596, 8974, 121, 2093, 3408, 5711, 8857, 1998, 700, 4530, 8847, 4794, 3094, 6441, 3904, 7558, 12549, 11526, 5884, 13737, 6097, 3937, 6956, 14007, 11620, 14742, 11391, 6984, 9170, 8171, 13532, 6841, 15004, 10047, 12225, 2666, 10636, 7333, 2023, 7421, 5370, 7703, 8234, 14096, 13914, 10738, 11161, 1650, 1406, 11090, 8233, 10779, 7831, 3255, 8947, 10269, 157, 1265, 7540, 14825, 206, 14151, 14060, 4481, 8637, 13187, 3475, 9308, 7658, 5807, 10960, 8823, 14870, 13527, 2776, 14872, 9356, 2787, 9210, 7331, 11767, 1795, 7694, 3576, 11925, 3559, 8112, 4407, 1685, 5217, 14134]",5450,100,3,False,100
4404,order,order,16,True,True,True,"{104: 2, 115: 2, 87: 1, 65: 2, 11: 1, 31: 2, 69: 3, 97: 3, 32: 1, 17: 1, 128: 1, 18: 1, 146: 1, 142: 1, 41: 1, 23: 1, 114: 1, 129: 1, 53: 3, 42: 1, 112: 1, 132: 1, 119: 1, 25: 3, 100: 1, 149: 1, 126: 2, 148: 1, 8: 2, 67: 1, 47: 1, 27: 1, 46: 1, 52: 1, 91: 2, 94: 1, 28: 1, 9: 1, 14: 1, 120: 2, 79: 1, 74: 1, 70: 1, 48: 1, 26: 2, 62: 2, 82: 1, 122: 1, 80: 1, 39: 1, 133: 1, 103: 1, 55: 1, 89: 1, 60: 1, 5: 1, 75: 1, 96: 1, 83: 1, 108: 1, 15: 1, 35: 1, 140: 1, 118: 1, 16: 1, 107: 1, 71: 1, 43: 1, 33: 1, 57: 1, 19: 1, 110: 1, 30: 1, 10: 1, 99: 1, 20: 1, 68: 1, 77: 1, 59: 1, 137: 1, 78: 1, 1: 1}","[4704, 3062, 13685, 4895, 2, 13267, 6248, 785, 11789, 10596, 8974, 121, 2093, 3408, 5711, 8857, 1998, 700, 4530, 8847, 4794, 3094, 6441, 3904, 7558, 12549, 11526, 5884, 13737, 6097, 3937, 6956, 14007, 11620, 14742, 11391, 6984, 9170, 8171, 13532, 6841, 15004, 10047, 12225, 2666, 10636, 7333, 2023, 7421, 5370, 7703, 8234, 14096, 13914, 10738, 11161, 1650, 1406, 11090, 8233, 10779, 7831, 3255, 8947, 10269, 157, 1265, 7540, 14825, 206, 14151, 14060, 4481, 8637, 13187, 3475, 9308, 7658, 5807, 10960, 8823, 14870, 13527, 2776, 14872, 9356, 2787, 9210, 7331, 11767, 1795, 7694, 3576, 11925, 3559, 8112, 4407, 1685, 5217, 14134]",4404,100,3,False,100
4139,cancel reservation,cancel res,67,True,True,False,"{104: 2, 115: 2, 87: 1, 65: 2, 11: 1, 31: 2, 69: 3, 97: 3, 32: 1, 17: 1, 128: 1, 18: 1, 146: 1, 142: 1, 41: 1, 23: 1, 114: 1, 129: 1, 53: 3, 42: 1, 112: 1, 132: 1, 119: 1, 25: 3, 100: 1, 149: 1, 126: 2, 148: 1, 8: 2, 67: 1, 47: 1, 27: 1, 46: 1, 52: 1, 91: 2, 94: 1, 28: 1, 9: 1, 14: 1, 120: 2, 79: 1, 74: 1, 70: 1, 48: 1, 26: 2, 62: 2, 82: 1, 122: 1, 80: 1, 39: 1, 133: 1, 103: 1, 55: 1, 89: 1, 60: 1, 5: 1, 75: 1, 96: 1, 83: 1, 108: 1, 15: 1, 35: 1, 140: 1, 118: 1, 16: 1, 107: 1, 71: 1, 43: 1, 33: 1, 57: 1, 19: 1, 110: 1, 30: 1, 10: 1, 99: 1, 20: 1, 68: 1, 77: 1, 59: 1, 137: 1, 78: 1, 1: 1}","[4704, 3062, 13685, 4895, 2, 13267, 6248, 785, 11789, 10596, 8974, 121, 2093, 3408, 5711, 8857, 1998, 700, 4530, 8847, 4794, 3094, 6441, 3904, 7558, 12549, 11526, 5884, 13737, 6097, 3937, 6956, 14007, 11620, 14742, 11391, 6984, 9170, 8171, 13532, 6841, 15004, 10047, 12225, 2666, 10636, 7333, 2023, 7421, 5370, 7703, 8234, 14096, 13914, 10738, 11161, 1650, 1406, 11090, 8233, 10779, 7831, 3255, 8947, 10269, 157, 1265, 7540, 14825, 206, 14151, 14060, 4481, 8637, 13187, 3475, 9308, 7658, 5807, 10960, 8823, 14870, 13527, 2776, 14872, 9356, 2787, 9210, 7331, 11767, 1795, 7694, 3576, 11925, 3559, 8112, 4407, 1685, 5217, 14134]",4139,100,3,False,100
1766,how old are you,calcul,138,False,False,False,"{104: 2, 115: 2, 87: 1, 65: 2, 11: 1, 31: 2, 69: 3, 97: 3, 32: 1, 17: 1, 128: 1, 18: 1, 146: 1, 142: 1, 41: 1, 23: 1, 114: 1, 129: 1, 53: 3, 42: 1, 112: 1, 132: 1, 119: 1, 25: 3, 100: 1, 149: 1, 126: 2, 148: 1, 8: 2, 67: 1, 47: 1, 27: 1, 46: 1, 52: 1, 91: 2, 94: 1, 28: 1, 9: 1, 14: 1, 120: 2, 79: 1, 74: 1, 70: 1, 48: 1, 26: 2, 62: 2, 82: 1, 122: 1, 80: 1, 39: 1, 133: 1, 103: 1, 55: 1, 89: 1, 60: 1, 5: 1, 75: 1, 96: 1, 83: 1, 108: 1, 15: 1, 35: 1, 140: 1, 118: 1, 16: 1, 107: 1, 71: 1, 43: 1, 33: 1, 57: 1, 19: 1, 110: 1, 30: 1, 10: 1, 99: 1, 20: 1, 68: 1, 77: 1, 59: 1, 137: 1, 78: 1, 1: 1}","[4704, 3062, 13685, 4895, 2, 13267, 6248, 785, 11789, 10596, 8974, 121, 2093, 3408, 5711, 8857, 1998, 700, 4530, 8847, 4794, 3094, 6441, 3904, 7558, 12549, 11526, 5884, 13737, 6097, 3937, 6956, 14007, 11620, 14742, 11391, 6984, 9170, 8171, 13532, 6841, 15004, 10047, 12225, 2666, 10636, 7333, 2023, 7421, 5370, 7703, 8234, 14096, 13914, 10738, 11161, 1650, 1406, 11090, 8233, 10779, 7831, 3255, 8947, 10269, 157, 1265, 7540, 14825, 206, 14151, 14060, 4481, 8637, 13187, 3475, 9308, 7658, 5807, 10960, 8823, 14870, 13527, 2776, 14872, 9356, 2787, 9210, 7331, 11767, 1795, 7694, 3576, 11925, 3559, 8112, 4407, 1685, 5217, 14134]",1766,100,3,False,100
2543,gas type,gas type,8,True,True,True,"{104: 2, 115: 2, 87: 1, 65: 2, 11: 1, 31: 2, 69: 3, 97: 3, 32: 1, 17: 1, 128: 1, 18: 1, 146: 1, 142: 1, 41: 1, 23: 1, 114: 1, 129: 1, 53: 3, 42: 1, 112: 1, 132: 1, 119: 1, 25: 3, 100: 1, 149: 1, 126: 2, 148: 1, 8: 2, 67: 1, 47: 1, 27: 1, 46: 1, 52: 1, 91: 2, 94: 1, 28: 1, 9: 1, 14: 1, 120: 2, 79: 1, 74: 1, 70: 1, 48: 1, 26: 2, 62: 2, 82: 1, 122: 1, 80: 1, 39: 1, 133: 1, 103: 1, 55: 1, 89: 1, 60: 1, 5: 1, 75: 1, 96: 1, 83: 1, 108: 1, 15: 1, 35: 1, 140: 1, 118: 1, 16: 1, 107: 1, 71: 1, 43: 1, 33: 1, 57: 1, 19: 1, 110: 1, 30: 1, 10: 1, 99: 1, 20: 1, 68: 1, 77: 1, 59: 1, 137: 1, 78: 1, 1: 1}","[4704, 3062, 13685, 4895, 2, 13267, 6248, 785, 11789, 10596, 8974, 121, 2093, 3408, 5711, 8857, 1998, 700, 4530, 8847, 4794, 3094, 6441, 3904, 7558, 12549, 11526, 5884, 13737, 6097, 3937, 6956, 14007, 11620, 14742, 11391, 6984, 9170, 8171, 13532, 6841, 15004, 10047, 12225, 2666, 10636, 7333, 2023, 7421, 5370, 7703, 8234, 14096, 13914, 10738, 11161, 1650, 1406, 11090, 8233, 10779, 7831, 3255, 8947, 10269, 157, 1265, 7540, 14825, 206, 14151, 14060, 4481, 8637, 13187, 3475, 9308, 7658, 5807, 10960, 8823, 14870, 13527, 2776, 14872, 9356, 2787, 9210, 7331, 11767, 1795, 7694, 3576, 11925, 3559, 8112, 4407, 1685, 5217, 14134]",2543,100,3,False,100
3304,bill balance,min,143,False,False,True,"{104: 2, 115: 2, 87: 1, 65: 2, 11: 1, 31: 2, 69: 3, 97: 3, 32: 1, 17: 1, 128: 1, 18: 1, 146: 1, 142: 1, 41: 1, 23: 1, 114: 1, 129: 1, 53: 3, 42: 1, 112: 1, 132: 1, 119: 1, 25: 3, 100: 1, 149: 1, 126: 2, 148: 1, 8: 2, 67: 1, 47: 1, 27: 1, 46: 1, 52: 1, 91: 2, 94: 1, 28: 1, 9: 1, 14: 1, 120: 2, 79: 1, 74: 1, 70: 1, 48: 1, 26: 2, 62: 2, 82: 1, 122: 1, 80: 1, 39: 1, 133: 1, 103: 1, 55: 1, 89: 1, 60: 1, 5: 1, 75: 1, 96: 1, 83: 1, 108: 1, 15: 1, 35: 1, 140: 1, 118: 1, 16: 1, 107: 1, 71: 1, 43: 1, 33: 1, 57: 1, 19: 1, 110: 1, 30: 1, 10: 1, 99: 1, 20: 1, 68: 1, 77: 1, 59: 1, 137: 1, 78: 1, 1: 1}","[4704, 3062, 13685, 4895, 2, 13267, 6248, 785, 11789, 10596, 8974, 121, 2093, 3408, 5711, 8857, 1998, 700, 4530, 8847, 4794, 3094, 6441, 3904, 7558, 12549, 11526, 5884, 13737, 6097, 3937, 6956, 14007, 11620, 14742, 11391, 6984, 9170, 8171, 13532, 6841, 15004, 10047, 12225, 2666, 10636, 7333, 2023, 7421, 5370, 7703, 8234, 14096, 13914, 10738, 11161, 1650, 1406, 11090, 8233, 10779, 7831, 3255, 8947, 10269, 157, 1265, 7540, 14825, 206, 14151, 14060, 4481, 8637, 13187, 3475, 9308, 7658, 5807, 10960, 8823, 14870, 13527, 2776, 14872, 9356, 2787, 9210, 7331, 11767, 1795, 7694, 3576, 11925, 3559, 8112, 4407, 1685, 5217, 14134]",3304,100,3,False,100
278,credit score,improve,28,True,False,True,"{104: 2, 115: 2, 87: 1, 65: 2, 11: 1, 31: 2, 69: 3, 97: 3, 32: 1, 17: 1, 128: 1, 18: 1, 146: 1, 142: 1, 41: 1, 23: 1, 114: 1, 129: 1, 53: 3, 42: 1, 112: 1, 132: 1, 119: 1, 25: 3, 100: 1, 149: 1, 126: 2, 148: 1, 8: 2, 67: 1, 47: 1, 27: 1, 46: 1, 52: 1, 91: 2, 94: 1, 28: 1, 9: 1, 14: 1, 120: 2, 79: 1, 74: 1, 70: 1, 48: 1, 26: 2, 62: 2, 82: 1, 122: 1, 80: 1, 39: 1, 133: 1, 103: 1, 55: 1, 89: 1, 60: 1, 5: 1, 75: 1, 96: 1, 83: 1, 108: 1, 15: 1, 35: 1, 140: 1, 118: 1, 16: 1, 107: 1, 71: 1, 43: 1, 33: 1, 57: 1, 19: 1, 110: 1, 30: 1, 10: 1, 99: 1, 20: 1, 68: 1, 77: 1, 59: 1, 137: 1, 78: 1, 1: 1}","[4704, 3062, 13685, 4895, 2, 13267, 6248, 785, 11789, 10596, 8974, 121, 2093, 3408, 5711, 8857, 1998, 700, 4530, 8847, 4794, 3094, 6441, 3904, 7558, 12549, 11526, 5884, 13737, 6097, 3937, 6956, 14007, 11620, 14742, 11391, 6984, 9170, 8171, 13532, 6841, 15004, 10047, 12225, 2666, 10636, 7333, 2023, 7421, 5370, 7703, 8234, 14096, 13914, 10738, 11161, 1650, 1406, 11090, 8233, 10779, 7831, 3255, 8947, 10269, 157, 1265, 7540, 14825, 206, 14151, 14060, 4481, 8637, 13187, 3475, 9308, 7658, 5807, 10960, 8823, 14870, 13527, 2776, 14872, 9356, 2787, 9210, 7331, 11767, 1795, 7694, 3576, 11925, 3559, 8112, 4407, 1685, 5217, 14134]",278,100,3,False,100
1008,next song,next song,118,True,True,True,"{104: 2, 115: 2, 87: 1, 65: 2, 11: 1, 31: 2, 69: 3, 97: 3, 32: 1, 17: 1, 128: 1, 18: 1, 146: 1, 142: 1, 41: 1, 23: 1, 114: 1, 129: 1, 53: 3, 42: 1, 112: 1, 132: 1, 119: 1, 25: 3, 100: 1, 149: 1, 126: 2, 148: 1, 8: 2, 67: 1, 47: 1, 27: 1, 46: 1, 52: 1, 91: 2, 94: 1, 28: 1, 9: 1, 14: 1, 120: 2, 79: 1, 74: 1, 70: 1, 48: 1, 26: 2, 62: 2, 82: 1, 122: 1, 80: 1, 39: 1, 133: 1, 103: 1, 55: 1, 89: 1, 60: 1, 5: 1, 75: 1, 96: 1, 83: 1, 108: 1, 15: 1, 35: 1, 140: 1, 118: 1, 16: 1, 107: 1, 71: 1, 43: 1, 33: 1, 57: 1, 19: 1, 110: 1, 30: 1, 10: 1, 99: 1, 20: 1, 68: 1, 77: 1, 59: 1, 137: 1, 78: 1, 1: 1}","[4704, 3062, 13685, 4895, 2, 13267, 6248, 785, 11789, 10596, 8974, 121, 2093, 3408, 5711, 8857, 1998, 700, 4530, 8847, 4794, 3094, 6441, 3904, 7558, 12549, 11526, 5884, 13737, 6097, 3937, 6956, 14007, 11620, 14742, 11391, 6984, 9170, 8171, 13532, 6841, 15004, 10047, 12225, 2666, 10636, 7333, 2023, 7421, 5370, 7703, 8234, 14096, 13914, 10738, 11161, 1650, 1406, 11090, 8233, 10779, 7831, 3255, 8947, 10269, 157, 1265, 7540, 14825, 206, 14151, 14060, 4481, 8637, 13187, 3475, 9308, 7658, 5807, 10960, 8823, 14870, 13527, 2776, 14872, 9356, 2787, 9210, 7331, 11767, 1795, 7694, 3576, 11925, 3559, 8112, 4407, 1685, 5217, 14134]",1008,100,3,False,100
978,timezone,timezone,66,False,True,False,"{104: 2, 115: 2, 87: 1, 65: 2, 11: 1, 31: 2, 69: 3, 97: 3, 32: 1, 17: 1, 128: 1, 18: 1, 146: 1, 142: 1, 41: 1, 23: 1, 114: 1, 129: 1, 53: 3, 42: 1, 112: 1, 132: 1, 119: 1, 25: 3, 100: 1, 149: 1, 126: 2, 148: 1, 8: 2, 67: 1, 47: 1, 27: 1, 46: 1, 52: 1, 91: 2, 94: 1, 28: 1, 9: 1, 14: 1, 120: 2, 79: 1, 74: 1, 70: 1, 48: 1, 26: 2, 62: 2, 82: 1, 122: 1, 80: 1, 39: 1, 133: 1, 103: 1, 55: 1, 89: 1, 60: 1, 5: 1, 75: 1, 96: 1, 83: 1, 108: 1, 15: 1, 35: 1, 140: 1, 118: 1, 16: 1, 107: 1, 71: 1, 43: 1, 33: 1, 57: 1, 19: 1, 110: 1, 30: 1, 10: 1, 99: 1, 20: 1, 68: 1, 77: 1, 59: 1, 137: 1, 78: 1, 1: 1}","[4704, 3062, 13685, 4895, 2, 13267, 6248, 785, 11789, 10596, 8974, 121, 2093, 3408, 5711, 8857, 1998, 700, 4530, 8847, 4794, 3094, 6441, 3904, 7558, 12549, 11526, 5884, 13737, 6097, 3937, 6956, 14007, 11620, 14742, 11391, 6984, 9170, 8171, 13532, 6841, 15004, 10047, 12225, 2666, 10636, 7333, 2023, 7421, 5370, 7703, 8234, 14096, 13914, 10738, 11161, 1650, 1406, 11090, 8233, 10779, 7831, 3255, 8947, 10269, 157, 1265, 7540, 14825, 206, 14151, 14060, 4481, 8637, 13187, 3475, 9308, 7658, 5807, 10960, 8823, 14870, 13527, 2776, 14872, 9356, 2787, 9210, 7331, 11767, 1795, 7694, 3576, 11925, 3559, 8112, 4407, 1685, 5217, 14134]",978,100,3,False,100
3787,shopping list,shopping list,43,True,True,True,"{104: 2, 115: 2, 87: 1, 65: 2, 11: 1, 31: 2, 69: 3, 97: 3, 32: 1, 17: 1, 128: 1, 18: 1, 146: 1, 142: 1, 41: 1, 23: 1, 114: 1, 129: 1, 53: 3, 42: 1, 112: 1, 132: 1, 119: 1, 25: 3, 100: 1, 149: 1, 126: 2, 148: 1, 8: 2, 67: 1, 47: 1, 27: 1, 46: 1, 52: 1, 91: 2, 94: 1, 28: 1, 9: 1, 14: 1, 120: 2, 79: 1, 74: 1, 70: 1, 48: 1, 26: 2, 62: 2, 82: 1, 122: 1, 80: 1, 39: 1, 133: 1, 103: 1, 55: 1, 89: 1, 60: 1, 5: 1, 75: 1, 96: 1, 83: 1, 108: 1, 15: 1, 35: 1, 140: 1, 118: 1, 16: 1, 107: 1, 71: 1, 43: 1, 33: 1, 57: 1, 19: 1, 110: 1, 30: 1, 10: 1, 99: 1, 20: 1, 68: 1, 77: 1, 59: 1, 137: 1, 78: 1, 1: 1}","[4704, 3062, 13685, 4895, 2, 13267, 6248, 785, 11789, 10596, 8974, 121, 2093, 3408, 5711, 8857, 1998, 700, 4530, 8847, 4794, 3094, 6441, 3904, 7558, 12549, 11526, 5884, 13737, 6097, 3937, 6956, 14007, 11620, 14742, 11391, 6984, 9170, 8171, 13532, 6841, 15004, 10047, 12225, 2666, 10636, 7333, 2023, 7421, 5370, 7703, 8234, 14096, 13914, 10738, 11161, 1650, 1406, 11090, 8233, 10779, 7831, 3255, 8947, 10269, 157, 1265, 7540, 14825, 206, 14151, 14060, 4481, 8637, 13187, 3475, 9308, 7658, 5807, 10960, 8823, 14870, 13527, 2776, 14872, 9356, 2787, 9210, 7331, 11767, 1795, 7694, 3576, 11925, 3559, 8112, 4407, 1685, 5217, 14134]",3787,100,3,False,100
859,rollover 401k,rol,100,True,True,False,"{104: 2, 115: 2, 87: 1, 65: 2, 11: 1, 31: 2, 69: 3, 97: 3, 32: 1, 17: 1, 128: 1, 18: 1, 146: 1, 142: 1, 41: 1, 23: 1, 114: 1, 129: 1, 53: 3, 42: 1, 112: 1, 132: 1, 119: 1, 25: 3, 100: 1, 149: 1, 126: 2, 148: 1, 8: 2, 67: 1, 47: 1, 27: 1, 46: 1, 52: 1, 91: 2, 94: 1, 28: 1, 9: 1, 14: 1, 120: 2, 79: 1, 74: 1, 70: 1, 48: 1, 26: 2, 62: 2, 82: 1, 122: 1, 80: 1, 39: 1, 133: 1, 103: 1, 55: 1, 89: 1, 60: 1, 5: 1, 75: 1, 96: 1, 83: 1, 108: 1, 15: 1, 35: 1, 140: 1, 118: 1, 16: 1, 107: 1, 71: 1, 43: 1, 33: 1, 57: 1, 19: 1, 110: 1, 30: 1, 10: 1, 99: 1, 20: 1, 68: 1, 77: 1, 59: 1, 137: 1, 78: 1, 1: 1}","[4704, 3062, 13685, 4895, 2, 13267, 6248, 785, 11789, 10596, 8974, 121, 2093, 3408, 5711, 8857, 1998, 700, 4530, 8847, 4794, 3094, 6441, 3904, 7558, 12549, 11526, 5884, 13737, 6097, 3937, 6956, 14007, 11620, 14742, 11391, 6984, 9170, 8171, 13532, 6841, 15004, 10047, 12225, 2666, 10636, 7333, 2023, 7421, 5370, 7703, 8234, 14096, 13914, 10738, 11161, 1650, 1406, 11090, 8233, 10779, 7831, 3255, 8947, 10269, 157, 1265, 7540, 14825, 206, 14151, 14060, 4481, 8637, 13187, 3475, 9308, 7658, 5807, 10960, 8823, 14870, 13527, 2776, 14872, 9356, 2787, 9210, 7331, 11767, 1795, 7694, 3576, 11925, 3559, 8112, 4407, 1685, 5217, 14134]",859,100,3,False,100
5414,find phone,o,42,True,False,False,"{104: 2, 115: 2, 87: 1, 65: 2, 11: 1, 31: 2, 69: 3, 97: 3, 32: 1, 17: 1, 128: 1, 18: 1, 146: 1, 142: 1, 41: 1, 23: 1, 114: 1, 129: 1, 53: 3, 42: 1, 112: 1, 132: 1, 119: 1, 25: 3, 100: 1, 149: 1, 126: 2, 148: 1, 8: 2, 67: 1, 47: 1, 27: 1, 46: 1, 52: 1, 91: 2, 94: 1, 28: 1, 9: 1, 14: 1, 120: 2, 79: 1, 74: 1, 70: 1, 48: 1, 26: 2, 62: 2, 82: 1, 122: 1, 80: 1, 39: 1, 133: 1, 103: 1, 55: 1, 89: 1, 60: 1, 5: 1, 75: 1, 96: 1, 83: 1, 108: 1, 15: 1, 35: 1, 140: 1, 118: 1, 16: 1, 107: 1, 71: 1, 43: 1, 33: 1, 57: 1, 19: 1, 110: 1, 30: 1, 10: 1, 99: 1, 20: 1, 68: 1, 77: 1, 59: 1, 137: 1, 78: 1, 1: 1}","[4704, 3062, 13685, 4895, 2, 13267, 6248, 785, 11789, 10596, 8974, 121, 2093, 3408, 5711, 8857, 1998, 700, 4530, 8847, 4794, 3094, 6441, 3904, 7558, 12549, 11526, 5884, 13737, 6097, 3937, 6956, 14007, 11620, 14742, 11391, 6984, 9170, 8171, 13532, 6841, 15004, 10047, 12225, 2666, 10636, 7333, 2023, 7421, 5370, 7703, 8234, 14096, 13914, 10738, 11161, 1650, 1406, 11090, 8233, 10779, 7831, 3255, 8947, 10269, 157, 1265, 7540, 14825, 206, 14151, 14060, 4481, 8637, 13187, 3475, 9308, 7658, 5807, 10960, 8823, 14870, 13527, 2776, 14872, 9356, 2787, 9210, 7331, 11767, 1795, 7694, 3576, 11925, 3559, 8112, 4407, 1685, 5217, 14134]",5414,100,3,False,100
3376,cancel,cancel,147,False,True,False,"{104: 2, 115: 2, 87: 1, 65: 2, 11: 1, 31: 2, 69: 3, 97: 3, 32: 1, 17: 1, 128: 1, 18: 1, 146: 1, 142: 1, 41: 1, 23: 1, 114: 1, 129: 1, 53: 3, 42: 1, 112: 1, 132: 1, 119: 1, 25: 3, 100: 1, 149: 1, 126: 2, 148: 1, 8: 2, 67: 1, 47: 1, 27: 1, 46: 1, 52: 1, 91: 2, 94: 1, 28: 1, 9: 1, 14: 1, 120: 2, 79: 1, 74: 1, 70: 1, 48: 1, 26: 2, 62: 2, 82: 1, 122: 1, 80: 1, 39: 1, 133: 1, 103: 1, 55: 1, 89: 1, 60: 1, 5: 1, 75: 1, 96: 1, 83: 1, 108: 1, 15: 1, 35: 1, 140: 1, 118: 1, 16: 1, 107: 1, 71: 1, 43: 1, 33: 1, 57: 1, 19: 1, 110: 1, 30: 1, 10: 1, 99: 1, 20: 1, 68: 1, 77: 1, 59: 1, 137: 1, 78: 1, 1: 1}","[4704, 3062, 13685, 4895, 2, 13267, 6248, 785, 11789, 10596, 8974, 121, 2093, 3408, 5711, 8857, 1998, 700, 4530, 8847, 4794, 3094, 6441, 3904, 7558, 12549, 11526, 5884, 13737, 6097, 3937, 6956, 14007, 11620, 14742, 11391, 6984, 9170, 8171, 13532, 6841, 15004, 10047, 12225, 2666, 10636, 7333, 2023, 7421, 5370, 7703, 8234, 14096, 13914, 10738, 11161, 1650, 1406, 11090, 8233, 10779, 7831, 3255, 8947, 10269, 157, 1265, 7540, 14825, 206, 14151, 14060, 4481, 8637, 13187, 3475, 9308, 7658, 5807, 10960, 8823, 14870, 13527, 2776, 14872, 9356, 2787, 9210, 7331, 11767, 1795, 7694, 3576, 11925, 3559, 8112, 4407, 1685, 5217, 14134]",3376,100,3,False,100
3175,oos,smart,10,True,False,False,"{104: 2, 115: 2, 87: 1, 65: 2, 11: 1, 31: 2, 69: 3, 97: 3, 32: 1, 17: 1, 128: 1, 18: 1, 146: 1, 142: 1, 41: 1, 23: 1, 114: 1, 129: 1, 53: 3, 42: 1, 112: 1, 132: 1, 119: 1, 25: 3, 100: 1, 149: 1, 126: 2, 148: 1, 8: 2, 67: 1, 47: 1, 27: 1, 46: 1, 52: 1, 91: 2, 94: 1, 28: 1, 9: 1, 14: 1, 120: 2, 79: 1, 74: 1, 70: 1, 48: 1, 26: 2, 62: 2, 82: 1, 122: 1, 80: 1, 39: 1, 133: 1, 103: 1, 55: 1, 89: 1, 60: 1, 5: 1, 75: 1, 96: 1, 83: 1, 108: 1, 15: 1, 35: 1, 140: 1, 118: 1, 16: 1, 107: 1, 71: 1, 43: 1, 33: 1, 57: 1, 19: 1, 110: 1, 30: 1, 10: 1, 99: 1, 20: 1, 68: 1, 77: 1, 59: 1, 137: 1, 78: 1, 1: 1}","[4704, 3062, 13685, 4895, 2, 13267, 6248, 785, 11789, 10596, 8974, 121, 2093, 3408, 5711, 8857, 1998, 700, 4530, 8847, 4794, 3094, 6441, 3904, 7558, 12549, 11526, 5884, 13737, 6097, 3937, 6956, 14007, 11620, 14742, 11391, 6984, 9170, 8171, 13532, 6841, 15004, 10047, 12225, 2666, 10636, 7333, 2023, 7421, 5370, 7703, 8234, 14096, 13914, 10738, 11161, 1650, 1406, 11090, 8233, 10779, 7831, 3255, 8947, 10269, 157, 1265, 7540, 14825, 206, 14151, 14060, 4481, 8637, 13187, 3475, 9308, 7658, 5807, 10960, 8823, 14870, 13527, 2776, 14872, 9356, 2787, 9210, 7331, 11767, 1795, 7694, 3576, 11925, 3559, 8112, 4407, 1685, 5217, 14134]",3175,100,3,False,100
2200,alarm,alarm,83,True,True,True,"{104: 2, 115: 2, 87: 1, 65: 2, 11: 1, 31: 2, 69: 3, 97: 3, 32: 1, 17: 1, 128: 1, 18: 1, 146: 1, 142: 1, 41: 1, 23: 1, 114: 1, 129: 1, 53: 3, 42: 1, 112: 1, 132: 1, 119: 1, 25: 3, 100: 1, 149: 1, 126: 2, 148: 1, 8: 2, 67: 1, 47: 1, 27: 1, 46: 1, 52: 1, 91: 2, 94: 1, 28: 1, 9: 1, 14: 1, 120: 2, 79: 1, 74: 1, 70: 1, 48: 1, 26: 2, 62: 2, 82: 1, 122: 1, 80: 1, 39: 1, 133: 1, 103: 1, 55: 1, 89: 1, 60: 1, 5: 1, 75: 1, 96: 1, 83: 1, 108: 1, 15: 1, 35: 1, 140: 1, 118: 1, 16: 1, 107: 1, 71: 1, 43: 1, 33: 1, 57: 1, 19: 1, 110: 1, 30: 1, 10: 1, 99: 1, 20: 1, 68: 1, 77: 1, 59: 1, 137: 1, 78: 1, 1: 1}","[4704, 3062, 13685, 4895, 2, 13267, 6248, 785, 11789, 10596, 8974, 121, 2093, 3408, 5711, 8857, 1998, 700, 4530, 8847, 4794, 3094, 6441, 3904, 7558, 12549, 11526, 5884, 13737, 6097, 3937, 6956, 14007, 11620, 14742, 11391, 6984, 9170, 8171, 13532, 6841, 15004, 10047, 12225, 2666, 10636, 7333, 2023, 7421, 5370, 7703, 8234, 14096, 13914, 10738, 11161, 1650, 1406, 11090, 8233, 10779, 7831, 3255, 8947, 10269, 157, 1265, 7540, 14825, 206, 14151, 14060, 4481, 8637, 13187, 3475, 9308, 7658, 5807, 10960, 8823, 14870, 13527, 2776, 14872, 9356, 2787, 9210, 7331, 11767, 1795, 7694, 3576, 11925, 3559, 8112, 4407, 1685, 5217, 14134]",2200,100,3,False,100
365,payday,payday,79,True,True,True,"{104: 2, 115: 2, 87: 1, 65: 2, 11: 1, 31: 2, 69: 3, 97: 3, 32: 1, 17: 1, 128: 1, 18: 1, 146: 1, 142: 1, 41: 1, 23: 1, 114: 1, 129: 1, 53: 3, 42: 1, 112: 1, 132: 1, 119: 1, 25: 3, 100: 1, 149: 1, 126: 2, 148: 1, 8: 2, 67: 1, 47: 1, 27: 1, 46: 1, 52: 1, 91: 2, 94: 1, 28: 1, 9: 1, 14: 1, 120: 2, 79: 1, 74: 1, 70: 1, 48: 1, 26: 2, 62: 2, 82: 1, 122: 1, 80: 1, 39: 1, 133: 1, 103: 1, 55: 1, 89: 1, 60: 1, 5: 1, 75: 1, 96: 1, 83: 1, 108: 1, 15: 1, 35: 1, 140: 1, 118: 1, 16: 1, 107: 1, 71: 1, 43: 1, 33: 1, 57: 1, 19: 1, 110: 1, 30: 1, 10: 1, 99: 1, 20: 1, 68: 1, 77: 1, 59: 1, 137: 1, 78: 1, 1: 1}","[4704, 3062, 13685, 4895, 2, 13267, 6248, 785, 11789, 10596, 8974, 121, 2093, 3408, 5711, 8857, 1998, 700, 4530, 8847, 4794, 3094, 6441, 3904, 7558, 12549, 11526, 5884, 13737, 6097, 3937, 6956, 14007, 11620, 14742, 11391, 6984, 9170, 8171, 13532, 6841, 15004, 10047, 12225, 2666, 10636, 7333, 2023, 7421, 5370, 7703, 8234, 14096, 13914, 10738, 11161, 1650, 1406, 11090, 8233, 10779, 7831, 3255, 8947, 10269, 157, 1265, 7540, 14825, 206, 14151, 14060, 4481, 8637, 13187, 3475, 9308, 7658, 5807, 10960, 8823, 14870, 13527, 2776, 14872, 9356, 2787, 9210, 7331, 11767, 1795, 7694, 3576, 11925, 3559, 8112, 4407, 1685, 5217, 14134]",365,100,3,False,100
5495,where are you from,o,42,True,False,False,"{104: 2, 115: 2, 87: 1, 65: 2, 11: 1, 31: 2, 69: 3, 97: 3, 32: 1, 17: 1, 128: 1, 18: 1, 146: 1, 142: 1, 41: 1, 23: 1, 114: 1, 129: 1, 53: 3, 42: 1, 112: 1, 132: 1, 119: 1, 25: 3, 100: 1, 149: 1, 126: 2, 148: 1, 8: 2, 67: 1, 47: 1, 27: 1, 46: 1, 52: 1, 91: 2, 94: 1, 28: 1, 9: 1, 14: 1, 120: 2, 79: 1, 74: 1, 70: 1, 48: 1, 26: 2, 62: 2, 82: 1, 122: 1, 80: 1, 39: 1, 133: 1, 103: 1, 55: 1, 89: 1, 60: 1, 5: 1, 75: 1, 96: 1, 83: 1, 108: 1, 15: 1, 35: 1, 140: 1, 118: 1, 16: 1, 107: 1, 71: 1, 43: 1, 33: 1, 57: 1, 19: 1, 110: 1, 30: 1, 10: 1, 99: 1, 20: 1, 68: 1, 77: 1, 59: 1, 137: 1, 78: 1, 1: 1}","[4704, 3062, 13685, 4895, 2, 13267, 6248, 785, 11789, 10596, 8974, 121, 2093, 3408, 5711, 8857, 1998, 700, 4530, 8847, 4794, 3094, 6441, 3904, 7558, 12549, 11526, 5884, 13737, 6097, 3937, 6956, 14007, 11620, 14742, 11391, 6984, 9170, 8171, 13532, 6841, 15004, 10047, 12225, 2666, 10636, 7333, 2023, 7421, 5370, 7703, 8234, 14096, 13914, 10738, 11161, 1650, 1406, 11090, 8233, 10779, 7831, 3255, 8947, 10269, 157, 1265, 7540, 14825, 206, 14151, 14060, 4481, 8637, 13187, 3475, 9308, 7658, 5807, 10960, 8823, 14870, 13527, 2776, 14872, 9356, 2787, 9210, 7331, 11767, 1795, 7694, 3576, 11925, 3559, 8112, 4407, 1685, 5217, 14134]",5495,100,3,False,100
1757,calculator,calcul,138,False,True,False,"{104: 2, 115: 2, 87: 1, 65: 2, 11: 1, 31: 2, 69: 3, 97: 3, 32: 1, 17: 1, 128: 1, 18: 1, 146: 1, 142: 1, 41: 1, 23: 1, 114: 1, 129: 1, 53: 3, 42: 1, 112: 1, 132: 1, 119: 1, 25: 3, 100: 1, 149: 1, 126: 2, 148: 1, 8: 2, 67: 1, 47: 1, 27: 1, 46: 1, 52: 1, 91: 2, 94: 1, 28: 1, 9: 1, 14: 1, 120: 2, 79: 1, 74: 1, 70: 1, 48: 1, 26: 2, 62: 2, 82: 1, 122: 1, 80: 1, 39: 1, 133: 1, 103: 1, 55: 1, 89: 1, 60: 1, 5: 1, 75: 1, 96: 1, 83: 1, 108: 1, 15: 1, 35: 1, 140: 1, 118: 1, 16: 1, 107: 1, 71: 1, 43: 1, 33: 1, 57: 1, 19: 1, 110: 1, 30: 1, 10: 1, 99: 1, 20: 1, 68: 1, 77: 1, 59: 1, 137: 1, 78: 1, 1: 1}","[4704, 3062, 13685, 4895, 2, 13267, 6248, 785, 11789, 10596, 8974, 121, 2093, 3408, 5711, 8857, 1998, 700, 4530, 8847, 4794, 3094, 6441, 3904, 7558, 12549, 11526, 5884, 13737, 6097, 3937, 6956, 14007, 11620, 14742, 11391, 6984, 9170, 8171, 13532, 6841, 15004, 10047, 12225, 2666, 10636, 7333, 2023, 7421, 5370, 7703, 8234, 14096, 13914, 10738, 11161, 1650, 1406, 11090, 8233, 10779, 7831, 3255, 8947, 10269, 157, 1265, 7540, 14825, 206, 14151, 14060, 4481, 8637, 13187, 3475, 9308, 7658, 5807, 10960, 8823, 14870, 13527, 2776, 14872, 9356, 2787, 9210, 7331, 11767, 1795, 7694, 3576, 11925, 3559, 8112, 4407, 1685, 5217, 14134]",1757,100,3,False,100
1904,travel notification,travel notification,146,True,True,True,"{104: 2, 115: 2, 87: 1, 65: 2, 11: 1, 31: 2, 69: 3, 97: 3, 32: 1, 17: 1, 128: 1, 18: 1, 146: 1, 142: 1, 41: 1, 23: 1, 114: 1, 129: 1, 53: 3, 42: 1, 112: 1, 132: 1, 119: 1, 25: 3, 100: 1, 149: 1, 126: 2, 148: 1, 8: 2, 67: 1, 47: 1, 27: 1, 46: 1, 52: 1, 91: 2, 94: 1, 28: 1, 9: 1, 14: 1, 120: 2, 79: 1, 74: 1, 70: 1, 48: 1, 26: 2, 62: 2, 82: 1, 122: 1, 80: 1, 39: 1, 133: 1, 103: 1, 55: 1, 89: 1, 60: 1, 5: 1, 75: 1, 96: 1, 83: 1, 108: 1, 15: 1, 35: 1, 140: 1, 118: 1, 16: 1, 107: 1, 71: 1, 43: 1, 33: 1, 57: 1, 19: 1, 110: 1, 30: 1, 10: 1, 99: 1, 20: 1, 68: 1, 77: 1, 59: 1, 137: 1, 78: 1, 1: 1}","[4704, 3062, 13685, 4895, 2, 13267, 6248, 785, 11789, 10596, 8974, 121, 2093, 3408, 5711, 8857, 1998, 700, 4530, 8847, 4794, 3094, 6441, 3904, 7558, 12549, 11526, 5884, 13737, 6097, 3937, 6956, 14007, 11620, 14742, 11391, 6984, 9170, 8171, 13532, 6841, 15004, 10047, 12225, 2666, 10636, 7333, 2023, 7421, 5370, 7703, 8234, 14096, 13914, 10738, 11161, 1650, 1406, 11090, 8233, 10779, 7831, 3255, 8947, 10269, 157, 1265, 7540, 14825, 206, 14151, 14060, 4481, 8637, 13187, 3475, 9308, 7658, 5807, 10960, 8823, 14870, 13527, 2776, 14872, 9356, 2787, 9210, 7331, 11767, 1795, 7694, 3576, 11925, 3559, 8112, 4407, 1685, 5217, 14134]",1904,100,3,False,100
2450,routing,routing,45,False,True,False,"{104: 2, 115: 2, 87: 1, 65: 2, 11: 1, 31: 2, 69: 3, 97: 3, 32: 1, 17: 1, 128: 1, 18: 1, 146: 1, 142: 1, 41: 1, 23: 1, 114: 1, 129: 1, 53: 3, 42: 1, 112: 1, 132: 1, 119: 1, 25: 3, 100: 1, 149: 1, 126: 2, 148: 1, 8: 2, 67: 1, 47: 1, 27: 1, 46: 1, 52: 1, 91: 2, 94: 1, 28: 1, 9: 1, 14: 1, 120: 2, 79: 1, 74: 1, 70: 1, 48: 1, 26: 2, 62: 2, 82: 1, 122: 1, 80: 1, 39: 1, 133: 1, 103: 1, 55: 1, 89: 1, 60: 1, 5: 1, 75: 1, 96: 1, 83: 1, 108: 1, 15: 1, 35: 1, 140: 1, 118: 1, 16: 1, 107: 1, 71: 1, 43: 1, 33: 1, 57: 1, 19: 1, 110: 1, 30: 1, 10: 1, 99: 1, 20: 1, 68: 1, 77: 1, 59: 1, 137: 1, 78: 1, 1: 1}","[4704, 3062, 13685, 4895, 2, 13267, 6248, 785, 11789, 10596, 8974, 121, 2093, 3408, 5711, 8857, 1998, 700, 4530, 8847, 4794, 3094, 6441, 3904, 7558, 12549, 11526, 5884, 13737, 6097, 3937, 6956, 14007, 11620, 14742, 11391, 6984, 9170, 8171, 13532, 6841, 15004, 10047, 12225, 2666, 10636, 7333, 2023, 7421, 5370, 7703, 8234, 14096, 13914, 10738, 11161, 1650, 1406, 11090, 8233, 10779, 7831, 3255, 8947, 10269, 157, 1265, 7540, 14825, 206, 14151, 14060, 4481, 8637, 13187, 3475, 9308, 7658, 5807, 10960, 8823, 14870, 13527, 2776, 14872, 9356, 2787, 9210, 7331, 11767, 1795, 7694, 3576, 11925, 3559, 8112, 4407, 1685, 5217, 14134]",2450,100,3,False,100
5082,how old are you,o,42,True,False,False,"{104: 2, 115: 2, 87: 1, 65: 2, 11: 1, 31: 2, 69: 3, 97: 3, 32: 1, 17: 1, 128: 1, 18: 1, 146: 1, 142: 1, 41: 1, 23: 1, 114: 1, 129: 1, 53: 3, 42: 1, 112: 1, 132: 1, 119: 1, 25: 3, 100: 1, 149: 1, 126: 2, 148: 1, 8: 2, 67: 1, 47: 1, 27: 1, 46: 1, 52: 1, 91: 2, 94: 1, 28: 1, 9: 1, 14: 1, 120: 2, 79: 1, 74: 1, 70: 1, 48: 1, 26: 2, 62: 2, 82: 1, 122: 1, 80: 1, 39: 1, 133: 1, 103: 1, 55: 1, 89: 1, 60: 1, 5: 1, 75: 1, 96: 1, 83: 1, 108: 1, 15: 1, 35: 1, 140: 1, 118: 1, 16: 1, 107: 1, 71: 1, 43: 1, 33: 1, 57: 1, 19: 1, 110: 1, 30: 1, 10: 1, 99: 1, 20: 1, 68: 1, 77: 1, 59: 1, 137: 1, 78: 1, 1: 1}","[4704, 3062, 13685, 4895, 2, 13267, 6248, 785, 11789, 10596, 8974, 121, 2093, 3408, 5711, 8857, 1998, 700, 4530, 8847, 4794, 3094, 6441, 3904, 7558, 12549, 11526, 5884, 13737, 6097, 3937, 6956, 14007, 11620, 14742, 11391, 6984, 9170, 8171, 13532, 6841, 15004, 10047, 12225, 2666, 10636, 7333, 2023, 7421, 5370, 7703, 8234, 14096, 13914, 10738, 11161, 1650, 1406, 11090, 8233, 10779, 7831, 3255, 8947, 10269, 157, 1265, 7540, 14825, 206, 14151, 14060, 4481, 8637, 13187, 3475, 9308, 7658, 5807, 10960, 8823, 14870, 13527, 2776, 14872, 9356, 2787, 9210, 7331, 11767, 1795, 7694, 3576, 11925, 3559, 8112, 4407, 1685, 5217, 14134]",5082,100,3,False,100
1247,card declined,new,91,True,False,False,"{104: 2, 115: 2, 87: 1, 65: 2, 11: 1, 31: 2, 69: 3, 97: 3, 32: 1, 17: 1, 128: 1, 18: 1, 146: 1, 142: 1, 41: 1, 23: 1, 114: 1, 129: 1, 53: 3, 42: 1, 112: 1, 132: 1, 119: 1, 25: 3, 100: 1, 149: 1, 126: 2, 148: 1, 8: 2, 67: 1, 47: 1, 27: 1, 46: 1, 52: 1, 91: 2, 94: 1, 28: 1, 9: 1, 14: 1, 120: 2, 79: 1, 74: 1, 70: 1, 48: 1, 26: 2, 62: 2, 82: 1, 122: 1, 80: 1, 39: 1, 133: 1, 103: 1, 55: 1, 89: 1, 60: 1, 5: 1, 75: 1, 96: 1, 83: 1, 108: 1, 15: 1, 35: 1, 140: 1, 118: 1, 16: 1, 107: 1, 71: 1, 43: 1, 33: 1, 57: 1, 19: 1, 110: 1, 30: 1, 10: 1, 99: 1, 20: 1, 68: 1, 77: 1, 59: 1, 137: 1, 78: 1, 1: 1}","[4704, 3062, 13685, 4895, 2, 13267, 6248, 785, 11789, 10596, 8974, 121, 2093, 3408, 5711, 8857, 1998, 700, 4530, 8847, 4794, 3094, 6441, 3904, 7558, 12549, 11526, 5884, 13737, 6097, 3937, 6956, 14007, 11620, 14742, 11391, 6984, 9170, 8171, 13532, 6841, 15004, 10047, 12225, 2666, 10636, 7333, 2023, 7421, 5370, 7703, 8234, 14096, 13914, 10738, 11161, 1650, 1406, 11090, 8233, 10779, 7831, 3255, 8947, 10269, 157, 1265, 7540, 14825, 206, 14151, 14060, 4481, 8637, 13187, 3475, 9308, 7658, 5807, 10960, 8823, 14870, 13527, 2776, 14872, 9356, 2787, 9210, 7331, 11767, 1795, 7694, 3576, 11925, 3559, 8112, 4407, 1685, 5217, 14134]",1247,100,3,False,100
3528,spelling,spelling,73,False,True,False,"{104: 2, 115: 2, 87: 1, 65: 2, 11: 1, 31: 2, 69: 3, 97: 3, 32: 1, 17: 1, 128: 1, 18: 1, 146: 1, 142: 1, 41: 1, 23: 1, 114: 1, 129: 1, 53: 3, 42: 1, 112: 1, 132: 1, 119: 1, 25: 3, 100: 1, 149: 1, 126: 2, 148: 1, 8: 2, 67: 1, 47: 1, 27: 1, 46: 1, 52: 1, 91: 2, 94: 1, 28: 1, 9: 1, 14: 1, 120: 2, 79: 1, 74: 1, 70: 1, 48: 1, 26: 2, 62: 2, 82: 1, 122: 1, 80: 1, 39: 1, 133: 1, 103: 1, 55: 1, 89: 1, 60: 1, 5: 1, 75: 1, 96: 1, 83: 1, 108: 1, 15: 1, 35: 1, 140: 1, 118: 1, 16: 1, 107: 1, 71: 1, 43: 1, 33: 1, 57: 1, 19: 1, 110: 1, 30: 1, 10: 1, 99: 1, 20: 1, 68: 1, 77: 1, 59: 1, 137: 1, 78: 1, 1: 1}","[4704, 3062, 13685, 4895, 2, 13267, 6248, 785, 11789, 10596, 8974, 121, 2093, 3408, 5711, 8857, 1998, 700, 4530, 8847, 4794, 3094, 6441, 3904, 7558, 12549, 11526, 5884, 13737, 6097, 3937, 6956, 14007, 11620, 14742, 11391, 6984, 9170, 8171, 13532, 6841, 15004, 10047, 12225, 2666, 10636, 7333, 2023, 7421, 5370, 7703, 8234, 14096, 13914, 10738, 11161, 1650, 1406, 11090, 8233, 10779, 7831, 3255, 8947, 10269, 157, 1265, 7540, 14825, 206, 14151, 14060, 4481, 8637, 13187, 3475, 9308, 7658, 5807, 10960, 8823, 14870, 13527, 2776, 14872, 9356, 2787, 9210, 7331, 11767, 1795, 7694, 3576, 11925, 3559, 8112, 4407, 1685, 5217, 14134]",3528,100,3,False,100
648,what can i ask you,what can,115,True,True,False,"{104: 2, 115: 2, 87: 1, 65: 2, 11: 1, 31: 2, 69: 3, 97: 3, 32: 1, 17: 1, 128: 1, 18: 1, 146: 1, 142: 1, 41: 1, 23: 1, 114: 1, 129: 1, 53: 3, 42: 1, 112: 1, 132: 1, 119: 1, 25: 3, 100: 1, 149: 1, 126: 2, 148: 1, 8: 2, 67: 1, 47: 1, 27: 1, 46: 1, 52: 1, 91: 2, 94: 1, 28: 1, 9: 1, 14: 1, 120: 2, 79: 1, 74: 1, 70: 1, 48: 1, 26: 2, 62: 2, 82: 1, 122: 1, 80: 1, 39: 1, 133: 1, 103: 1, 55: 1, 89: 1, 60: 1, 5: 1, 75: 1, 96: 1, 83: 1, 108: 1, 15: 1, 35: 1, 140: 1, 118: 1, 16: 1, 107: 1, 71: 1, 43: 1, 33: 1, 57: 1, 19: 1, 110: 1, 30: 1, 10: 1, 99: 1, 20: 1, 68: 1, 77: 1, 59: 1, 137: 1, 78: 1, 1: 1}","[4704, 3062, 13685, 4895, 2, 13267, 6248, 785, 11789, 10596, 8974, 121, 2093, 3408, 5711, 8857, 1998, 700, 4530, 8847, 4794, 3094, 6441, 3904, 7558, 12549, 11526, 5884, 13737, 6097, 3937, 6956, 14007, 11620, 14742, 11391, 6984, 9170, 8171, 13532, 6841, 15004, 10047, 12225, 2666, 10636, 7333, 2023, 7421, 5370, 7703, 8234, 14096, 13914, 10738, 11161, 1650, 1406, 11090, 8233, 10779, 7831, 3255, 8947, 10269, 157, 1265, 7540, 14825, 206, 14151, 14060, 4481, 8637, 13187, 3475, 9308, 7658, 5807, 10960, 8823, 14870, 13527, 2776, 14872, 9356, 2787, 9210, 7331, 11767, 1795, 7694, 3576, 11925, 3559, 8112, 4407, 1685, 5217, 14134]",648,100,3,False,100
3532,spelling,spelling,73,False,True,False,"{104: 2, 115: 2, 87: 1, 65: 2, 11: 1, 31: 2, 69: 3, 97: 3, 32: 1, 17: 1, 128: 1, 18: 1, 146: 1, 142: 1, 41: 1, 23: 1, 114: 1, 129: 1, 53: 3, 42: 1, 112: 1, 132: 1, 119: 1, 25: 3, 100: 1, 149: 1, 126: 2, 148: 1, 8: 2, 67: 1, 47: 1, 27: 1, 46: 1, 52: 1, 91: 2, 94: 1, 28: 1, 9: 1, 14: 1, 120: 2, 79: 1, 74: 1, 70: 1, 48: 1, 26: 2, 62: 2, 82: 1, 122: 1, 80: 1, 39: 1, 133: 1, 103: 1, 55: 1, 89: 1, 60: 1, 5: 1, 75: 1, 96: 1, 83: 1, 108: 1, 15: 1, 35: 1, 140: 1, 118: 1, 16: 1, 107: 1, 71: 1, 43: 1, 33: 1, 57: 1, 19: 1, 110: 1, 30: 1, 10: 1, 99: 1, 20: 1, 68: 1, 77: 1, 59: 1, 137: 1, 78: 1, 1: 1}","[4704, 3062, 13685, 4895, 2, 13267, 6248, 785, 11789, 10596, 8974, 121, 2093, 3408, 5711, 8857, 1998, 700, 4530, 8847, 4794, 3094, 6441, 3904, 7558, 12549, 11526, 5884, 13737, 6097, 3937, 6956, 14007, 11620, 14742, 11391, 6984, 9170, 8171, 13532, 6841, 15004, 10047, 12225, 2666, 10636, 7333, 2023, 7421, 5370, 7703, 8234, 14096, 13914, 10738, 11161, 1650, 1406, 11090, 8233, 10779, 7831, 3255, 8947, 10269, 157, 1265, 7540, 14825, 206, 14151, 14060, 4481, 8637, 13187, 3475, 9308, 7658, 5807, 10960, 8823, 14870, 13527, 2776, 14872, 9356, 2787, 9210, 7331, 11767, 1795, 7694, 3576, 11925, 3559, 8112, 4407, 1685, 5217, 14134]",3532,100,3,False,100
4295,meal suggestion,me,46,True,True,False,"{104: 2, 115: 2, 87: 1, 65: 2, 11: 1, 31: 2, 69: 3, 97: 3, 32: 1, 17: 1, 128: 1, 18: 1, 146: 1, 142: 1, 41: 1, 23: 1, 114: 1, 129: 1, 53: 3, 42: 1, 112: 1, 132: 1, 119: 1, 25: 3, 100: 1, 149: 1, 126: 2, 148: 1, 8: 2, 67: 1, 47: 1, 27: 1, 46: 1, 52: 1, 91: 2, 94: 1, 28: 1, 9: 1, 14: 1, 120: 2, 79: 1, 74: 1, 70: 1, 48: 1, 26: 2, 62: 2, 82: 1, 122: 1, 80: 1, 39: 1, 133: 1, 103: 1, 55: 1, 89: 1, 60: 1, 5: 1, 75: 1, 96: 1, 83: 1, 108: 1, 15: 1, 35: 1, 140: 1, 118: 1, 16: 1, 107: 1, 71: 1, 43: 1, 33: 1, 57: 1, 19: 1, 110: 1, 30: 1, 10: 1, 99: 1, 20: 1, 68: 1, 77: 1, 59: 1, 137: 1, 78: 1, 1: 1}","[4704, 3062, 13685, 4895, 2, 13267, 6248, 785, 11789, 10596, 8974, 121, 2093, 3408, 5711, 8857, 1998, 700, 4530, 8847, 4794, 3094, 6441, 3904, 7558, 12549, 11526, 5884, 13737, 6097, 3937, 6956, 14007, 11620, 14742, 11391, 6984, 9170, 8171, 13532, 6841, 15004, 10047, 12225, 2666, 10636, 7333, 2023, 7421, 5370, 7703, 8234, 14096, 13914, 10738, 11161, 1650, 1406, 11090, 8233, 10779, 7831, 3255, 8947, 10269, 157, 1265, 7540, 14825, 206, 14151, 14060, 4481, 8637, 13187, 3475, 9308, 7658, 5807, 10960, 8823, 14870, 13527, 2776, 14872, 9356, 2787, 9210, 7331, 11767, 1795, 7694, 3576, 11925, 3559, 8112, 4407, 1685, 5217, 14134]",4295,100,3,False,100
5384,how old are you,o,42,True,False,False,"{104: 2, 115: 2, 87: 1, 65: 2, 11: 1, 31: 2, 69: 3, 97: 3, 32: 1, 17: 1, 128: 1, 18: 1, 146: 1, 142: 1, 41: 1, 23: 1, 114: 1, 129: 1, 53: 3, 42: 1, 112: 1, 132: 1, 119: 1, 25: 3, 100: 1, 149: 1, 126: 2, 148: 1, 8: 2, 67: 1, 47: 1, 27: 1, 46: 1, 52: 1, 91: 2, 94: 1, 28: 1, 9: 1, 14: 1, 120: 2, 79: 1, 74: 1, 70: 1, 48: 1, 26: 2, 62: 2, 82: 1, 122: 1, 80: 1, 39: 1, 133: 1, 103: 1, 55: 1, 89: 1, 60: 1, 5: 1, 75: 1, 96: 1, 83: 1, 108: 1, 15: 1, 35: 1, 140: 1, 118: 1, 16: 1, 107: 1, 71: 1, 43: 1, 33: 1, 57: 1, 19: 1, 110: 1, 30: 1, 10: 1, 99: 1, 20: 1, 68: 1, 77: 1, 59: 1, 137: 1, 78: 1, 1: 1}","[4704, 3062, 13685, 4895, 2, 13267, 6248, 785, 11789, 10596, 8974, 121, 2093, 3408, 5711, 8857, 1998, 700, 4530, 8847, 4794, 3094, 6441, 3904, 7558, 12549, 11526, 5884, 13737, 6097, 3937, 6956, 14007, 11620, 14742, 11391, 6984, 9170, 8171, 13532, 6841, 15004, 10047, 12225, 2666, 10636, 7333, 2023, 7421, 5370, 7703, 8234, 14096, 13914, 10738, 11161, 1650, 1406, 11090, 8233, 10779, 7831, 3255, 8947, 10269, 157, 1265, 7540, 14825, 206, 14151, 14060, 4481, 8637, 13187, 3475, 9308, 7658, 5807, 10960, 8823, 14870, 13527, 2776, 14872, 9356, 2787, 9210, 7331, 11767, 1795, 7694, 3576, 11925, 3559, 8112, 4407, 1685, 5217, 14134]",5384,100,3,False,100
2915,freeze account,account,2,False,False,False,"{104: 2, 115: 2, 87: 1, 65: 2, 11: 1, 31: 2, 69: 3, 97: 3, 32: 1, 17: 1, 128: 1, 18: 1, 146: 1, 142: 1, 41: 1, 23: 1, 114: 1, 129: 1, 53: 3, 42: 1, 112: 1, 132: 1, 119: 1, 25: 3, 100: 1, 149: 1, 126: 2, 148: 1, 8: 2, 67: 1, 47: 1, 27: 1, 46: 1, 52: 1, 91: 2, 94: 1, 28: 1, 9: 1, 14: 1, 120: 2, 79: 1, 74: 1, 70: 1, 48: 1, 26: 2, 62: 2, 82: 1, 122: 1, 80: 1, 39: 1, 133: 1, 103: 1, 55: 1, 89: 1, 60: 1, 5: 1, 75: 1, 96: 1, 83: 1, 108: 1, 15: 1, 35: 1, 140: 1, 118: 1, 16: 1, 107: 1, 71: 1, 43: 1, 33: 1, 57: 1, 19: 1, 110: 1, 30: 1, 10: 1, 99: 1, 20: 1, 68: 1, 77: 1, 59: 1, 137: 1, 78: 1, 1: 1}","[4704, 3062, 13685, 4895, 2, 13267, 6248, 785, 11789, 10596, 8974, 121, 2093, 3408, 5711, 8857, 1998, 700, 4530, 8847, 4794, 3094, 6441, 3904, 7558, 12549, 11526, 5884, 13737, 6097, 3937, 6956, 14007, 11620, 14742, 11391, 6984, 9170, 8171, 13532, 6841, 15004, 10047, 12225, 2666, 10636, 7333, 2023, 7421, 5370, 7703, 8234, 14096, 13914, 10738, 11161, 1650, 1406, 11090, 8233, 10779, 7831, 3255, 8947, 10269, 157, 1265, 7540, 14825, 206, 14151, 14060, 4481, 8637, 13187, 3475, 9308, 7658, 5807, 10960, 8823, 14870, 13527, 2776, 14872, 9356, 2787, 9210, 7331, 11767, 1795, 7694, 3576, 11925, 3559, 8112, 4407, 1685, 5217, 14134]",2915,100,3,False,100
3775,flight status,book flight,63,False,False,False,"{104: 2, 115: 2, 87: 1, 65: 2, 11: 1, 31: 2, 69: 3, 97: 3, 32: 1, 17: 1, 128: 1, 18: 1, 146: 1, 142: 1, 41: 1, 23: 1, 114: 1, 129: 1, 53: 3, 42: 1, 112: 1, 132: 1, 119: 1, 25: 3, 100: 1, 149: 1, 126: 2, 148: 1, 8: 2, 67: 1, 47: 1, 27: 1, 46: 1, 52: 1, 91: 2, 94: 1, 28: 1, 9: 1, 14: 1, 120: 2, 79: 1, 74: 1, 70: 1, 48: 1, 26: 2, 62: 2, 82: 1, 122: 1, 80: 1, 39: 1, 133: 1, 103: 1, 55: 1, 89: 1, 60: 1, 5: 1, 75: 1, 96: 1, 83: 1, 108: 1, 15: 1, 35: 1, 140: 1, 118: 1, 16: 1, 107: 1, 71: 1, 43: 1, 33: 1, 57: 1, 19: 1, 110: 1, 30: 1, 10: 1, 99: 1, 20: 1, 68: 1, 77: 1, 59: 1, 137: 1, 78: 1, 1: 1}","[4704, 3062, 13685, 4895, 2, 13267, 6248, 785, 11789, 10596, 8974, 121, 2093, 3408, 5711, 8857, 1998, 700, 4530, 8847, 4794, 3094, 6441, 3904, 7558, 12549, 11526, 5884, 13737, 6097, 3937, 6956, 14007, 11620, 14742, 11391, 6984, 9170, 8171, 13532, 6841, 15004, 10047, 12225, 2666, 10636, 7333, 2023, 7421, 5370, 7703, 8234, 14096, 13914, 10738, 11161, 1650, 1406, 11090, 8233, 10779, 7831, 3255, 8947, 10269, 157, 1265, 7540, 14825, 206, 14151, 14060, 4481, 8637, 13187, 3475, 9308, 7658, 5807, 10960, 8823, 14870, 13527, 2776, 14872, 9356, 2787, 9210, 7331, 11767, 1795, 7694, 3576, 11925, 3559, 8112, 4407, 1685, 5217, 14134]",3775,100,3,False,100
4731,income,o,42,True,False,False,"{104: 2, 115: 2, 87: 1, 65: 2, 11: 1, 31: 2, 69: 3, 97: 3, 32: 1, 17: 1, 128: 1, 18: 1, 146: 1, 142: 1, 41: 1, 23: 1, 114: 1, 129: 1, 53: 3, 42: 1, 112: 1, 132: 1, 119: 1, 25: 3, 100: 1, 149: 1, 126: 2, 148: 1, 8: 2, 67: 1, 47: 1, 27: 1, 46: 1, 52: 1, 91: 2, 94: 1, 28: 1, 9: 1, 14: 1, 120: 2, 79: 1, 74: 1, 70: 1, 48: 1, 26: 2, 62: 2, 82: 1, 122: 1, 80: 1, 39: 1, 133: 1, 103: 1, 55: 1, 89: 1, 60: 1, 5: 1, 75: 1, 96: 1, 83: 1, 108: 1, 15: 1, 35: 1, 140: 1, 118: 1, 16: 1, 107: 1, 71: 1, 43: 1, 33: 1, 57: 1, 19: 1, 110: 1, 30: 1, 10: 1, 99: 1, 20: 1, 68: 1, 77: 1, 59: 1, 137: 1, 78: 1, 1: 1}","[4704, 3062, 13685, 4895, 2, 13267, 6248, 785, 11789, 10596, 8974, 121, 2093, 3408, 5711, 8857, 1998, 700, 4530, 8847, 4794, 3094, 6441, 3904, 7558, 12549, 11526, 5884, 13737, 6097, 3937, 6956, 14007, 11620, 14742, 11391, 6984, 9170, 8171, 13532, 6841, 15004, 10047, 12225, 2666, 10636, 7333, 2023, 7421, 5370, 7703, 8234, 14096, 13914, 10738, 11161, 1650, 1406, 11090, 8233, 10779, 7831, 3255, 8947, 10269, 157, 1265, 7540, 14825, 206, 14151, 14060, 4481, 8637, 13187, 3475, 9308, 7658, 5807, 10960, 8823, 14870, 13527, 2776, 14872, 9356, 2787, 9210, 7331, 11767, 1795, 7694, 3576, 11925, 3559, 8112, 4407, 1685, 5217, 14134]",4731,100,3,False,100
5321,car rental,o,42,True,False,False,"{104: 2, 115: 2, 87: 1, 65: 2, 11: 1, 31: 2, 69: 3, 97: 3, 32: 1, 17: 1, 128: 1, 18: 1, 146: 1, 142: 1, 41: 1, 23: 1, 114: 1, 129: 1, 53: 3, 42: 1, 112: 1, 132: 1, 119: 1, 25: 3, 100: 1, 149: 1, 126: 2, 148: 1, 8: 2, 67: 1, 47: 1, 27: 1, 46: 1, 52: 1, 91: 2, 94: 1, 28: 1, 9: 1, 14: 1, 120: 2, 79: 1, 74: 1, 70: 1, 48: 1, 26: 2, 62: 2, 82: 1, 122: 1, 80: 1, 39: 1, 133: 1, 103: 1, 55: 1, 89: 1, 60: 1, 5: 1, 75: 1, 96: 1, 83: 1, 108: 1, 15: 1, 35: 1, 140: 1, 118: 1, 16: 1, 107: 1, 71: 1, 43: 1, 33: 1, 57: 1, 19: 1, 110: 1, 30: 1, 10: 1, 99: 1, 20: 1, 68: 1, 77: 1, 59: 1, 137: 1, 78: 1, 1: 1}","[4704, 3062, 13685, 4895, 2, 13267, 6248, 785, 11789, 10596, 8974, 121, 2093, 3408, 5711, 8857, 1998, 700, 4530, 8847, 4794, 3094, 6441, 3904, 7558, 12549, 11526, 5884, 13737, 6097, 3937, 6956, 14007, 11620, 14742, 11391, 6984, 9170, 8171, 13532, 6841, 15004, 10047, 12225, 2666, 10636, 7333, 2023, 7421, 5370, 7703, 8234, 14096, 13914, 10738, 11161, 1650, 1406, 11090, 8233, 10779, 7831, 3255, 8947, 10269, 157, 1265, 7540, 14825, 206, 14151, 14060, 4481, 8637, 13187, 3475, 9308, 7658, 5807, 10960, 8823, 14870, 13527, 2776, 14872, 9356, 2787, 9210, 7331, 11767, 1795, 7694, 3576, 11925, 3559, 8112, 4407, 1685, 5217, 14134]",5321,100,3,False,100
3209,book hotel,book hotel,116,False,True,False,"{104: 2, 115: 2, 87: 1, 65: 2, 11: 1, 31: 2, 69: 3, 97: 3, 32: 1, 17: 1, 128: 1, 18: 1, 146: 1, 142: 1, 41: 1, 23: 1, 114: 1, 129: 1, 53: 3, 42: 1, 112: 1, 132: 1, 119: 1, 25: 3, 100: 1, 149: 1, 126: 2, 148: 1, 8: 2, 67: 1, 47: 1, 27: 1, 46: 1, 52: 1, 91: 2, 94: 1, 28: 1, 9: 1, 14: 1, 120: 2, 79: 1, 74: 1, 70: 1, 48: 1, 26: 2, 62: 2, 82: 1, 122: 1, 80: 1, 39: 1, 133: 1, 103: 1, 55: 1, 89: 1, 60: 1, 5: 1, 75: 1, 96: 1, 83: 1, 108: 1, 15: 1, 35: 1, 140: 1, 118: 1, 16: 1, 107: 1, 71: 1, 43: 1, 33: 1, 57: 1, 19: 1, 110: 1, 30: 1, 10: 1, 99: 1, 20: 1, 68: 1, 77: 1, 59: 1, 137: 1, 78: 1, 1: 1}","[4704, 3062, 13685, 4895, 2, 13267, 6248, 785, 11789, 10596, 8974, 121, 2093, 3408, 5711, 8857, 1998, 700, 4530, 8847, 4794, 3094, 6441, 3904, 7558, 12549, 11526, 5884, 13737, 6097, 3937, 6956, 14007, 11620, 14742, 11391, 6984, 9170, 8171, 13532, 6841, 15004, 10047, 12225, 2666, 10636, 7333, 2023, 7421, 5370, 7703, 8234, 14096, 13914, 10738, 11161, 1650, 1406, 11090, 8233, 10779, 7831, 3255, 8947, 10269, 157, 1265, 7540, 14825, 206, 14151, 14060, 4481, 8637, 13187, 3475, 9308, 7658, 5807, 10960, 8823, 14870, 13527, 2776, 14872, 9356, 2787, 9210, 7331, 11767, 1795, 7694, 3576, 11925, 3559, 8112, 4407, 1685, 5217, 14134]",3209,100,3,False,100
5288,what is your name,o,42,True,False,False,"{104: 2, 115: 2, 87: 1, 65: 2, 11: 1, 31: 2, 69: 3, 97: 3, 32: 1, 17: 1, 128: 1, 18: 1, 146: 1, 142: 1, 41: 1, 23: 1, 114: 1, 129: 1, 53: 3, 42: 1, 112: 1, 132: 1, 119: 1, 25: 3, 100: 1, 149: 1, 126: 2, 148: 1, 8: 2, 67: 1, 47: 1, 27: 1, 46: 1, 52: 1, 91: 2, 94: 1, 28: 1, 9: 1, 14: 1, 120: 2, 79: 1, 74: 1, 70: 1, 48: 1, 26: 2, 62: 2, 82: 1, 122: 1, 80: 1, 39: 1, 133: 1, 103: 1, 55: 1, 89: 1, 60: 1, 5: 1, 75: 1, 96: 1, 83: 1, 108: 1, 15: 1, 35: 1, 140: 1, 118: 1, 16: 1, 107: 1, 71: 1, 43: 1, 33: 1, 57: 1, 19: 1, 110: 1, 30: 1, 10: 1, 99: 1, 20: 1, 68: 1, 77: 1, 59: 1, 137: 1, 78: 1, 1: 1}","[4704, 3062, 13685, 4895, 2, 13267, 6248, 785, 11789, 10596, 8974, 121, 2093, 3408, 5711, 8857, 1998, 700, 4530, 8847, 4794, 3094, 6441, 3904, 7558, 12549, 11526, 5884, 13737, 6097, 3937, 6956, 14007, 11620, 14742, 11391, 6984, 9170, 8171, 13532, 6841, 15004, 10047, 12225, 2666, 10636, 7333, 2023, 7421, 5370, 7703, 8234, 14096, 13914, 10738, 11161, 1650, 1406, 11090, 8233, 10779, 7831, 3255, 8947, 10269, 157, 1265, 7540, 14825, 206, 14151, 14060, 4481, 8637, 13187, 3475, 9308, 7658, 5807, 10960, 8823, 14870, 13527, 2776, 14872, 9356, 2787, 9210, 7331, 11767, 1795, 7694, 3576, 11925, 3559, 8112, 4407, 1685, 5217, 14134]",5288,100,3,False,100
4304,food last,me,46,True,False,False,"{104: 2, 115: 2, 87: 1, 65: 2, 11: 1, 31: 2, 69: 3, 97: 3, 32: 1, 17: 1, 128: 1, 18: 1, 146: 1, 142: 1, 41: 1, 23: 1, 114: 1, 129: 1, 53: 3, 42: 1, 112: 1, 132: 1, 119: 1, 25: 3, 100: 1, 149: 1, 126: 2, 148: 1, 8: 2, 67: 1, 47: 1, 27: 1, 46: 1, 52: 1, 91: 2, 94: 1, 28: 1, 9: 1, 14: 1, 120: 2, 79: 1, 74: 1, 70: 1, 48: 1, 26: 2, 62: 2, 82: 1, 122: 1, 80: 1, 39: 1, 133: 1, 103: 1, 55: 1, 89: 1, 60: 1, 5: 1, 75: 1, 96: 1, 83: 1, 108: 1, 15: 1, 35: 1, 140: 1, 118: 1, 16: 1, 107: 1, 71: 1, 43: 1, 33: 1, 57: 1, 19: 1, 110: 1, 30: 1, 10: 1, 99: 1, 20: 1, 68: 1, 77: 1, 59: 1, 137: 1, 78: 1, 1: 1}","[4704, 3062, 13685, 4895, 2, 13267, 6248, 785, 11789, 10596, 8974, 121, 2093, 3408, 5711, 8857, 1998, 700, 4530, 8847, 4794, 3094, 6441, 3904, 7558, 12549, 11526, 5884, 13737, 6097, 3937, 6956, 14007, 11620, 14742, 11391, 6984, 9170, 8171, 13532, 6841, 15004, 10047, 12225, 2666, 10636, 7333, 2023, 7421, 5370, 7703, 8234, 14096, 13914, 10738, 11161, 1650, 1406, 11090, 8233, 10779, 7831, 3255, 8947, 10269, 157, 1265, 7540, 14825, 206, 14151, 14060, 4481, 8637, 13187, 3475, 9308, 7658, 5807, 10960, 8823, 14870, 13527, 2776, 14872, 9356, 2787, 9210, 7331, 11767, 1795, 7694, 3576, 11925, 3559, 8112, 4407, 1685, 5217, 14134]",4304,100,3,False,100
3703,credit limit,credit limit change,109,False,False,True,"{104: 2, 115: 2, 87: 1, 65: 2, 11: 1, 31: 2, 69: 3, 97: 3, 32: 1, 17: 1, 128: 1, 18: 1, 146: 1, 142: 1, 41: 1, 23: 1, 114: 1, 129: 1, 53: 3, 42: 1, 112: 1, 132: 1, 119: 1, 25: 3, 100: 1, 149: 1, 126: 2, 148: 1, 8: 2, 67: 1, 47: 1, 27: 1, 46: 1, 52: 1, 91: 2, 94: 1, 28: 1, 9: 1, 14: 1, 120: 2, 79: 1, 74: 1, 70: 1, 48: 1, 26: 2, 62: 2, 82: 1, 122: 1, 80: 1, 39: 1, 133: 1, 103: 1, 55: 1, 89: 1, 60: 1, 5: 1, 75: 1, 96: 1, 83: 1, 108: 1, 15: 1, 35: 1, 140: 1, 118: 1, 16: 1, 107: 1, 71: 1, 43: 1, 33: 1, 57: 1, 19: 1, 110: 1, 30: 1, 10: 1, 99: 1, 20: 1, 68: 1, 77: 1, 59: 1, 137: 1, 78: 1, 1: 1}","[4704, 3062, 13685, 4895, 2, 13267, 6248, 785, 11789, 10596, 8974, 121, 2093, 3408, 5711, 8857, 1998, 700, 4530, 8847, 4794, 3094, 6441, 3904, 7558, 12549, 11526, 5884, 13737, 6097, 3937, 6956, 14007, 11620, 14742, 11391, 6984, 9170, 8171, 13532, 6841, 15004, 10047, 12225, 2666, 10636, 7333, 2023, 7421, 5370, 7703, 8234, 14096, 13914, 10738, 11161, 1650, 1406, 11090, 8233, 10779, 7831, 3255, 8947, 10269, 157, 1265, 7540, 14825, 206, 14151, 14060, 4481, 8637, 13187, 3475, 9308, 7658, 5807, 10960, 8823, 14870, 13527, 2776, 14872, 9356, 2787, 9210, 7331, 11767, 1795, 7694, 3576, 11925, 3559, 8112, 4407, 1685, 5217, 14134]",3703,100,3,False,100
551,change ai name,change user,144,False,False,False,"{104: 2, 115: 2, 87: 1, 65: 2, 11: 1, 31: 2, 69: 3, 97: 3, 32: 1, 17: 1, 128: 1, 18: 1, 146: 1, 142: 1, 41: 1, 23: 1, 114: 1, 129: 1, 53: 3, 42: 1, 112: 1, 132: 1, 119: 1, 25: 3, 100: 1, 149: 1, 126: 2, 148: 1, 8: 2, 67: 1, 47: 1, 27: 1, 46: 1, 52: 1, 91: 2, 94: 1, 28: 1, 9: 1, 14: 1, 120: 2, 79: 1, 74: 1, 70: 1, 48: 1, 26: 2, 62: 2, 82: 1, 122: 1, 80: 1, 39: 1, 133: 1, 103: 1, 55: 1, 89: 1, 60: 1, 5: 1, 75: 1, 96: 1, 83: 1, 108: 1, 15: 1, 35: 1, 140: 1, 118: 1, 16: 1, 107: 1, 71: 1, 43: 1, 33: 1, 57: 1, 19: 1, 110: 1, 30: 1, 10: 1, 99: 1, 20: 1, 68: 1, 77: 1, 59: 1, 137: 1, 78: 1, 1: 1}","[4704, 3062, 13685, 4895, 2, 13267, 6248, 785, 11789, 10596, 8974, 121, 2093, 3408, 5711, 8857, 1998, 700, 4530, 8847, 4794, 3094, 6441, 3904, 7558, 12549, 11526, 5884, 13737, 6097, 3937, 6956, 14007, 11620, 14742, 11391, 6984, 9170, 8171, 13532, 6841, 15004, 10047, 12225, 2666, 10636, 7333, 2023, 7421, 5370, 7703, 8234, 14096, 13914, 10738, 11161, 1650, 1406, 11090, 8233, 10779, 7831, 3255, 8947, 10269, 157, 1265, 7540, 14825, 206, 14151, 14060, 4481, 8637, 13187, 3475, 9308, 7658, 5807, 10960, 8823, 14870, 13527, 2776, 14872, 9356, 2787, 9210, 7331, 11767, 1795, 7694, 3576, 11925, 3559, 8112, 4407, 1685, 5217, 14134]",551,100,3,False,100
3163,oos,smart,10,True,False,False,"{104: 2, 115: 2, 87: 1, 65: 2, 11: 1, 31: 2, 69: 3, 97: 3, 32: 1, 17: 1, 128: 1, 18: 1, 146: 1, 142: 1, 41: 1, 23: 1, 114: 1, 129: 1, 53: 3, 42: 1, 112: 1, 132: 1, 119: 1, 25: 3, 100: 1, 149: 1, 126: 2, 148: 1, 8: 2, 67: 1, 47: 1, 27: 1, 46: 1, 52: 1, 91: 2, 94: 1, 28: 1, 9: 1, 14: 1, 120: 2, 79: 1, 74: 1, 70: 1, 48: 1, 26: 2, 62: 2, 82: 1, 122: 1, 80: 1, 39: 1, 133: 1, 103: 1, 55: 1, 89: 1, 60: 1, 5: 1, 75: 1, 96: 1, 83: 1, 108: 1, 15: 1, 35: 1, 140: 1, 118: 1, 16: 1, 107: 1, 71: 1, 43: 1, 33: 1, 57: 1, 19: 1, 110: 1, 30: 1, 10: 1, 99: 1, 20: 1, 68: 1, 77: 1, 59: 1, 137: 1, 78: 1, 1: 1}","[4704, 3062, 13685, 4895, 2, 13267, 6248, 785, 11789, 10596, 8974, 121, 2093, 3408, 5711, 8857, 1998, 700, 4530, 8847, 4794, 3094, 6441, 3904, 7558, 12549, 11526, 5884, 13737, 6097, 3937, 6956, 14007, 11620, 14742, 11391, 6984, 9170, 8171, 13532, 6841, 15004, 10047, 12225, 2666, 10636, 7333, 2023, 7421, 5370, 7703, 8234, 14096, 13914, 10738, 11161, 1650, 1406, 11090, 8233, 10779, 7831, 3255, 8947, 10269, 157, 1265, 7540, 14825, 206, 14151, 14060, 4481, 8637, 13187, 3475, 9308, 7658, 5807, 10960, 8823, 14870, 13527, 2776, 14872, 9356, 2787, 9210, 7331, 11767, 1795, 7694, 3576, 11925, 3559, 8112, 4407, 1685, 5217, 14134]",3163,100,3,False,100
131,meaning of life,meaning,22,False,True,False,"{104: 2, 115: 2, 87: 1, 65: 2, 11: 1, 31: 2, 69: 3, 97: 3, 32: 1, 17: 1, 128: 1, 18: 1, 146: 1, 142: 1, 41: 1, 23: 1, 114: 1, 129: 1, 53: 3, 42: 1, 112: 1, 132: 1, 119: 1, 25: 3, 100: 1, 149: 1, 126: 2, 148: 1, 8: 2, 67: 1, 47: 1, 27: 1, 46: 1, 52: 1, 91: 2, 94: 1, 28: 1, 9: 1, 14: 1, 120: 2, 79: 1, 74: 1, 70: 1, 48: 1, 26: 2, 62: 2, 82: 1, 122: 1, 80: 1, 39: 1, 133: 1, 103: 1, 55: 1, 89: 1, 60: 1, 5: 1, 75: 1, 96: 1, 83: 1, 108: 1, 15: 1, 35: 1, 140: 1, 118: 1, 16: 1, 107: 1, 71: 1, 43: 1, 33: 1, 57: 1, 19: 1, 110: 1, 30: 1, 10: 1, 99: 1, 20: 1, 68: 1, 77: 1, 59: 1, 137: 1, 78: 1, 1: 1}","[4704, 3062, 13685, 4895, 2, 13267, 6248, 785, 11789, 10596, 8974, 121, 2093, 3408, 5711, 8857, 1998, 700, 4530, 8847, 4794, 3094, 6441, 3904, 7558, 12549, 11526, 5884, 13737, 6097, 3937, 6956, 14007, 11620, 14742, 11391, 6984, 9170, 8171, 13532, 6841, 15004, 10047, 12225, 2666, 10636, 7333, 2023, 7421, 5370, 7703, 8234, 14096, 13914, 10738, 11161, 1650, 1406, 11090, 8233, 10779, 7831, 3255, 8947, 10269, 157, 1265, 7540, 14825, 206, 14151, 14060, 4481, 8637, 13187, 3475, 9308, 7658, 5807, 10960, 8823, 14870, 13527, 2776, 14872, 9356, 2787, 9210, 7331, 11767, 1795, 7694, 3576, 11925, 3559, 8112, 4407, 1685, 5217, 14134]",131,100,3,False,100
855,rollover 401k,rol,100,True,True,False,"{104: 2, 115: 2, 87: 1, 65: 2, 11: 1, 31: 2, 69: 3, 97: 3, 32: 1, 17: 1, 128: 1, 18: 1, 146: 1, 142: 1, 41: 1, 23: 1, 114: 1, 129: 1, 53: 3, 42: 1, 112: 1, 132: 1, 119: 1, 25: 3, 100: 1, 149: 1, 126: 2, 148: 1, 8: 2, 67: 1, 47: 1, 27: 1, 46: 1, 52: 1, 91: 2, 94: 1, 28: 1, 9: 1, 14: 1, 120: 2, 79: 1, 74: 1, 70: 1, 48: 1, 26: 2, 62: 2, 82: 1, 122: 1, 80: 1, 39: 1, 133: 1, 103: 1, 55: 1, 89: 1, 60: 1, 5: 1, 75: 1, 96: 1, 83: 1, 108: 1, 15: 1, 35: 1, 140: 1, 118: 1, 16: 1, 107: 1, 71: 1, 43: 1, 33: 1, 57: 1, 19: 1, 110: 1, 30: 1, 10: 1, 99: 1, 20: 1, 68: 1, 77: 1, 59: 1, 137: 1, 78: 1, 1: 1}","[4704, 3062, 13685, 4895, 2, 13267, 6248, 785, 11789, 10596, 8974, 121, 2093, 3408, 5711, 8857, 1998, 700, 4530, 8847, 4794, 3094, 6441, 3904, 7558, 12549, 11526, 5884, 13737, 6097, 3937, 6956, 14007, 11620, 14742, 11391, 6984, 9170, 8171, 13532, 6841, 15004, 10047, 12225, 2666, 10636, 7333, 2023, 7421, 5370, 7703, 8234, 14096, 13914, 10738, 11161, 1650, 1406, 11090, 8233, 10779, 7831, 3255, 8947, 10269, 157, 1265, 7540, 14825, 206, 14151, 14060, 4481, 8637, 13187, 3475, 9308, 7658, 5807, 10960, 8823, 14870, 13527, 2776, 14872, 9356, 2787, 9210, 7331, 11767, 1795, 7694, 3576, 11925, 3559, 8112, 4407, 1685, 5217, 14134]",855,100,3,False,100
2912,pin change,account,2,False,False,False,"{104: 2, 115: 2, 87: 1, 65: 2, 11: 1, 31: 2, 69: 3, 97: 3, 32: 1, 17: 1, 128: 1, 18: 1, 146: 1, 142: 1, 41: 1, 23: 1, 114: 1, 129: 1, 53: 3, 42: 1, 112: 1, 132: 1, 119: 1, 25: 3, 100: 1, 149: 1, 126: 2, 148: 1, 8: 2, 67: 1, 47: 1, 27: 1, 46: 1, 52: 1, 91: 2, 94: 1, 28: 1, 9: 1, 14: 1, 120: 2, 79: 1, 74: 1, 70: 1, 48: 1, 26: 2, 62: 2, 82: 1, 122: 1, 80: 1, 39: 1, 133: 1, 103: 1, 55: 1, 89: 1, 60: 1, 5: 1, 75: 1, 96: 1, 83: 1, 108: 1, 15: 1, 35: 1, 140: 1, 118: 1, 16: 1, 107: 1, 71: 1, 43: 1, 33: 1, 57: 1, 19: 1, 110: 1, 30: 1, 10: 1, 99: 1, 20: 1, 68: 1, 77: 1, 59: 1, 137: 1, 78: 1, 1: 1}","[4704, 3062, 13685, 4895, 2, 13267, 6248, 785, 11789, 10596, 8974, 121, 2093, 3408, 5711, 8857, 1998, 700, 4530, 8847, 4794, 3094, 6441, 3904, 7558, 12549, 11526, 5884, 13737, 6097, 3937, 6956, 14007, 11620, 14742, 11391, 6984, 9170, 8171, 13532, 6841, 15004, 10047, 12225, 2666, 10636, 7333, 2023, 7421, 5370, 7703, 8234, 14096, 13914, 10738, 11161, 1650, 1406, 11090, 8233, 10779, 7831, 3255, 8947, 10269, 157, 1265, 7540, 14825, 206, 14151, 14060, 4481, 8637, 13187, 3475, 9308, 7658, 5807, 10960, 8823, 14870, 13527, 2776, 14872, 9356, 2787, 9210, 7331, 11767, 1795, 7694, 3576, 11925, 3559, 8112, 4407, 1685, 5217, 14134]",2912,100,3,False,100
1333,mpg,m,142,True,True,False,"{104: 2, 115: 2, 87: 1, 65: 2, 11: 1, 31: 2, 69: 3, 97: 3, 32: 1, 17: 1, 128: 1, 18: 1, 146: 1, 142: 1, 41: 1, 23: 1, 114: 1, 129: 1, 53: 3, 42: 1, 112: 1, 132: 1, 119: 1, 25: 3, 100: 1, 149: 1, 126: 2, 148: 1, 8: 2, 67: 1, 47: 1, 27: 1, 46: 1, 52: 1, 91: 2, 94: 1, 28: 1, 9: 1, 14: 1, 120: 2, 79: 1, 74: 1, 70: 1, 48: 1, 26: 2, 62: 2, 82: 1, 122: 1, 80: 1, 39: 1, 133: 1, 103: 1, 55: 1, 89: 1, 60: 1, 5: 1, 75: 1, 96: 1, 83: 1, 108: 1, 15: 1, 35: 1, 140: 1, 118: 1, 16: 1, 107: 1, 71: 1, 43: 1, 33: 1, 57: 1, 19: 1, 110: 1, 30: 1, 10: 1, 99: 1, 20: 1, 68: 1, 77: 1, 59: 1, 137: 1, 78: 1, 1: 1}","[4704, 3062, 13685, 4895, 2, 13267, 6248, 785, 11789, 10596, 8974, 121, 2093, 3408, 5711, 8857, 1998, 700, 4530, 8847, 4794, 3094, 6441, 3904, 7558, 12549, 11526, 5884, 13737, 6097, 3937, 6956, 14007, 11620, 14742, 11391, 6984, 9170, 8171, 13532, 6841, 15004, 10047, 12225, 2666, 10636, 7333, 2023, 7421, 5370, 7703, 8234, 14096, 13914, 10738, 11161, 1650, 1406, 11090, 8233, 10779, 7831, 3255, 8947, 10269, 157, 1265, 7540, 14825, 206, 14151, 14060, 4481, 8637, 13187, 3475, 9308, 7658, 5807, 10960, 8823, 14870, 13527, 2776, 14872, 9356, 2787, 9210, 7331, 11767, 1795, 7694, 3576, 11925, 3559, 8112, 4407, 1685, 5217, 14134]",1333,100,3,False,100
2362,nutrition info,cal,135,False,False,False,"{104: 2, 115: 2, 87: 1, 65: 2, 11: 1, 31: 2, 69: 3, 97: 3, 32: 1, 17: 1, 128: 1, 18: 1, 146: 1, 142: 1, 41: 1, 23: 1, 114: 1, 129: 1, 53: 3, 42: 1, 112: 1, 132: 1, 119: 1, 25: 3, 100: 1, 149: 1, 126: 2, 148: 1, 8: 2, 67: 1, 47: 1, 27: 1, 46: 1, 52: 1, 91: 2, 94: 1, 28: 1, 9: 1, 14: 1, 120: 2, 79: 1, 74: 1, 70: 1, 48: 1, 26: 2, 62: 2, 82: 1, 122: 1, 80: 1, 39: 1, 133: 1, 103: 1, 55: 1, 89: 1, 60: 1, 5: 1, 75: 1, 96: 1, 83: 1, 108: 1, 15: 1, 35: 1, 140: 1, 118: 1, 16: 1, 107: 1, 71: 1, 43: 1, 33: 1, 57: 1, 19: 1, 110: 1, 30: 1, 10: 1, 99: 1, 20: 1, 68: 1, 77: 1, 59: 1, 137: 1, 78: 1, 1: 1}","[4704, 3062, 13685, 4895, 2, 13267, 6248, 785, 11789, 10596, 8974, 121, 2093, 3408, 5711, 8857, 1998, 700, 4530, 8847, 4794, 3094, 6441, 3904, 7558, 12549, 11526, 5884, 13737, 6097, 3937, 6956, 14007, 11620, 14742, 11391, 6984, 9170, 8171, 13532, 6841, 15004, 10047, 12225, 2666, 10636, 7333, 2023, 7421, 5370, 7703, 8234, 14096, 13914, 10738, 11161, 1650, 1406, 11090, 8233, 10779, 7831, 3255, 8947, 10269, 157, 1265, 7540, 14825, 206, 14151, 14060, 4481, 8637, 13187, 3475, 9308, 7658, 5807, 10960, 8823, 14870, 13527, 2776, 14872, 9356, 2787, 9210, 7331, 11767, 1795, 7694, 3576, 11925, 3559, 8112, 4407, 1685, 5217, 14134]",2362,100,3,False,100
3577,reset settings,reset,88,False,True,False,"{104: 2, 115: 2, 87: 1, 65: 2, 11: 1, 31: 2, 69: 3, 97: 3, 32: 1, 17: 1, 128: 1, 18: 1, 146: 1, 142: 1, 41: 1, 23: 1, 114: 1, 129: 1, 53: 3, 42: 1, 112: 1, 132: 1, 119: 1, 25: 3, 100: 1, 149: 1, 126: 2, 148: 1, 8: 2, 67: 1, 47: 1, 27: 1, 46: 1, 52: 1, 91: 2, 94: 1, 28: 1, 9: 1, 14: 1, 120: 2, 79: 1, 74: 1, 70: 1, 48: 1, 26: 2, 62: 2, 82: 1, 122: 1, 80: 1, 39: 1, 133: 1, 103: 1, 55: 1, 89: 1, 60: 1, 5: 1, 75: 1, 96: 1, 83: 1, 108: 1, 15: 1, 35: 1, 140: 1, 118: 1, 16: 1, 107: 1, 71: 1, 43: 1, 33: 1, 57: 1, 19: 1, 110: 1, 30: 1, 10: 1, 99: 1, 20: 1, 68: 1, 77: 1, 59: 1, 137: 1, 78: 1, 1: 1}","[4704, 3062, 13685, 4895, 2, 13267, 6248, 785, 11789, 10596, 8974, 121, 2093, 3408, 5711, 8857, 1998, 700, 4530, 8847, 4794, 3094, 6441, 3904, 7558, 12549, 11526, 5884, 13737, 6097, 3937, 6956, 14007, 11620, 14742, 11391, 6984, 9170, 8171, 13532, 6841, 15004, 10047, 12225, 2666, 10636, 7333, 2023, 7421, 5370, 7703, 8234, 14096, 13914, 10738, 11161, 1650, 1406, 11090, 8233, 10779, 7831, 3255, 8947, 10269, 157, 1265, 7540, 14825, 206, 14151, 14060, 4481, 8637, 13187, 3475, 9308, 7658, 5807, 10960, 8823, 14870, 13527, 2776, 14872, 9356, 2787, 9210, 7331, 11767, 1795, 7694, 3576, 11925, 3559, 8112, 4407, 1685, 5217, 14134]",3577,100,3,False,100
4275,jump start,jump,17,True,True,False,"{104: 2, 115: 2, 87: 1, 65: 2, 11: 1, 31: 2, 69: 3, 97: 3, 32: 1, 17: 1, 128: 1, 18: 1, 146: 1, 142: 1, 41: 1, 23: 1, 114: 1, 129: 1, 53: 3, 42: 1, 112: 1, 132: 1, 119: 1, 25: 3, 100: 1, 149: 1, 126: 2, 148: 1, 8: 2, 67: 1, 47: 1, 27: 1, 46: 1, 52: 1, 91: 2, 94: 1, 28: 1, 9: 1, 14: 1, 120: 2, 79: 1, 74: 1, 70: 1, 48: 1, 26: 2, 62: 2, 82: 1, 122: 1, 80: 1, 39: 1, 133: 1, 103: 1, 55: 1, 89: 1, 60: 1, 5: 1, 75: 1, 96: 1, 83: 1, 108: 1, 15: 1, 35: 1, 140: 1, 118: 1, 16: 1, 107: 1, 71: 1, 43: 1, 33: 1, 57: 1, 19: 1, 110: 1, 30: 1, 10: 1, 99: 1, 20: 1, 68: 1, 77: 1, 59: 1, 137: 1, 78: 1, 1: 1}","[4704, 3062, 13685, 4895, 2, 13267, 6248, 785, 11789, 10596, 8974, 121, 2093, 3408, 5711, 8857, 1998, 700, 4530, 8847, 4794, 3094, 6441, 3904, 7558, 12549, 11526, 5884, 13737, 6097, 3937, 6956, 14007, 11620, 14742, 11391, 6984, 9170, 8171, 13532, 6841, 15004, 10047, 12225, 2666, 10636, 7333, 2023, 7421, 5370, 7703, 8234, 14096, 13914, 10738, 11161, 1650, 1406, 11090, 8233, 10779, 7831, 3255, 8947, 10269, 157, 1265, 7540, 14825, 206, 14151, 14060, 4481, 8637, 13187, 3475, 9308, 7658, 5807, 10960, 8823, 14870, 13527, 2776, 14872, 9356, 2787, 9210, 7331, 11767, 1795, 7694, 3576, 11925, 3559, 8112, 4407, 1685, 5217, 14134]",4275,100,3,False,100
3552,greeting,gre,82,True,True,False,"{104: 2, 115: 2, 87: 1, 65: 2, 11: 1, 31: 2, 69: 3, 97: 3, 32: 1, 17: 1, 128: 1, 18: 1, 146: 1, 142: 1, 41: 1, 23: 1, 114: 1, 129: 1, 53: 3, 42: 1, 112: 1, 132: 1, 119: 1, 25: 3, 100: 1, 149: 1, 126: 2, 148: 1, 8: 2, 67: 1, 47: 1, 27: 1, 46: 1, 52: 1, 91: 2, 94: 1, 28: 1, 9: 1, 14: 1, 120: 2, 79: 1, 74: 1, 70: 1, 48: 1, 26: 2, 62: 2, 82: 1, 122: 1, 80: 1, 39: 1, 133: 1, 103: 1, 55: 1, 89: 1, 60: 1, 5: 1, 75: 1, 96: 1, 83: 1, 108: 1, 15: 1, 35: 1, 140: 1, 118: 1, 16: 1, 107: 1, 71: 1, 43: 1, 33: 1, 57: 1, 19: 1, 110: 1, 30: 1, 10: 1, 99: 1, 20: 1, 68: 1, 77: 1, 59: 1, 137: 1, 78: 1, 1: 1}","[4704, 3062, 13685, 4895, 2, 13267, 6248, 785, 11789, 10596, 8974, 121, 2093, 3408, 5711, 8857, 1998, 700, 4530, 8847, 4794, 3094, 6441, 3904, 7558, 12549, 11526, 5884, 13737, 6097, 3937, 6956, 14007, 11620, 14742, 11391, 6984, 9170, 8171, 13532, 6841, 15004, 10047, 12225, 2666, 10636, 7333, 2023, 7421, 5370, 7703, 8234, 14096, 13914, 10738, 11161, 1650, 1406, 11090, 8233, 10779, 7831, 3255, 8947, 10269, 157, 1265, 7540, 14825, 206, 14151, 14060, 4481, 8637, 13187, 3475, 9308, 7658, 5807, 10960, 8823, 14870, 13527, 2776, 14872, 9356, 2787, 9210, 7331, 11767, 1795, 7694, 3576, 11925, 3559, 8112, 4407, 1685, 5217, 14134]",3552,100,3,False,100
4943,date,o,42,True,False,False,"{104: 2, 115: 2, 87: 1, 65: 2, 11: 1, 31: 2, 69: 3, 97: 3, 32: 1, 17: 1, 128: 1, 18: 1, 146: 1, 142: 1, 41: 1, 23: 1, 114: 1, 129: 1, 53: 3, 42: 1, 112: 1, 132: 1, 119: 1, 25: 3, 100: 1, 149: 1, 126: 2, 148: 1, 8: 2, 67: 1, 47: 1, 27: 1, 46: 1, 52: 1, 91: 2, 94: 1, 28: 1, 9: 1, 14: 1, 120: 2, 79: 1, 74: 1, 70: 1, 48: 1, 26: 2, 62: 2, 82: 1, 122: 1, 80: 1, 39: 1, 133: 1, 103: 1, 55: 1, 89: 1, 60: 1, 5: 1, 75: 1, 96: 1, 83: 1, 108: 1, 15: 1, 35: 1, 140: 1, 118: 1, 16: 1, 107: 1, 71: 1, 43: 1, 33: 1, 57: 1, 19: 1, 110: 1, 30: 1, 10: 1, 99: 1, 20: 1, 68: 1, 77: 1, 59: 1, 137: 1, 78: 1, 1: 1}","[4704, 3062, 13685, 4895, 2, 13267, 6248, 785, 11789, 10596, 8974, 121, 2093, 3408, 5711, 8857, 1998, 700, 4530, 8847, 4794, 3094, 6441, 3904, 7558, 12549, 11526, 5884, 13737, 6097, 3937, 6956, 14007, 11620, 14742, 11391, 6984, 9170, 8171, 13532, 6841, 15004, 10047, 12225, 2666, 10636, 7333, 2023, 7421, 5370, 7703, 8234, 14096, 13914, 10738, 11161, 1650, 1406, 11090, 8233, 10779, 7831, 3255, 8947, 10269, 157, 1265, 7540, 14825, 206, 14151, 14060, 4481, 8637, 13187, 3475, 9308, 7658, 5807, 10960, 8823, 14870, 13527, 2776, 14872, 9356, 2787, 9210, 7331, 11767, 1795, 7694, 3576, 11925, 3559, 8112, 4407, 1685, 5217, 14134]",4943,100,3,False,100
2147,recipe,ingredient,134,False,False,False,"{104: 2, 115: 2, 87: 1, 65: 2, 11: 1, 31: 2, 69: 3, 97: 3, 32: 1, 17: 1, 128: 1, 18: 1, 146: 1, 142: 1, 41: 1, 23: 1, 114: 1, 129: 1, 53: 3, 42: 1, 112: 1, 132: 1, 119: 1, 25: 3, 100: 1, 149: 1, 126: 2, 148: 1, 8: 2, 67: 1, 47: 1, 27: 1, 46: 1, 52: 1, 91: 2, 94: 1, 28: 1, 9: 1, 14: 1, 120: 2, 79: 1, 74: 1, 70: 1, 48: 1, 26: 2, 62: 2, 82: 1, 122: 1, 80: 1, 39: 1, 133: 1, 103: 1, 55: 1, 89: 1, 60: 1, 5: 1, 75: 1, 96: 1, 83: 1, 108: 1, 15: 1, 35: 1, 140: 1, 118: 1, 16: 1, 107: 1, 71: 1, 43: 1, 33: 1, 57: 1, 19: 1, 110: 1, 30: 1, 10: 1, 99: 1, 20: 1, 68: 1, 77: 1, 59: 1, 137: 1, 78: 1, 1: 1}","[4704, 3062, 13685, 4895, 2, 13267, 6248, 785, 11789, 10596, 8974, 121, 2093, 3408, 5711, 8857, 1998, 700, 4530, 8847, 4794, 3094, 6441, 3904, 7558, 12549, 11526, 5884, 13737, 6097, 3937, 6956, 14007, 11620, 14742, 11391, 6984, 9170, 8171, 13532, 6841, 15004, 10047, 12225, 2666, 10636, 7333, 2023, 7421, 5370, 7703, 8234, 14096, 13914, 10738, 11161, 1650, 1406, 11090, 8233, 10779, 7831, 3255, 8947, 10269, 157, 1265, 7540, 14825, 206, 14151, 14060, 4481, 8637, 13187, 3475, 9308, 7658, 5807, 10960, 8823, 14870, 13527, 2776, 14872, 9356, 2787, 9210, 7331, 11767, 1795, 7694, 3576, 11925, 3559, 8112, 4407, 1685, 5217, 14134]",2147,100,3,False,100
3994,are you a bot,are,117,False,True,False,"{104: 2, 115: 2, 87: 1, 65: 2, 11: 1, 31: 2, 69: 3, 97: 3, 32: 1, 17: 1, 128: 1, 18: 1, 146: 1, 142: 1, 41: 1, 23: 1, 114: 1, 129: 1, 53: 3, 42: 1, 112: 1, 132: 1, 119: 1, 25: 3, 100: 1, 149: 1, 126: 2, 148: 1, 8: 2, 67: 1, 47: 1, 27: 1, 46: 1, 52: 1, 91: 2, 94: 1, 28: 1, 9: 1, 14: 1, 120: 2, 79: 1, 74: 1, 70: 1, 48: 1, 26: 2, 62: 2, 82: 1, 122: 1, 80: 1, 39: 1, 133: 1, 103: 1, 55: 1, 89: 1, 60: 1, 5: 1, 75: 1, 96: 1, 83: 1, 108: 1, 15: 1, 35: 1, 140: 1, 118: 1, 16: 1, 107: 1, 71: 1, 43: 1, 33: 1, 57: 1, 19: 1, 110: 1, 30: 1, 10: 1, 99: 1, 20: 1, 68: 1, 77: 1, 59: 1, 137: 1, 78: 1, 1: 1}","[4704, 3062, 13685, 4895, 2, 13267, 6248, 785, 11789, 10596, 8974, 121, 2093, 3408, 5711, 8857, 1998, 700, 4530, 8847, 4794, 3094, 6441, 3904, 7558, 12549, 11526, 5884, 13737, 6097, 3937, 6956, 14007, 11620, 14742, 11391, 6984, 9170, 8171, 13532, 6841, 15004, 10047, 12225, 2666, 10636, 7333, 2023, 7421, 5370, 7703, 8234, 14096, 13914, 10738, 11161, 1650, 1406, 11090, 8233, 10779, 7831, 3255, 8947, 10269, 157, 1265, 7540, 14825, 206, 14151, 14060, 4481, 8637, 13187, 3475, 9308, 7658, 5807, 10960, 8823, 14870, 13527, 2776, 14872, 9356, 2787, 9210, 7331, 11767, 1795, 7694, 3576, 11925, 3559, 8112, 4407, 1685, 5217, 14134]",3994,100,3,False,100
5171,how old are you,o,42,True,False,False,"{104: 2, 115: 2, 87: 1, 65: 2, 11: 1, 31: 2, 69: 3, 97: 3, 32: 1, 17: 1, 128: 1, 18: 1, 146: 1, 142: 1, 41: 1, 23: 1, 114: 1, 129: 1, 53: 3, 42: 1, 112: 1, 132: 1, 119: 1, 25: 3, 100: 1, 149: 1, 126: 2, 148: 1, 8: 2, 67: 1, 47: 1, 27: 1, 46: 1, 52: 1, 91: 2, 94: 1, 28: 1, 9: 1, 14: 1, 120: 2, 79: 1, 74: 1, 70: 1, 48: 1, 26: 2, 62: 2, 82: 1, 122: 1, 80: 1, 39: 1, 133: 1, 103: 1, 55: 1, 89: 1, 60: 1, 5: 1, 75: 1, 96: 1, 83: 1, 108: 1, 15: 1, 35: 1, 140: 1, 118: 1, 16: 1, 107: 1, 71: 1, 43: 1, 33: 1, 57: 1, 19: 1, 110: 1, 30: 1, 10: 1, 99: 1, 20: 1, 68: 1, 77: 1, 59: 1, 137: 1, 78: 1, 1: 1}","[4704, 3062, 13685, 4895, 2, 13267, 6248, 785, 11789, 10596, 8974, 121, 2093, 3408, 5711, 8857, 1998, 700, 4530, 8847, 4794, 3094, 6441, 3904, 7558, 12549, 11526, 5884, 13737, 6097, 3937, 6956, 14007, 11620, 14742, 11391, 6984, 9170, 8171, 13532, 6841, 15004, 10047, 12225, 2666, 10636, 7333, 2023, 7421, 5370, 7703, 8234, 14096, 13914, 10738, 11161, 1650, 1406, 11090, 8233, 10779, 7831, 3255, 8947, 10269, 157, 1265, 7540, 14825, 206, 14151, 14060, 4481, 8637, 13187, 3475, 9308, 7658, 5807, 10960, 8823, 14870, 13527, 2776, 14872, 9356, 2787, 9210, 7331, 11767, 1795, 7694, 3576, 11925, 3559, 8112, 4407, 1685, 5217, 14134]",5171,100,3,False,100
1482,todo list update,todo list update,65,True,True,True,"{104: 2, 115: 2, 87: 1, 65: 2, 11: 1, 31: 2, 69: 3, 97: 3, 32: 1, 17: 1, 128: 1, 18: 1, 146: 1, 142: 1, 41: 1, 23: 1, 114: 1, 129: 1, 53: 3, 42: 1, 112: 1, 132: 1, 119: 1, 25: 3, 100: 1, 149: 1, 126: 2, 148: 1, 8: 2, 67: 1, 47: 1, 27: 1, 46: 1, 52: 1, 91: 2, 94: 1, 28: 1, 9: 1, 14: 1, 120: 2, 79: 1, 74: 1, 70: 1, 48: 1, 26: 2, 62: 2, 82: 1, 122: 1, 80: 1, 39: 1, 133: 1, 103: 1, 55: 1, 89: 1, 60: 1, 5: 1, 75: 1, 96: 1, 83: 1, 108: 1, 15: 1, 35: 1, 140: 1, 118: 1, 16: 1, 107: 1, 71: 1, 43: 1, 33: 1, 57: 1, 19: 1, 110: 1, 30: 1, 10: 1, 99: 1, 20: 1, 68: 1, 77: 1, 59: 1, 137: 1, 78: 1, 1: 1}","[4704, 3062, 13685, 4895, 2, 13267, 6248, 785, 11789, 10596, 8974, 121, 2093, 3408, 5711, 8857, 1998, 700, 4530, 8847, 4794, 3094, 6441, 3904, 7558, 12549, 11526, 5884, 13737, 6097, 3937, 6956, 14007, 11620, 14742, 11391, 6984, 9170, 8171, 13532, 6841, 15004, 10047, 12225, 2666, 10636, 7333, 2023, 7421, 5370, 7703, 8234, 14096, 13914, 10738, 11161, 1650, 1406, 11090, 8233, 10779, 7831, 3255, 8947, 10269, 157, 1265, 7540, 14825, 206, 14151, 14060, 4481, 8637, 13187, 3475, 9308, 7658, 5807, 10960, 8823, 14870, 13527, 2776, 14872, 9356, 2787, 9210, 7331, 11767, 1795, 7694, 3576, 11925, 3559, 8112, 4407, 1685, 5217, 14134]",1482,100,3,False,100
4780,how old are you,o,42,True,False,False,"{104: 2, 115: 2, 87: 1, 65: 2, 11: 1, 31: 2, 69: 3, 97: 3, 32: 1, 17: 1, 128: 1, 18: 1, 146: 1, 142: 1, 41: 1, 23: 1, 114: 1, 129: 1, 53: 3, 42: 1, 112: 1, 132: 1, 119: 1, 25: 3, 100: 1, 149: 1, 126: 2, 148: 1, 8: 2, 67: 1, 47: 1, 27: 1, 46: 1, 52: 1, 91: 2, 94: 1, 28: 1, 9: 1, 14: 1, 120: 2, 79: 1, 74: 1, 70: 1, 48: 1, 26: 2, 62: 2, 82: 1, 122: 1, 80: 1, 39: 1, 133: 1, 103: 1, 55: 1, 89: 1, 60: 1, 5: 1, 75: 1, 96: 1, 83: 1, 108: 1, 15: 1, 35: 1, 140: 1, 118: 1, 16: 1, 107: 1, 71: 1, 43: 1, 33: 1, 57: 1, 19: 1, 110: 1, 30: 1, 10: 1, 99: 1, 20: 1, 68: 1, 77: 1, 59: 1, 137: 1, 78: 1, 1: 1}","[4704, 3062, 13685, 4895, 2, 13267, 6248, 785, 11789, 10596, 8974, 121, 2093, 3408, 5711, 8857, 1998, 700, 4530, 8847, 4794, 3094, 6441, 3904, 7558, 12549, 11526, 5884, 13737, 6097, 3937, 6956, 14007, 11620, 14742, 11391, 6984, 9170, 8171, 13532, 6841, 15004, 10047, 12225, 2666, 10636, 7333, 2023, 7421, 5370, 7703, 8234, 14096, 13914, 10738, 11161, 1650, 1406, 11090, 8233, 10779, 7831, 3255, 8947, 10269, 157, 1265, 7540, 14825, 206, 14151, 14060, 4481, 8637, 13187, 3475, 9308, 7658, 5807, 10960, 8823, 14870, 13527, 2776, 14872, 9356, 2787, 9210, 7331, 11767, 1795, 7694, 3576, 11925, 3559, 8112, 4407, 1685, 5217, 14134]",4780,100,3,False,100
2734,credit limit,credit limit,41,True,True,True,"{104: 2, 115: 2, 87: 1, 65: 2, 11: 1, 31: 2, 69: 3, 97: 3, 32: 1, 17: 1, 128: 1, 18: 1, 146: 1, 142: 1, 41: 1, 23: 1, 114: 1, 129: 1, 53: 3, 42: 1, 112: 1, 132: 1, 119: 1, 25: 3, 100: 1, 149: 1, 126: 2, 148: 1, 8: 2, 67: 1, 47: 1, 27: 1, 46: 1, 52: 1, 91: 2, 94: 1, 28: 1, 9: 1, 14: 1, 120: 2, 79: 1, 74: 1, 70: 1, 48: 1, 26: 2, 62: 2, 82: 1, 122: 1, 80: 1, 39: 1, 133: 1, 103: 1, 55: 1, 89: 1, 60: 1, 5: 1, 75: 1, 96: 1, 83: 1, 108: 1, 15: 1, 35: 1, 140: 1, 118: 1, 16: 1, 107: 1, 71: 1, 43: 1, 33: 1, 57: 1, 19: 1, 110: 1, 30: 1, 10: 1, 99: 1, 20: 1, 68: 1, 77: 1, 59: 1, 137: 1, 78: 1, 1: 1}","[4704, 3062, 13685, 4895, 2, 13267, 6248, 785, 11789, 10596, 8974, 121, 2093, 3408, 5711, 8857, 1998, 700, 4530, 8847, 4794, 3094, 6441, 3904, 7558, 12549, 11526, 5884, 13737, 6097, 3937, 6956, 14007, 11620, 14742, 11391, 6984, 9170, 8171, 13532, 6841, 15004, 10047, 12225, 2666, 10636, 7333, 2023, 7421, 5370, 7703, 8234, 14096, 13914, 10738, 11161, 1650, 1406, 11090, 8233, 10779, 7831, 3255, 8947, 10269, 157, 1265, 7540, 14825, 206, 14151, 14060, 4481, 8637, 13187, 3475, 9308, 7658, 5807, 10960, 8823, 14870, 13527, 2776, 14872, 9356, 2787, 9210, 7331, 11767, 1795, 7694, 3576, 11925, 3559, 8112, 4407, 1685, 5217, 14134]",2734,100,3,False,100
1320,gas,m,142,True,False,True,"{104: 2, 115: 2, 87: 1, 65: 2, 11: 1, 31: 2, 69: 3, 97: 3, 32: 1, 17: 1, 128: 1, 18: 1, 146: 1, 142: 1, 41: 1, 23: 1, 114: 1, 129: 1, 53: 3, 42: 1, 112: 1, 132: 1, 119: 1, 25: 3, 100: 1, 149: 1, 126: 2, 148: 1, 8: 2, 67: 1, 47: 1, 27: 1, 46: 1, 52: 1, 91: 2, 94: 1, 28: 1, 9: 1, 14: 1, 120: 2, 79: 1, 74: 1, 70: 1, 48: 1, 26: 2, 62: 2, 82: 1, 122: 1, 80: 1, 39: 1, 133: 1, 103: 1, 55: 1, 89: 1, 60: 1, 5: 1, 75: 1, 96: 1, 83: 1, 108: 1, 15: 1, 35: 1, 140: 1, 118: 1, 16: 1, 107: 1, 71: 1, 43: 1, 33: 1, 57: 1, 19: 1, 110: 1, 30: 1, 10: 1, 99: 1, 20: 1, 68: 1, 77: 1, 59: 1, 137: 1, 78: 1, 1: 1}","[4704, 3062, 13685, 4895, 2, 13267, 6248, 785, 11789, 10596, 8974, 121, 2093, 3408, 5711, 8857, 1998, 700, 4530, 8847, 4794, 3094, 6441, 3904, 7558, 12549, 11526, 5884, 13737, 6097, 3937, 6956, 14007, 11620, 14742, 11391, 6984, 9170, 8171, 13532, 6841, 15004, 10047, 12225, 2666, 10636, 7333, 2023, 7421, 5370, 7703, 8234, 14096, 13914, 10738, 11161, 1650, 1406, 11090, 8233, 10779, 7831, 3255, 8947, 10269, 157, 1265, 7540, 14825, 206, 14151, 14060, 4481, 8637, 13187, 3475, 9308, 7658, 5807, 10960, 8823, 14870, 13527, 2776, 14872, 9356, 2787, 9210, 7331, 11767, 1795, 7694, 3576, 11925, 3559, 8112, 4407, 1685, 5217, 14134]",1320,100,3,False,100
1357,oil change when,oil change when,123,False,True,False,"{104: 2, 115: 2, 87: 1, 65: 2, 11: 1, 31: 2, 69: 3, 97: 3, 32: 1, 17: 1, 128: 1, 18: 1, 146: 1, 142: 1, 41: 1, 23: 1, 114: 1, 129: 1, 53: 3, 42: 1, 112: 1, 132: 1, 119: 1, 25: 3, 100: 1, 149: 1, 126: 2, 148: 1, 8: 2, 67: 1, 47: 1, 27: 1, 46: 1, 52: 1, 91: 2, 94: 1, 28: 1, 9: 1, 14: 1, 120: 2, 79: 1, 74: 1, 70: 1, 48: 1, 26: 2, 62: 2, 82: 1, 122: 1, 80: 1, 39: 1, 133: 1, 103: 1, 55: 1, 89: 1, 60: 1, 5: 1, 75: 1, 96: 1, 83: 1, 108: 1, 15: 1, 35: 1, 140: 1, 118: 1, 16: 1, 107: 1, 71: 1, 43: 1, 33: 1, 57: 1, 19: 1, 110: 1, 30: 1, 10: 1, 99: 1, 20: 1, 68: 1, 77: 1, 59: 1, 137: 1, 78: 1, 1: 1}","[4704, 3062, 13685, 4895, 2, 13267, 6248, 785, 11789, 10596, 8974, 121, 2093, 3408, 5711, 8857, 1998, 700, 4530, 8847, 4794, 3094, 6441, 3904, 7558, 12549, 11526, 5884, 13737, 6097, 3937, 6956, 14007, 11620, 14742, 11391, 6984, 9170, 8171, 13532, 6841, 15004, 10047, 12225, 2666, 10636, 7333, 2023, 7421, 5370, 7703, 8234, 14096, 13914, 10738, 11161, 1650, 1406, 11090, 8233, 10779, 7831, 3255, 8947, 10269, 157, 1265, 7540, 14825, 206, 14151, 14060, 4481, 8637, 13187, 3475, 9308, 7658, 5807, 10960, 8823, 14870, 13527, 2776, 14872, 9356, 2787, 9210, 7331, 11767, 1795, 7694, 3576, 11925, 3559, 8112, 4407, 1685, 5217, 14134]",1357,100,3,False,100
2788,restaurant reservation,how busy,102,False,False,False,"{104: 2, 115: 2, 87: 1, 65: 2, 11: 1, 31: 2, 69: 3, 97: 3, 32: 1, 17: 1, 128: 1, 18: 1, 146: 1, 142: 1, 41: 1, 23: 1, 114: 1, 129: 1, 53: 3, 42: 1, 112: 1, 132: 1, 119: 1, 25: 3, 100: 1, 149: 1, 126: 2, 148: 1, 8: 2, 67: 1, 47: 1, 27: 1, 46: 1, 52: 1, 91: 2, 94: 1, 28: 1, 9: 1, 14: 1, 120: 2, 79: 1, 74: 1, 70: 1, 48: 1, 26: 2, 62: 2, 82: 1, 122: 1, 80: 1, 39: 1, 133: 1, 103: 1, 55: 1, 89: 1, 60: 1, 5: 1, 75: 1, 96: 1, 83: 1, 108: 1, 15: 1, 35: 1, 140: 1, 118: 1, 16: 1, 107: 1, 71: 1, 43: 1, 33: 1, 57: 1, 19: 1, 110: 1, 30: 1, 10: 1, 99: 1, 20: 1, 68: 1, 77: 1, 59: 1, 137: 1, 78: 1, 1: 1}","[4704, 3062, 13685, 4895, 2, 13267, 6248, 785, 11789, 10596, 8974, 121, 2093, 3408, 5711, 8857, 1998, 700, 4530, 8847, 4794, 3094, 6441, 3904, 7558, 12549, 11526, 5884, 13737, 6097, 3937, 6956, 14007, 11620, 14742, 11391, 6984, 9170, 8171, 13532, 6841, 15004, 10047, 12225, 2666, 10636, 7333, 2023, 7421, 5370, 7703, 8234, 14096, 13914, 10738, 11161, 1650, 1406, 11090, 8233, 10779, 7831, 3255, 8947, 10269, 157, 1265, 7540, 14825, 206, 14151, 14060, 4481, 8637, 13187, 3475, 9308, 7658, 5807, 10960, 8823, 14870, 13527, 2776, 14872, 9356, 2787, 9210, 7331, 11767, 1795, 7694, 3576, 11925, 3559, 8112, 4407, 1685, 5217, 14134]",2788,100,3,False,100
951,user name,user,11,True,True,False,"{104: 2, 115: 2, 87: 1, 65: 2, 11: 1, 31: 2, 69: 3, 97: 3, 32: 1, 17: 1, 128: 1, 18: 1, 146: 1, 142: 1, 41: 1, 23: 1, 114: 1, 129: 1, 53: 3, 42: 1, 112: 1, 132: 1, 119: 1, 25: 3, 100: 1, 149: 1, 126: 2, 148: 1, 8: 2, 67: 1, 47: 1, 27: 1, 46: 1, 52: 1, 91: 2, 94: 1, 28: 1, 9: 1, 14: 1, 120: 2, 79: 1, 74: 1, 70: 1, 48: 1, 26: 2, 62: 2, 82: 1, 122: 1, 80: 1, 39: 1, 133: 1, 103: 1, 55: 1, 89: 1, 60: 1, 5: 1, 75: 1, 96: 1, 83: 1, 108: 1, 15: 1, 35: 1, 140: 1, 118: 1, 16: 1, 107: 1, 71: 1, 43: 1, 33: 1, 57: 1, 19: 1, 110: 1, 30: 1, 10: 1, 99: 1, 20: 1, 68: 1, 77: 1, 59: 1, 137: 1, 78: 1, 1: 1}","[4704, 3062, 13685, 4895, 2, 13267, 6248, 785, 11789, 10596, 8974, 121, 2093, 3408, 5711, 8857, 1998, 700, 4530, 8847, 4794, 3094, 6441, 3904, 7558, 12549, 11526, 5884, 13737, 6097, 3937, 6956, 14007, 11620, 14742, 11391, 6984, 9170, 8171, 13532, 6841, 15004, 10047, 12225, 2666, 10636, 7333, 2023, 7421, 5370, 7703, 8234, 14096, 13914, 10738, 11161, 1650, 1406, 11090, 8233, 10779, 7831, 3255, 8947, 10269, 157, 1265, 7540, 14825, 206, 14151, 14060, 4481, 8637, 13187, 3475, 9308, 7658, 5807, 10960, 8823, 14870, 13527, 2776, 14872, 9356, 2787, 9210, 7331, 11767, 1795, 7694, 3576, 11925, 3559, 8112, 4407, 1685, 5217, 14134]",951,100,3,False,100
601,shopping list,shopping list update,125,False,False,True,"{104: 2, 115: 2, 87: 1, 65: 2, 11: 1, 31: 2, 69: 3, 97: 3, 32: 1, 17: 1, 128: 1, 18: 1, 146: 1, 142: 1, 41: 1, 23: 1, 114: 1, 129: 1, 53: 3, 42: 1, 112: 1, 132: 1, 119: 1, 25: 3, 100: 1, 149: 1, 126: 2, 148: 1, 8: 2, 67: 1, 47: 1, 27: 1, 46: 1, 52: 1, 91: 2, 94: 1, 28: 1, 9: 1, 14: 1, 120: 2, 79: 1, 74: 1, 70: 1, 48: 1, 26: 2, 62: 2, 82: 1, 122: 1, 80: 1, 39: 1, 133: 1, 103: 1, 55: 1, 89: 1, 60: 1, 5: 1, 75: 1, 96: 1, 83: 1, 108: 1, 15: 1, 35: 1, 140: 1, 118: 1, 16: 1, 107: 1, 71: 1, 43: 1, 33: 1, 57: 1, 19: 1, 110: 1, 30: 1, 10: 1, 99: 1, 20: 1, 68: 1, 77: 1, 59: 1, 137: 1, 78: 1, 1: 1}","[4704, 3062, 13685, 4895, 2, 13267, 6248, 785, 11789, 10596, 8974, 121, 2093, 3408, 5711, 8857, 1998, 700, 4530, 8847, 4794, 3094, 6441, 3904, 7558, 12549, 11526, 5884, 13737, 6097, 3937, 6956, 14007, 11620, 14742, 11391, 6984, 9170, 8171, 13532, 6841, 15004, 10047, 12225, 2666, 10636, 7333, 2023, 7421, 5370, 7703, 8234, 14096, 13914, 10738, 11161, 1650, 1406, 11090, 8233, 10779, 7831, 3255, 8947, 10269, 157, 1265, 7540, 14825, 206, 14151, 14060, 4481, 8637, 13187, 3475, 9308, 7658, 5807, 10960, 8823, 14870, 13527, 2776, 14872, 9356, 2787, 9210, 7331, 11767, 1795, 7694, 3576, 11925, 3559, 8112, 4407, 1685, 5217, 14134]",601,100,3,False,100
4192,change ai name,change ai,55,True,True,False,"{104: 2, 115: 2, 87: 1, 65: 2, 11: 1, 31: 2, 69: 3, 97: 3, 32: 1, 17: 1, 128: 1, 18: 1, 146: 1, 142: 1, 41: 1, 23: 1, 114: 1, 129: 1, 53: 3, 42: 1, 112: 1, 132: 1, 119: 1, 25: 3, 100: 1, 149: 1, 126: 2, 148: 1, 8: 2, 67: 1, 47: 1, 27: 1, 46: 1, 52: 1, 91: 2, 94: 1, 28: 1, 9: 1, 14: 1, 120: 2, 79: 1, 74: 1, 70: 1, 48: 1, 26: 2, 62: 2, 82: 1, 122: 1, 80: 1, 39: 1, 133: 1, 103: 1, 55: 1, 89: 1, 60: 1, 5: 1, 75: 1, 96: 1, 83: 1, 108: 1, 15: 1, 35: 1, 140: 1, 118: 1, 16: 1, 107: 1, 71: 1, 43: 1, 33: 1, 57: 1, 19: 1, 110: 1, 30: 1, 10: 1, 99: 1, 20: 1, 68: 1, 77: 1, 59: 1, 137: 1, 78: 1, 1: 1}","[4704, 3062, 13685, 4895, 2, 13267, 6248, 785, 11789, 10596, 8974, 121, 2093, 3408, 5711, 8857, 1998, 700, 4530, 8847, 4794, 3094, 6441, 3904, 7558, 12549, 11526, 5884, 13737, 6097, 3937, 6956, 14007, 11620, 14742, 11391, 6984, 9170, 8171, 13532, 6841, 15004, 10047, 12225, 2666, 10636, 7333, 2023, 7421, 5370, 7703, 8234, 14096, 13914, 10738, 11161, 1650, 1406, 11090, 8233, 10779, 7831, 3255, 8947, 10269, 157, 1265, 7540, 14825, 206, 14151, 14060, 4481, 8637, 13187, 3475, 9308, 7658, 5807, 10960, 8823, 14870, 13527, 2776, 14872, 9356, 2787, 9210, 7331, 11767, 1795, 7694, 3576, 11925, 3559, 8112, 4407, 1685, 5217, 14134]",4192,100,3,False,100
2705,who do you work for,who do,57,True,True,False,"{104: 2, 115: 2, 87: 1, 65: 2, 11: 1, 31: 2, 69: 3, 97: 3, 32: 1, 17: 1, 128: 1, 18: 1, 146: 1, 142: 1, 41: 1, 23: 1, 114: 1, 129: 1, 53: 3, 42: 1, 112: 1, 132: 1, 119: 1, 25: 3, 100: 1, 149: 1, 126: 2, 148: 1, 8: 2, 67: 1, 47: 1, 27: 1, 46: 1, 52: 1, 91: 2, 94: 1, 28: 1, 9: 1, 14: 1, 120: 2, 79: 1, 74: 1, 70: 1, 48: 1, 26: 2, 62: 2, 82: 1, 122: 1, 80: 1, 39: 1, 133: 1, 103: 1, 55: 1, 89: 1, 60: 1, 5: 1, 75: 1, 96: 1, 83: 1, 108: 1, 15: 1, 35: 1, 140: 1, 118: 1, 16: 1, 107: 1, 71: 1, 43: 1, 33: 1, 57: 1, 19: 1, 110: 1, 30: 1, 10: 1, 99: 1, 20: 1, 68: 1, 77: 1, 59: 1, 137: 1, 78: 1, 1: 1}","[4704, 3062, 13685, 4895, 2, 13267, 6248, 785, 11789, 10596, 8974, 121, 2093, 3408, 5711, 8857, 1998, 700, 4530, 8847, 4794, 3094, 6441, 3904, 7558, 12549, 11526, 5884, 13737, 6097, 3937, 6956, 14007, 11620, 14742, 11391, 6984, 9170, 8171, 13532, 6841, 15004, 10047, 12225, 2666, 10636, 7333, 2023, 7421, 5370, 7703, 8234, 14096, 13914, 10738, 11161, 1650, 1406, 11090, 8233, 10779, 7831, 3255, 8947, 10269, 157, 1265, 7540, 14825, 206, 14151, 14060, 4481, 8637, 13187, 3475, 9308, 7658, 5807, 10960, 8823, 14870, 13527, 2776, 14872, 9356, 2787, 9210, 7331, 11767, 1795, 7694, 3576, 11925, 3559, 8112, 4407, 1685, 5217, 14134]",2705,100,3,False,100
1382,yes,yes,107,True,True,True,"{104: 2, 115: 2, 87: 1, 65: 2, 11: 1, 31: 2, 69: 3, 97: 3, 32: 1, 17: 1, 128: 1, 18: 1, 146: 1, 142: 1, 41: 1, 23: 1, 114: 1, 129: 1, 53: 3, 42: 1, 112: 1, 132: 1, 119: 1, 25: 3, 100: 1, 149: 1, 126: 2, 148: 1, 8: 2, 67: 1, 47: 1, 27: 1, 46: 1, 52: 1, 91: 2, 94: 1, 28: 1, 9: 1, 14: 1, 120: 2, 79: 1, 74: 1, 70: 1, 48: 1, 26: 2, 62: 2, 82: 1, 122: 1, 80: 1, 39: 1, 133: 1, 103: 1, 55: 1, 89: 1, 60: 1, 5: 1, 75: 1, 96: 1, 83: 1, 108: 1, 15: 1, 35: 1, 140: 1, 118: 1, 16: 1, 107: 1, 71: 1, 43: 1, 33: 1, 57: 1, 19: 1, 110: 1, 30: 1, 10: 1, 99: 1, 20: 1, 68: 1, 77: 1, 59: 1, 137: 1, 78: 1, 1: 1}","[4704, 3062, 13685, 4895, 2, 13267, 6248, 785, 11789, 10596, 8974, 121, 2093, 3408, 5711, 8857, 1998, 700, 4530, 8847, 4794, 3094, 6441, 3904, 7558, 12549, 11526, 5884, 13737, 6097, 3937, 6956, 14007, 11620, 14742, 11391, 6984, 9170, 8171, 13532, 6841, 15004, 10047, 12225, 2666, 10636, 7333, 2023, 7421, 5370, 7703, 8234, 14096, 13914, 10738, 11161, 1650, 1406, 11090, 8233, 10779, 7831, 3255, 8947, 10269, 157, 1265, 7540, 14825, 206, 14151, 14060, 4481, 8637, 13187, 3475, 9308, 7658, 5807, 10960, 8823, 14870, 13527, 2776, 14872, 9356, 2787, 9210, 7331, 11767, 1795, 7694, 3576, 11925, 3559, 8112, 4407, 1685, 5217, 14134]",1382,100,3,False,100
1311,repeat,repeat,13,False,True,False,"{104: 2, 115: 2, 87: 1, 65: 2, 11: 1, 31: 2, 69: 3, 97: 3, 32: 1, 17: 1, 128: 1, 18: 1, 146: 1, 142: 1, 41: 1, 23: 1, 114: 1, 129: 1, 53: 3, 42: 1, 112: 1, 132: 1, 119: 1, 25: 3, 100: 1, 149: 1, 126: 2, 148: 1, 8: 2, 67: 1, 47: 1, 27: 1, 46: 1, 52: 1, 91: 2, 94: 1, 28: 1, 9: 1, 14: 1, 120: 2, 79: 1, 74: 1, 70: 1, 48: 1, 26: 2, 62: 2, 82: 1, 122: 1, 80: 1, 39: 1, 133: 1, 103: 1, 55: 1, 89: 1, 60: 1, 5: 1, 75: 1, 96: 1, 83: 1, 108: 1, 15: 1, 35: 1, 140: 1, 118: 1, 16: 1, 107: 1, 71: 1, 43: 1, 33: 1, 57: 1, 19: 1, 110: 1, 30: 1, 10: 1, 99: 1, 20: 1, 68: 1, 77: 1, 59: 1, 137: 1, 78: 1, 1: 1}","[4704, 3062, 13685, 4895, 2, 13267, 6248, 785, 11789, 10596, 8974, 121, 2093, 3408, 5711, 8857, 1998, 700, 4530, 8847, 4794, 3094, 6441, 3904, 7558, 12549, 11526, 5884, 13737, 6097, 3937, 6956, 14007, 11620, 14742, 11391, 6984, 9170, 8171, 13532, 6841, 15004, 10047, 12225, 2666, 10636, 7333, 2023, 7421, 5370, 7703, 8234, 14096, 13914, 10738, 11161, 1650, 1406, 11090, 8233, 10779, 7831, 3255, 8947, 10269, 157, 1265, 7540, 14825, 206, 14151, 14060, 4481, 8637, 13187, 3475, 9308, 7658, 5807, 10960, 8823, 14870, 13527, 2776, 14872, 9356, 2787, 9210, 7331, 11767, 1795, 7694, 3576, 11925, 3559, 8112, 4407, 1685, 5217, 14134]",1311,100,3,False,100
1784,date,date,95,False,True,False,"{104: 2, 115: 2, 87: 1, 65: 2, 11: 1, 31: 2, 69: 3, 97: 3, 32: 1, 17: 1, 128: 1, 18: 1, 146: 1, 142: 1, 41: 1, 23: 1, 114: 1, 129: 1, 53: 3, 42: 1, 112: 1, 132: 1, 119: 1, 25: 3, 100: 1, 149: 1, 126: 2, 148: 1, 8: 2, 67: 1, 47: 1, 27: 1, 46: 1, 52: 1, 91: 2, 94: 1, 28: 1, 9: 1, 14: 1, 120: 2, 79: 1, 74: 1, 70: 1, 48: 1, 26: 2, 62: 2, 82: 1, 122: 1, 80: 1, 39: 1, 133: 1, 103: 1, 55: 1, 89: 1, 60: 1, 5: 1, 75: 1, 96: 1, 83: 1, 108: 1, 15: 1, 35: 1, 140: 1, 118: 1, 16: 1, 107: 1, 71: 1, 43: 1, 33: 1, 57: 1, 19: 1, 110: 1, 30: 1, 10: 1, 99: 1, 20: 1, 68: 1, 77: 1, 59: 1, 137: 1, 78: 1, 1: 1}","[4704, 3062, 13685, 4895, 2, 13267, 6248, 785, 11789, 10596, 8974, 121, 2093, 3408, 5711, 8857, 1998, 700, 4530, 8847, 4794, 3094, 6441, 3904, 7558, 12549, 11526, 5884, 13737, 6097, 3937, 6956, 14007, 11620, 14742, 11391, 6984, 9170, 8171, 13532, 6841, 15004, 10047, 12225, 2666, 10636, 7333, 2023, 7421, 5370, 7703, 8234, 14096, 13914, 10738, 11161, 1650, 1406, 11090, 8233, 10779, 7831, 3255, 8947, 10269, 157, 1265, 7540, 14825, 206, 14151, 14060, 4481, 8637, 13187, 3475, 9308, 7658, 5807, 10960, 8823, 14870, 13527, 2776, 14872, 9356, 2787, 9210, 7331, 11767, 1795, 7694, 3576, 11925, 3559, 8112, 4407, 1685, 5217, 14134]",1784,100,3,False,100
3631,direct deposit,direct,108,True,True,False,"{104: 2, 115: 2, 87: 1, 65: 2, 11: 1, 31: 2, 69: 3, 97: 3, 32: 1, 17: 1, 128: 1, 18: 1, 146: 1, 142: 1, 41: 1, 23: 1, 114: 1, 129: 1, 53: 3, 42: 1, 112: 1, 132: 1, 119: 1, 25: 3, 100: 1, 149: 1, 126: 2, 148: 1, 8: 2, 67: 1, 47: 1, 27: 1, 46: 1, 52: 1, 91: 2, 94: 1, 28: 1, 9: 1, 14: 1, 120: 2, 79: 1, 74: 1, 70: 1, 48: 1, 26: 2, 62: 2, 82: 1, 122: 1, 80: 1, 39: 1, 133: 1, 103: 1, 55: 1, 89: 1, 60: 1, 5: 1, 75: 1, 96: 1, 83: 1, 108: 1, 15: 1, 35: 1, 140: 1, 118: 1, 16: 1, 107: 1, 71: 1, 43: 1, 33: 1, 57: 1, 19: 1, 110: 1, 30: 1, 10: 1, 99: 1, 20: 1, 68: 1, 77: 1, 59: 1, 137: 1, 78: 1, 1: 1}","[4704, 3062, 13685, 4895, 2, 13267, 6248, 785, 11789, 10596, 8974, 121, 2093, 3408, 5711, 8857, 1998, 700, 4530, 8847, 4794, 3094, 6441, 3904, 7558, 12549, 11526, 5884, 13737, 6097, 3937, 6956, 14007, 11620, 14742, 11391, 6984, 9170, 8171, 13532, 6841, 15004, 10047, 12225, 2666, 10636, 7333, 2023, 7421, 5370, 7703, 8234, 14096, 13914, 10738, 11161, 1650, 1406, 11090, 8233, 10779, 7831, 3255, 8947, 10269, 157, 1265, 7540, 14825, 206, 14151, 14060, 4481, 8637, 13187, 3475, 9308, 7658, 5807, 10960, 8823, 14870, 13527, 2776, 14872, 9356, 2787, 9210, 7331, 11767, 1795, 7694, 3576, 11925, 3559, 8112, 4407, 1685, 5217, 14134]",3631,100,3,False,100
1169,spending history,spending,71,True,True,False,"{104: 2, 115: 2, 87: 1, 65: 2, 11: 1, 31: 2, 69: 3, 97: 3, 32: 1, 17: 1, 128: 1, 18: 1, 146: 1, 142: 1, 41: 1, 23: 1, 114: 1, 129: 1, 53: 3, 42: 1, 112: 1, 132: 1, 119: 1, 25: 3, 100: 1, 149: 1, 126: 2, 148: 1, 8: 2, 67: 1, 47: 1, 27: 1, 46: 1, 52: 1, 91: 2, 94: 1, 28: 1, 9: 1, 14: 1, 120: 2, 79: 1, 74: 1, 70: 1, 48: 1, 26: 2, 62: 2, 82: 1, 122: 1, 80: 1, 39: 1, 133: 1, 103: 1, 55: 1, 89: 1, 60: 1, 5: 1, 75: 1, 96: 1, 83: 1, 108: 1, 15: 1, 35: 1, 140: 1, 118: 1, 16: 1, 107: 1, 71: 1, 43: 1, 33: 1, 57: 1, 19: 1, 110: 1, 30: 1, 10: 1, 99: 1, 20: 1, 68: 1, 77: 1, 59: 1, 137: 1, 78: 1, 1: 1}","[4704, 3062, 13685, 4895, 2, 13267, 6248, 785, 11789, 10596, 8974, 121, 2093, 3408, 5711, 8857, 1998, 700, 4530, 8847, 4794, 3094, 6441, 3904, 7558, 12549, 11526, 5884, 13737, 6097, 3937, 6956, 14007, 11620, 14742, 11391, 6984, 9170, 8171, 13532, 6841, 15004, 10047, 12225, 2666, 10636, 7333, 2023, 7421, 5370, 7703, 8234, 14096, 13914, 10738, 11161, 1650, 1406, 11090, 8233, 10779, 7831, 3255, 8947, 10269, 157, 1265, 7540, 14825, 206, 14151, 14060, 4481, 8637, 13187, 3475, 9308, 7658, 5807, 10960, 8823, 14870, 13527, 2776, 14872, 9356, 2787, 9210, 7331, 11767, 1795, 7694, 3576, 11925, 3559, 8112, 4407, 1685, 5217, 14134]",1169,100,3,False,100
2671,change volume,change volume,150,False,True,False,"{104: 2, 115: 2, 87: 1, 65: 2, 11: 1, 31: 2, 69: 3, 97: 3, 32: 1, 17: 1, 128: 1, 18: 1, 146: 1, 142: 1, 41: 1, 23: 1, 114: 1, 129: 1, 53: 3, 42: 1, 112: 1, 132: 1, 119: 1, 25: 3, 100: 1, 149: 1, 126: 2, 148: 1, 8: 2, 67: 1, 47: 1, 27: 1, 46: 1, 52: 1, 91: 2, 94: 1, 28: 1, 9: 1, 14: 1, 120: 2, 79: 1, 74: 1, 70: 1, 48: 1, 26: 2, 62: 2, 82: 1, 122: 1, 80: 1, 39: 1, 133: 1, 103: 1, 55: 1, 89: 1, 60: 1, 5: 1, 75: 1, 96: 1, 83: 1, 108: 1, 15: 1, 35: 1, 140: 1, 118: 1, 16: 1, 107: 1, 71: 1, 43: 1, 33: 1, 57: 1, 19: 1, 110: 1, 30: 1, 10: 1, 99: 1, 20: 1, 68: 1, 77: 1, 59: 1, 137: 1, 78: 1, 1: 1}","[4704, 3062, 13685, 4895, 2, 13267, 6248, 785, 11789, 10596, 8974, 121, 2093, 3408, 5711, 8857, 1998, 700, 4530, 8847, 4794, 3094, 6441, 3904, 7558, 12549, 11526, 5884, 13737, 6097, 3937, 6956, 14007, 11620, 14742, 11391, 6984, 9170, 8171, 13532, 6841, 15004, 10047, 12225, 2666, 10636, 7333, 2023, 7421, 5370, 7703, 8234, 14096, 13914, 10738, 11161, 1650, 1406, 11090, 8233, 10779, 7831, 3255, 8947, 10269, 157, 1265, 7540, 14825, 206, 14151, 14060, 4481, 8637, 13187, 3475, 9308, 7658, 5807, 10960, 8823, 14870, 13527, 2776, 14872, 9356, 2787, 9210, 7331, 11767, 1795, 7694, 3576, 11925, 3559, 8112, 4407, 1685, 5217, 14134]",2671,100,3,False,100
1658,nutrition info,nut,1,True,True,False,"{104: 2, 115: 2, 87: 1, 65: 2, 11: 1, 31: 2, 69: 3, 97: 3, 32: 1, 17: 1, 128: 1, 18: 1, 146: 1, 142: 1, 41: 1, 23: 1, 114: 1, 129: 1, 53: 3, 42: 1, 112: 1, 132: 1, 119: 1, 25: 3, 100: 1, 149: 1, 126: 2, 148: 1, 8: 2, 67: 1, 47: 1, 27: 1, 46: 1, 52: 1, 91: 2, 94: 1, 28: 1, 9: 1, 14: 1, 120: 2, 79: 1, 74: 1, 70: 1, 48: 1, 26: 2, 62: 2, 82: 1, 122: 1, 80: 1, 39: 1, 133: 1, 103: 1, 55: 1, 89: 1, 60: 1, 5: 1, 75: 1, 96: 1, 83: 1, 108: 1, 15: 1, 35: 1, 140: 1, 118: 1, 16: 1, 107: 1, 71: 1, 43: 1, 33: 1, 57: 1, 19: 1, 110: 1, 30: 1, 10: 1, 99: 1, 20: 1, 68: 1, 77: 1, 59: 1, 137: 1, 78: 1, 1: 1}","[4704, 3062, 13685, 4895, 2, 13267, 6248, 785, 11789, 10596, 8974, 121, 2093, 3408, 5711, 8857, 1998, 700, 4530, 8847, 4794, 3094, 6441, 3904, 7558, 12549, 11526, 5884, 13737, 6097, 3937, 6956, 14007, 11620, 14742, 11391, 6984, 9170, 8171, 13532, 6841, 15004, 10047, 12225, 2666, 10636, 7333, 2023, 7421, 5370, 7703, 8234, 14096, 13914, 10738, 11161, 1650, 1406, 11090, 8233, 10779, 7831, 3255, 8947, 10269, 157, 1265, 7540, 14825, 206, 14151, 14060, 4481, 8637, 13187, 3475, 9308, 7658, 5807, 10960, 8823, 14870, 13527, 2776, 14872, 9356, 2787, 9210, 7331, 11767, 1795, 7694, 3576, 11925, 3559, 8112, 4407, 1685, 5217, 14134]",1658,100,3,False,100
4834,book hotel,o,42,True,False,False,"{104: 2, 115: 2, 87: 1, 65: 2, 11: 1, 31: 2, 69: 3, 97: 3, 32: 1, 17: 1, 128: 1, 18: 1, 146: 1, 142: 1, 41: 1, 23: 1, 114: 1, 129: 1, 53: 3, 42: 1, 112: 1, 132: 1, 119: 1, 25: 3, 100: 1, 149: 1, 126: 2, 148: 1, 8: 2, 67: 1, 47: 1, 27: 1, 46: 1, 52: 1, 91: 2, 94: 1, 28: 1, 9: 1, 14: 1, 120: 2, 79: 1, 74: 1, 70: 1, 48: 1, 26: 2, 62: 2, 82: 1, 122: 1, 80: 1, 39: 1, 133: 1, 103: 1, 55: 1, 89: 1, 60: 1, 5: 1, 75: 1, 96: 1, 83: 1, 108: 1, 15: 1, 35: 1, 140: 1, 118: 1, 16: 1, 107: 1, 71: 1, 43: 1, 33: 1, 57: 1, 19: 1, 110: 1, 30: 1, 10: 1, 99: 1, 20: 1, 68: 1, 77: 1, 59: 1, 137: 1, 78: 1, 1: 1}","[4704, 3062, 13685, 4895, 2, 13267, 6248, 785, 11789, 10596, 8974, 121, 2093, 3408, 5711, 8857, 1998, 700, 4530, 8847, 4794, 3094, 6441, 3904, 7558, 12549, 11526, 5884, 13737, 6097, 3937, 6956, 14007, 11620, 14742, 11391, 6984, 9170, 8171, 13532, 6841, 15004, 10047, 12225, 2666, 10636, 7333, 2023, 7421, 5370, 7703, 8234, 14096, 13914, 10738, 11161, 1650, 1406, 11090, 8233, 10779, 7831, 3255, 8947, 10269, 157, 1265, 7540, 14825, 206, 14151, 14060, 4481, 8637, 13187, 3475, 9308, 7658, 5807, 10960, 8823, 14870, 13527, 2776, 14872, 9356, 2787, 9210, 7331, 11767, 1795, 7694, 3576, 11925, 3559, 8112, 4407, 1685, 5217, 14134]",4834,100,3,False,100
4573,traffic,o,42,True,False,False,"{104: 2, 115: 2, 87: 1, 65: 2, 11: 1, 31: 2, 69: 3, 97: 3, 32: 1, 17: 1, 128: 1, 18: 1, 146: 1, 142: 1, 41: 1, 23: 1, 114: 1, 129: 1, 53: 3, 42: 1, 112: 1, 132: 1, 119: 1, 25: 3, 100: 1, 149: 1, 126: 2, 148: 1, 8: 2, 67: 1, 47: 1, 27: 1, 46: 1, 52: 1, 91: 2, 94: 1, 28: 1, 9: 1, 14: 1, 120: 2, 79: 1, 74: 1, 70: 1, 48: 1, 26: 2, 62: 2, 82: 1, 122: 1, 80: 1, 39: 1, 133: 1, 103: 1, 55: 1, 89: 1, 60: 1, 5: 1, 75: 1, 96: 1, 83: 1, 108: 1, 15: 1, 35: 1, 140: 1, 118: 1, 16: 1, 107: 1, 71: 1, 43: 1, 33: 1, 57: 1, 19: 1, 110: 1, 30: 1, 10: 1, 99: 1, 20: 1, 68: 1, 77: 1, 59: 1, 137: 1, 78: 1, 1: 1}","[4704, 3062, 13685, 4895, 2, 13267, 6248, 785, 11789, 10596, 8974, 121, 2093, 3408, 5711, 8857, 1998, 700, 4530, 8847, 4794, 3094, 6441, 3904, 7558, 12549, 11526, 5884, 13737, 6097, 3937, 6956, 14007, 11620, 14742, 11391, 6984, 9170, 8171, 13532, 6841, 15004, 10047, 12225, 2666, 10636, 7333, 2023, 7421, 5370, 7703, 8234, 14096, 13914, 10738, 11161, 1650, 1406, 11090, 8233, 10779, 7831, 3255, 8947, 10269, 157, 1265, 7540, 14825, 206, 14151, 14060, 4481, 8637, 13187, 3475, 9308, 7658, 5807, 10960, 8823, 14870, 13527, 2776, 14872, 9356, 2787, 9210, 7331, 11767, 1795, 7694, 3576, 11925, 3559, 8112, 4407, 1685, 5217, 14134]",4573,100,3,False,100
3508,gas,directions,72,False,False,True,"{104: 2, 115: 2, 87: 1, 65: 2, 11: 1, 31: 2, 69: 3, 97: 3, 32: 1, 17: 1, 128: 1, 18: 1, 146: 1, 142: 1, 41: 1, 23: 1, 114: 1, 129: 1, 53: 3, 42: 1, 112: 1, 132: 1, 119: 1, 25: 3, 100: 1, 149: 1, 126: 2, 148: 1, 8: 2, 67: 1, 47: 1, 27: 1, 46: 1, 52: 1, 91: 2, 94: 1, 28: 1, 9: 1, 14: 1, 120: 2, 79: 1, 74: 1, 70: 1, 48: 1, 26: 2, 62: 2, 82: 1, 122: 1, 80: 1, 39: 1, 133: 1, 103: 1, 55: 1, 89: 1, 60: 1, 5: 1, 75: 1, 96: 1, 83: 1, 108: 1, 15: 1, 35: 1, 140: 1, 118: 1, 16: 1, 107: 1, 71: 1, 43: 1, 33: 1, 57: 1, 19: 1, 110: 1, 30: 1, 10: 1, 99: 1, 20: 1, 68: 1, 77: 1, 59: 1, 137: 1, 78: 1, 1: 1}","[4704, 3062, 13685, 4895, 2, 13267, 6248, 785, 11789, 10596, 8974, 121, 2093, 3408, 5711, 8857, 1998, 700, 4530, 8847, 4794, 3094, 6441, 3904, 7558, 12549, 11526, 5884, 13737, 6097, 3937, 6956, 14007, 11620, 14742, 11391, 6984, 9170, 8171, 13532, 6841, 15004, 10047, 12225, 2666, 10636, 7333, 2023, 7421, 5370, 7703, 8234, 14096, 13914, 10738, 11161, 1650, 1406, 11090, 8233, 10779, 7831, 3255, 8947, 10269, 157, 1265, 7540, 14825, 206, 14151, 14060, 4481, 8637, 13187, 3475, 9308, 7658, 5807, 10960, 8823, 14870, 13527, 2776, 14872, 9356, 2787, 9210, 7331, 11767, 1795, 7694, 3576, 11925, 3559, 8112, 4407, 1685, 5217, 14134]",3508,100,3,False,100
1453,insurance,insurance,74,True,True,True,"{104: 2, 115: 2, 87: 1, 65: 2, 11: 1, 31: 2, 69: 3, 97: 3, 32: 1, 17: 1, 128: 1, 18: 1, 146: 1, 142: 1, 41: 1, 23: 1, 114: 1, 129: 1, 53: 3, 42: 1, 112: 1, 132: 1, 119: 1, 25: 3, 100: 1, 149: 1, 126: 2, 148: 1, 8: 2, 67: 1, 47: 1, 27: 1, 46: 1, 52: 1, 91: 2, 94: 1, 28: 1, 9: 1, 14: 1, 120: 2, 79: 1, 74: 1, 70: 1, 48: 1, 26: 2, 62: 2, 82: 1, 122: 1, 80: 1, 39: 1, 133: 1, 103: 1, 55: 1, 89: 1, 60: 1, 5: 1, 75: 1, 96: 1, 83: 1, 108: 1, 15: 1, 35: 1, 140: 1, 118: 1, 16: 1, 107: 1, 71: 1, 43: 1, 33: 1, 57: 1, 19: 1, 110: 1, 30: 1, 10: 1, 99: 1, 20: 1, 68: 1, 77: 1, 59: 1, 137: 1, 78: 1, 1: 1}","[4704, 3062, 13685, 4895, 2, 13267, 6248, 785, 11789, 10596, 8974, 121, 2093, 3408, 5711, 8857, 1998, 700, 4530, 8847, 4794, 3094, 6441, 3904, 7558, 12549, 11526, 5884, 13737, 6097, 3937, 6956, 14007, 11620, 14742, 11391, 6984, 9170, 8171, 13532, 6841, 15004, 10047, 12225, 2666, 10636, 7333, 2023, 7421, 5370, 7703, 8234, 14096, 13914, 10738, 11161, 1650, 1406, 11090, 8233, 10779, 7831, 3255, 8947, 10269, 157, 1265, 7540, 14825, 206, 14151, 14060, 4481, 8637, 13187, 3475, 9308, 7658, 5807, 10960, 8823, 14870, 13527, 2776, 14872, 9356, 2787, 9210, 7331, 11767, 1795, 7694, 3576, 11925, 3559, 8112, 4407, 1685, 5217, 14134]",1453,100,3,False,100
2664,next holiday,next hol,140,True,True,False,"{104: 2, 115: 2, 87: 1, 65: 2, 11: 1, 31: 2, 69: 3, 97: 3, 32: 1, 17: 1, 128: 1, 18: 1, 146: 1, 142: 1, 41: 1, 23: 1, 114: 1, 129: 1, 53: 3, 42: 1, 112: 1, 132: 1, 119: 1, 25: 3, 100: 1, 149: 1, 126: 2, 148: 1, 8: 2, 67: 1, 47: 1, 27: 1, 46: 1, 52: 1, 91: 2, 94: 1, 28: 1, 9: 1, 14: 1, 120: 2, 79: 1, 74: 1, 70: 1, 48: 1, 26: 2, 62: 2, 82: 1, 122: 1, 80: 1, 39: 1, 133: 1, 103: 1, 55: 1, 89: 1, 60: 1, 5: 1, 75: 1, 96: 1, 83: 1, 108: 1, 15: 1, 35: 1, 140: 1, 118: 1, 16: 1, 107: 1, 71: 1, 43: 1, 33: 1, 57: 1, 19: 1, 110: 1, 30: 1, 10: 1, 99: 1, 20: 1, 68: 1, 77: 1, 59: 1, 137: 1, 78: 1, 1: 1}","[4704, 3062, 13685, 4895, 2, 13267, 6248, 785, 11789, 10596, 8974, 121, 2093, 3408, 5711, 8857, 1998, 700, 4530, 8847, 4794, 3094, 6441, 3904, 7558, 12549, 11526, 5884, 13737, 6097, 3937, 6956, 14007, 11620, 14742, 11391, 6984, 9170, 8171, 13532, 6841, 15004, 10047, 12225, 2666, 10636, 7333, 2023, 7421, 5370, 7703, 8234, 14096, 13914, 10738, 11161, 1650, 1406, 11090, 8233, 10779, 7831, 3255, 8947, 10269, 157, 1265, 7540, 14825, 206, 14151, 14060, 4481, 8637, 13187, 3475, 9308, 7658, 5807, 10960, 8823, 14870, 13527, 2776, 14872, 9356, 2787, 9210, 7331, 11767, 1795, 7694, 3576, 11925, 3559, 8112, 4407, 1685, 5217, 14134]",2664,100,3,False,100
5234,how old are you,o,42,True,False,False,"{104: 2, 115: 2, 87: 1, 65: 2, 11: 1, 31: 2, 69: 3, 97: 3, 32: 1, 17: 1, 128: 1, 18: 1, 146: 1, 142: 1, 41: 1, 23: 1, 114: 1, 129: 1, 53: 3, 42: 1, 112: 1, 132: 1, 119: 1, 25: 3, 100: 1, 149: 1, 126: 2, 148: 1, 8: 2, 67: 1, 47: 1, 27: 1, 46: 1, 52: 1, 91: 2, 94: 1, 28: 1, 9: 1, 14: 1, 120: 2, 79: 1, 74: 1, 70: 1, 48: 1, 26: 2, 62: 2, 82: 1, 122: 1, 80: 1, 39: 1, 133: 1, 103: 1, 55: 1, 89: 1, 60: 1, 5: 1, 75: 1, 96: 1, 83: 1, 108: 1, 15: 1, 35: 1, 140: 1, 118: 1, 16: 1, 107: 1, 71: 1, 43: 1, 33: 1, 57: 1, 19: 1, 110: 1, 30: 1, 10: 1, 99: 1, 20: 1, 68: 1, 77: 1, 59: 1, 137: 1, 78: 1, 1: 1}","[4704, 3062, 13685, 4895, 2, 13267, 6248, 785, 11789, 10596, 8974, 121, 2093, 3408, 5711, 8857, 1998, 700, 4530, 8847, 4794, 3094, 6441, 3904, 7558, 12549, 11526, 5884, 13737, 6097, 3937, 6956, 14007, 11620, 14742, 11391, 6984, 9170, 8171, 13532, 6841, 15004, 10047, 12225, 2666, 10636, 7333, 2023, 7421, 5370, 7703, 8234, 14096, 13914, 10738, 11161, 1650, 1406, 11090, 8233, 10779, 7831, 3255, 8947, 10269, 157, 1265, 7540, 14825, 206, 14151, 14060, 4481, 8637, 13187, 3475, 9308, 7658, 5807, 10960, 8823, 14870, 13527, 2776, 14872, 9356, 2787, 9210, 7331, 11767, 1795, 7694, 3576, 11925, 3559, 8112, 4407, 1685, 5217, 14134]",5234,100,3,False,100
1375,oil change when,oil change when,123,False,True,False,"{104: 2, 115: 2, 87: 1, 65: 2, 11: 1, 31: 2, 69: 3, 97: 3, 32: 1, 17: 1, 128: 1, 18: 1, 146: 1, 142: 1, 41: 1, 23: 1, 114: 1, 129: 1, 53: 3, 42: 1, 112: 1, 132: 1, 119: 1, 25: 3, 100: 1, 149: 1, 126: 2, 148: 1, 8: 2, 67: 1, 47: 1, 27: 1, 46: 1, 52: 1, 91: 2, 94: 1, 28: 1, 9: 1, 14: 1, 120: 2, 79: 1, 74: 1, 70: 1, 48: 1, 26: 2, 62: 2, 82: 1, 122: 1, 80: 1, 39: 1, 133: 1, 103: 1, 55: 1, 89: 1, 60: 1, 5: 1, 75: 1, 96: 1, 83: 1, 108: 1, 15: 1, 35: 1, 140: 1, 118: 1, 16: 1, 107: 1, 71: 1, 43: 1, 33: 1, 57: 1, 19: 1, 110: 1, 30: 1, 10: 1, 99: 1, 20: 1, 68: 1, 77: 1, 59: 1, 137: 1, 78: 1, 1: 1}","[4704, 3062, 13685, 4895, 2, 13267, 6248, 785, 11789, 10596, 8974, 121, 2093, 3408, 5711, 8857, 1998, 700, 4530, 8847, 4794, 3094, 6441, 3904, 7558, 12549, 11526, 5884, 13737, 6097, 3937, 6956, 14007, 11620, 14742, 11391, 6984, 9170, 8171, 13532, 6841, 15004, 10047, 12225, 2666, 10636, 7333, 2023, 7421, 5370, 7703, 8234, 14096, 13914, 10738, 11161, 1650, 1406, 11090, 8233, 10779, 7831, 3255, 8947, 10269, 157, 1265, 7540, 14825, 206, 14151, 14060, 4481, 8637, 13187, 3475, 9308, 7658, 5807, 10960, 8823, 14870, 13527, 2776, 14872, 9356, 2787, 9210, 7331, 11767, 1795, 7694, 3576, 11925, 3559, 8112, 4407, 1685, 5217, 14134]",1375,100,3,False,100
2372,damaged card,dam,87,True,True,False,"{104: 2, 115: 2, 87: 1, 65: 2, 11: 1, 31: 2, 69: 3, 97: 3, 32: 1, 17: 1, 128: 1, 18: 1, 146: 1, 142: 1, 41: 1, 23: 1, 114: 1, 129: 1, 53: 3, 42: 1, 112: 1, 132: 1, 119: 1, 25: 3, 100: 1, 149: 1, 126: 2, 148: 1, 8: 2, 67: 1, 47: 1, 27: 1, 46: 1, 52: 1, 91: 2, 94: 1, 28: 1, 9: 1, 14: 1, 120: 2, 79: 1, 74: 1, 70: 1, 48: 1, 26: 2, 62: 2, 82: 1, 122: 1, 80: 1, 39: 1, 133: 1, 103: 1, 55: 1, 89: 1, 60: 1, 5: 1, 75: 1, 96: 1, 83: 1, 108: 1, 15: 1, 35: 1, 140: 1, 118: 1, 16: 1, 107: 1, 71: 1, 43: 1, 33: 1, 57: 1, 19: 1, 110: 1, 30: 1, 10: 1, 99: 1, 20: 1, 68: 1, 77: 1, 59: 1, 137: 1, 78: 1, 1: 1}","[4704, 3062, 13685, 4895, 2, 13267, 6248, 785, 11789, 10596, 8974, 121, 2093, 3408, 5711, 8857, 1998, 700, 4530, 8847, 4794, 3094, 6441, 3904, 7558, 12549, 11526, 5884, 13737, 6097, 3937, 6956, 14007, 11620, 14742, 11391, 6984, 9170, 8171, 13532, 6841, 15004, 10047, 12225, 2666, 10636, 7333, 2023, 7421, 5370, 7703, 8234, 14096, 13914, 10738, 11161, 1650, 1406, 11090, 8233, 10779, 7831, 3255, 8947, 10269, 157, 1265, 7540, 14825, 206, 14151, 14060, 4481, 8637, 13187, 3475, 9308, 7658, 5807, 10960, 8823, 14870, 13527, 2776, 14872, 9356, 2787, 9210, 7331, 11767, 1795, 7694, 3576, 11925, 3559, 8112, 4407, 1685, 5217, 14134]",2372,100,3,False,100
2634,exchange rate,exchange,38,False,True,False,"{104: 2, 115: 2, 87: 1, 65: 2, 11: 1, 31: 2, 69: 3, 97: 3, 32: 1, 17: 1, 128: 1, 18: 1, 146: 1, 142: 1, 41: 1, 23: 1, 114: 1, 129: 1, 53: 3, 42: 1, 112: 1, 132: 1, 119: 1, 25: 3, 100: 1, 149: 1, 126: 2, 148: 1, 8: 2, 67: 1, 47: 1, 27: 1, 46: 1, 52: 1, 91: 2, 94: 1, 28: 1, 9: 1, 14: 1, 120: 2, 79: 1, 74: 1, 70: 1, 48: 1, 26: 2, 62: 2, 82: 1, 122: 1, 80: 1, 39: 1, 133: 1, 103: 1, 55: 1, 89: 1, 60: 1, 5: 1, 75: 1, 96: 1, 83: 1, 108: 1, 15: 1, 35: 1, 140: 1, 118: 1, 16: 1, 107: 1, 71: 1, 43: 1, 33: 1, 57: 1, 19: 1, 110: 1, 30: 1, 10: 1, 99: 1, 20: 1, 68: 1, 77: 1, 59: 1, 137: 1, 78: 1, 1: 1}","[4704, 3062, 13685, 4895, 2, 13267, 6248, 785, 11789, 10596, 8974, 121, 2093, 3408, 5711, 8857, 1998, 700, 4530, 8847, 4794, 3094, 6441, 3904, 7558, 12549, 11526, 5884, 13737, 6097, 3937, 6956, 14007, 11620, 14742, 11391, 6984, 9170, 8171, 13532, 6841, 15004, 10047, 12225, 2666, 10636, 7333, 2023, 7421, 5370, 7703, 8234, 14096, 13914, 10738, 11161, 1650, 1406, 11090, 8233, 10779, 7831, 3255, 8947, 10269, 157, 1265, 7540, 14825, 206, 14151, 14060, 4481, 8637, 13187, 3475, 9308, 7658, 5807, 10960, 8823, 14870, 13527, 2776, 14872, 9356, 2787, 9210, 7331, 11767, 1795, 7694, 3576, 11925, 3559, 8112, 4407, 1685, 5217, 14134]",2634,100,3,False,100
4012,what are your hobbies,are,117,False,False,False,"{104: 2, 115: 2, 87: 1, 65: 2, 11: 1, 31: 2, 69: 3, 97: 3, 32: 1, 17: 1, 128: 1, 18: 1, 146: 1, 142: 1, 41: 1, 23: 1, 114: 1, 129: 1, 53: 3, 42: 1, 112: 1, 132: 1, 119: 1, 25: 3, 100: 1, 149: 1, 126: 2, 148: 1, 8: 2, 67: 1, 47: 1, 27: 1, 46: 1, 52: 1, 91: 2, 94: 1, 28: 1, 9: 1, 14: 1, 120: 2, 79: 1, 74: 1, 70: 1, 48: 1, 26: 2, 62: 2, 82: 1, 122: 1, 80: 1, 39: 1, 133: 1, 103: 1, 55: 1, 89: 1, 60: 1, 5: 1, 75: 1, 96: 1, 83: 1, 108: 1, 15: 1, 35: 1, 140: 1, 118: 1, 16: 1, 107: 1, 71: 1, 43: 1, 33: 1, 57: 1, 19: 1, 110: 1, 30: 1, 10: 1, 99: 1, 20: 1, 68: 1, 77: 1, 59: 1, 137: 1, 78: 1, 1: 1}","[4704, 3062, 13685, 4895, 2, 13267, 6248, 785, 11789, 10596, 8974, 121, 2093, 3408, 5711, 8857, 1998, 700, 4530, 8847, 4794, 3094, 6441, 3904, 7558, 12549, 11526, 5884, 13737, 6097, 3937, 6956, 14007, 11620, 14742, 11391, 6984, 9170, 8171, 13532, 6841, 15004, 10047, 12225, 2666, 10636, 7333, 2023, 7421, 5370, 7703, 8234, 14096, 13914, 10738, 11161, 1650, 1406, 11090, 8233, 10779, 7831, 3255, 8947, 10269, 157, 1265, 7540, 14825, 206, 14151, 14060, 4481, 8637, 13187, 3475, 9308, 7658, 5807, 10960, 8823, 14870, 13527, 2776, 14872, 9356, 2787, 9210, 7331, 11767, 1795, 7694, 3576, 11925, 3559, 8112, 4407, 1685, 5217, 14134]",4012,100,3,False,100
1650,nutrition info,nut,1,True,True,False,"{104: 2, 115: 2, 87: 1, 65: 2, 11: 1, 31: 2, 69: 3, 97: 3, 32: 1, 17: 1, 128: 1, 18: 1, 146: 1, 142: 1, 41: 1, 23: 1, 114: 1, 129: 1, 53: 3, 42: 1, 112: 1, 132: 1, 119: 1, 25: 3, 100: 1, 149: 1, 126: 2, 148: 1, 8: 2, 67: 1, 47: 1, 27: 1, 46: 1, 52: 1, 91: 2, 94: 1, 28: 1, 9: 1, 14: 1, 120: 2, 79: 1, 74: 1, 70: 1, 48: 1, 26: 2, 62: 2, 82: 1, 122: 1, 80: 1, 39: 1, 133: 1, 103: 1, 55: 1, 89: 1, 60: 1, 5: 1, 75: 1, 96: 1, 83: 1, 108: 1, 15: 1, 35: 1, 140: 1, 118: 1, 16: 1, 107: 1, 71: 1, 43: 1, 33: 1, 57: 1, 19: 1, 110: 1, 30: 1, 10: 1, 99: 1, 20: 1, 68: 1, 77: 1, 59: 1, 137: 1, 78: 1, 1: 1}","[4704, 3062, 13685, 4895, 2, 13267, 6248, 785, 11789, 10596, 8974, 121, 2093, 3408, 5711, 8857, 1998, 700, 4530, 8847, 4794, 3094, 6441, 3904, 7558, 12549, 11526, 5884, 13737, 6097, 3937, 6956, 14007, 11620, 14742, 11391, 6984, 9170, 8171, 13532, 6841, 15004, 10047, 12225, 2666, 10636, 7333, 2023, 7421, 5370, 7703, 8234, 14096, 13914, 10738, 11161, 1650, 1406, 11090, 8233, 10779, 7831, 3255, 8947, 10269, 157, 1265, 7540, 14825, 206, 14151, 14060, 4481, 8637, 13187, 3475, 9308, 7658, 5807, 10960, 8823, 14870, 13527, 2776, 14872, 9356, 2787, 9210, 7331, 11767, 1795, 7694, 3576, 11925, 3559, 8112, 4407, 1685, 5217, 14134]",1650,100,3,False,100
4586,redeem rewards,o,42,True,False,False,"{104: 2, 115: 2, 87: 1, 65: 2, 11: 1, 31: 2, 69: 3, 97: 3, 32: 1, 17: 1, 128: 1, 18: 1, 146: 1, 142: 1, 41: 1, 23: 1, 114: 1, 129: 1, 53: 3, 42: 1, 112: 1, 132: 1, 119: 1, 25: 3, 100: 1, 149: 1, 126: 2, 148: 1, 8: 2, 67: 1, 47: 1, 27: 1, 46: 1, 52: 1, 91: 2, 94: 1, 28: 1, 9: 1, 14: 1, 120: 2, 79: 1, 74: 1, 70: 1, 48: 1, 26: 2, 62: 2, 82: 1, 122: 1, 80: 1, 39: 1, 133: 1, 103: 1, 55: 1, 89: 1, 60: 1, 5: 1, 75: 1, 96: 1, 83: 1, 108: 1, 15: 1, 35: 1, 140: 1, 118: 1, 16: 1, 107: 1, 71: 1, 43: 1, 33: 1, 57: 1, 19: 1, 110: 1, 30: 1, 10: 1, 99: 1, 20: 1, 68: 1, 77: 1, 59: 1, 137: 1, 78: 1, 1: 1}","[4704, 3062, 13685, 4895, 2, 13267, 6248, 785, 11789, 10596, 8974, 121, 2093, 3408, 5711, 8857, 1998, 700, 4530, 8847, 4794, 3094, 6441, 3904, 7558, 12549, 11526, 5884, 13737, 6097, 3937, 6956, 14007, 11620, 14742, 11391, 6984, 9170, 8171, 13532, 6841, 15004, 10047, 12225, 2666, 10636, 7333, 2023, 7421, 5370, 7703, 8234, 14096, 13914, 10738, 11161, 1650, 1406, 11090, 8233, 10779, 7831, 3255, 8947, 10269, 157, 1265, 7540, 14825, 206, 14151, 14060, 4481, 8637, 13187, 3475, 9308, 7658, 5807, 10960, 8823, 14870, 13527, 2776, 14872, 9356, 2787, 9210, 7331, 11767, 1795, 7694, 3576, 11925, 3559, 8112, 4407, 1685, 5217, 14134]",4586,100,3,False,100
4903,who made you,o,42,True,False,False,"{104: 2, 115: 2, 87: 1, 65: 2, 11: 1, 31: 2, 69: 3, 97: 3, 32: 1, 17: 1, 128: 1, 18: 1, 146: 1, 142: 1, 41: 1, 23: 1, 114: 1, 129: 1, 53: 3, 42: 1, 112: 1, 132: 1, 119: 1, 25: 3, 100: 1, 149: 1, 126: 2, 148: 1, 8: 2, 67: 1, 47: 1, 27: 1, 46: 1, 52: 1, 91: 2, 94: 1, 28: 1, 9: 1, 14: 1, 120: 2, 79: 1, 74: 1, 70: 1, 48: 1, 26: 2, 62: 2, 82: 1, 122: 1, 80: 1, 39: 1, 133: 1, 103: 1, 55: 1, 89: 1, 60: 1, 5: 1, 75: 1, 96: 1, 83: 1, 108: 1, 15: 1, 35: 1, 140: 1, 118: 1, 16: 1, 107: 1, 71: 1, 43: 1, 33: 1, 57: 1, 19: 1, 110: 1, 30: 1, 10: 1, 99: 1, 20: 1, 68: 1, 77: 1, 59: 1, 137: 1, 78: 1, 1: 1}","[4704, 3062, 13685, 4895, 2, 13267, 6248, 785, 11789, 10596, 8974, 121, 2093, 3408, 5711, 8857, 1998, 700, 4530, 8847, 4794, 3094, 6441, 3904, 7558, 12549, 11526, 5884, 13737, 6097, 3937, 6956, 14007, 11620, 14742, 11391, 6984, 9170, 8171, 13532, 6841, 15004, 10047, 12225, 2666, 10636, 7333, 2023, 7421, 5370, 7703, 8234, 14096, 13914, 10738, 11161, 1650, 1406, 11090, 8233, 10779, 7831, 3255, 8947, 10269, 157, 1265, 7540, 14825, 206, 14151, 14060, 4481, 8637, 13187, 3475, 9308, 7658, 5807, 10960, 8823, 14870, 13527, 2776, 14872, 9356, 2787, 9210, 7331, 11767, 1795, 7694, 3576, 11925, 3559, 8112, 4407, 1685, 5217, 14134]",4903,100,3,False,100
2867,pin change,pin,89,True,True,False,"{104: 2, 115: 2, 87: 1, 65: 2, 11: 1, 31: 2, 69: 3, 97: 3, 32: 1, 17: 1, 128: 1, 18: 1, 146: 1, 142: 1, 41: 1, 23: 1, 114: 1, 129: 1, 53: 3, 42: 1, 112: 1, 132: 1, 119: 1, 25: 3, 100: 1, 149: 1, 126: 2, 148: 1, 8: 2, 67: 1, 47: 1, 27: 1, 46: 1, 52: 1, 91: 2, 94: 1, 28: 1, 9: 1, 14: 1, 120: 2, 79: 1, 74: 1, 70: 1, 48: 1, 26: 2, 62: 2, 82: 1, 122: 1, 80: 1, 39: 1, 133: 1, 103: 1, 55: 1, 89: 1, 60: 1, 5: 1, 75: 1, 96: 1, 83: 1, 108: 1, 15: 1, 35: 1, 140: 1, 118: 1, 16: 1, 107: 1, 71: 1, 43: 1, 33: 1, 57: 1, 19: 1, 110: 1, 30: 1, 10: 1, 99: 1, 20: 1, 68: 1, 77: 1, 59: 1, 137: 1, 78: 1, 1: 1}","[4704, 3062, 13685, 4895, 2, 13267, 6248, 785, 11789, 10596, 8974, 121, 2093, 3408, 5711, 8857, 1998, 700, 4530, 8847, 4794, 3094, 6441, 3904, 7558, 12549, 11526, 5884, 13737, 6097, 3937, 6956, 14007, 11620, 14742, 11391, 6984, 9170, 8171, 13532, 6841, 15004, 10047, 12225, 2666, 10636, 7333, 2023, 7421, 5370, 7703, 8234, 14096, 13914, 10738, 11161, 1650, 1406, 11090, 8233, 10779, 7831, 3255, 8947, 10269, 157, 1265, 7540, 14825, 206, 14151, 14060, 4481, 8637, 13187, 3475, 9308, 7658, 5807, 10960, 8823, 14870, 13527, 2776, 14872, 9356, 2787, 9210, 7331, 11767, 1795, 7694, 3576, 11925, 3559, 8112, 4407, 1685, 5217, 14134]",2867,100,3,False,100
5104,find phone,o,42,True,False,False,"{104: 2, 115: 2, 87: 1, 65: 2, 11: 1, 31: 2, 69: 3, 97: 3, 32: 1, 17: 1, 128: 1, 18: 1, 146: 1, 142: 1, 41: 1, 23: 1, 114: 1, 129: 1, 53: 3, 42: 1, 112: 1, 132: 1, 119: 1, 25: 3, 100: 1, 149: 1, 126: 2, 148: 1, 8: 2, 67: 1, 47: 1, 27: 1, 46: 1, 52: 1, 91: 2, 94: 1, 28: 1, 9: 1, 14: 1, 120: 2, 79: 1, 74: 1, 70: 1, 48: 1, 26: 2, 62: 2, 82: 1, 122: 1, 80: 1, 39: 1, 133: 1, 103: 1, 55: 1, 89: 1, 60: 1, 5: 1, 75: 1, 96: 1, 83: 1, 108: 1, 15: 1, 35: 1, 140: 1, 118: 1, 16: 1, 107: 1, 71: 1, 43: 1, 33: 1, 57: 1, 19: 1, 110: 1, 30: 1, 10: 1, 99: 1, 20: 1, 68: 1, 77: 1, 59: 1, 137: 1, 78: 1, 1: 1}","[4704, 3062, 13685, 4895, 2, 13267, 6248, 785, 11789, 10596, 8974, 121, 2093, 3408, 5711, 8857, 1998, 700, 4530, 8847, 4794, 3094, 6441, 3904, 7558, 12549, 11526, 5884, 13737, 6097, 3937, 6956, 14007, 11620, 14742, 11391, 6984, 9170, 8171, 13532, 6841, 15004, 10047, 12225, 2666, 10636, 7333, 2023, 7421, 5370, 7703, 8234, 14096, 13914, 10738, 11161, 1650, 1406, 11090, 8233, 10779, 7831, 3255, 8947, 10269, 157, 1265, 7540, 14825, 206, 14151, 14060, 4481, 8637, 13187, 3475, 9308, 7658, 5807, 10960, 8823, 14870, 13527, 2776, 14872, 9356, 2787, 9210, 7331, 11767, 1795, 7694, 3576, 11925, 3559, 8112, 4407, 1685, 5217, 14134]",5104,100,3,False,100
1351,oil change when,oil change when,123,False,True,False,"{104: 2, 115: 2, 87: 1, 65: 2, 11: 1, 31: 2, 69: 3, 97: 3, 32: 1, 17: 1, 128: 1, 18: 1, 146: 1, 142: 1, 41: 1, 23: 1, 114: 1, 129: 1, 53: 3, 42: 1, 112: 1, 132: 1, 119: 1, 25: 3, 100: 1, 149: 1, 126: 2, 148: 1, 8: 2, 67: 1, 47: 1, 27: 1, 46: 1, 52: 1, 91: 2, 94: 1, 28: 1, 9: 1, 14: 1, 120: 2, 79: 1, 74: 1, 70: 1, 48: 1, 26: 2, 62: 2, 82: 1, 122: 1, 80: 1, 39: 1, 133: 1, 103: 1, 55: 1, 89: 1, 60: 1, 5: 1, 75: 1, 96: 1, 83: 1, 108: 1, 15: 1, 35: 1, 140: 1, 118: 1, 16: 1, 107: 1, 71: 1, 43: 1, 33: 1, 57: 1, 19: 1, 110: 1, 30: 1, 10: 1, 99: 1, 20: 1, 68: 1, 77: 1, 59: 1, 137: 1, 78: 1, 1: 1}","[4704, 3062, 13685, 4895, 2, 13267, 6248, 785, 11789, 10596, 8974, 121, 2093, 3408, 5711, 8857, 1998, 700, 4530, 8847, 4794, 3094, 6441, 3904, 7558, 12549, 11526, 5884, 13737, 6097, 3937, 6956, 14007, 11620, 14742, 11391, 6984, 9170, 8171, 13532, 6841, 15004, 10047, 12225, 2666, 10636, 7333, 2023, 7421, 5370, 7703, 8234, 14096, 13914, 10738, 11161, 1650, 1406, 11090, 8233, 10779, 7831, 3255, 8947, 10269, 157, 1265, 7540, 14825, 206, 14151, 14060, 4481, 8637, 13187, 3475, 9308, 7658, 5807, 10960, 8823, 14870, 13527, 2776, 14872, 9356, 2787, 9210, 7331, 11767, 1795, 7694, 3576, 11925, 3559, 8112, 4407, 1685, 5217, 14134]",1351,100,3,False,100
2834,order status,order status,84,False,True,False,"{104: 2, 115: 2, 87: 1, 65: 2, 11: 1, 31: 2, 69: 3, 97: 3, 32: 1, 17: 1, 128: 1, 18: 1, 146: 1, 142: 1, 41: 1, 23: 1, 114: 1, 129: 1, 53: 3, 42: 1, 112: 1, 132: 1, 119: 1, 25: 3, 100: 1, 149: 1, 126: 2, 148: 1, 8: 2, 67: 1, 47: 1, 27: 1, 46: 1, 52: 1, 91: 2, 94: 1, 28: 1, 9: 1, 14: 1, 120: 2, 79: 1, 74: 1, 70: 1, 48: 1, 26: 2, 62: 2, 82: 1, 122: 1, 80: 1, 39: 1, 133: 1, 103: 1, 55: 1, 89: 1, 60: 1, 5: 1, 75: 1, 96: 1, 83: 1, 108: 1, 15: 1, 35: 1, 140: 1, 118: 1, 16: 1, 107: 1, 71: 1, 43: 1, 33: 1, 57: 1, 19: 1, 110: 1, 30: 1, 10: 1, 99: 1, 20: 1, 68: 1, 77: 1, 59: 1, 137: 1, 78: 1, 1: 1}","[4704, 3062, 13685, 4895, 2, 13267, 6248, 785, 11789, 10596, 8974, 121, 2093, 3408, 5711, 8857, 1998, 700, 4530, 8847, 4794, 3094, 6441, 3904, 7558, 12549, 11526, 5884, 13737, 6097, 3937, 6956, 14007, 11620, 14742, 11391, 6984, 9170, 8171, 13532, 6841, 15004, 10047, 12225, 2666, 10636, 7333, 2023, 7421, 5370, 7703, 8234, 14096, 13914, 10738, 11161, 1650, 1406, 11090, 8233, 10779, 7831, 3255, 8947, 10269, 157, 1265, 7540, 14825, 206, 14151, 14060, 4481, 8637, 13187, 3475, 9308, 7658, 5807, 10960, 8823, 14870, 13527, 2776, 14872, 9356, 2787, 9210, 7331, 11767, 1795, 7694, 3576, 11925, 3559, 8112, 4407, 1685, 5217, 14134]",2834,100,3,False,100
1964,thank you,thank,124,False,True,False,"{104: 2, 115: 2, 87: 1, 65: 2, 11: 1, 31: 2, 69: 3, 97: 3, 32: 1, 17: 1, 128: 1, 18: 1, 146: 1, 142: 1, 41: 1, 23: 1, 114: 1, 129: 1, 53: 3, 42: 1, 112: 1, 132: 1, 119: 1, 25: 3, 100: 1, 149: 1, 126: 2, 148: 1, 8: 2, 67: 1, 47: 1, 27: 1, 46: 1, 52: 1, 91: 2, 94: 1, 28: 1, 9: 1, 14: 1, 120: 2, 79: 1, 74: 1, 70: 1, 48: 1, 26: 2, 62: 2, 82: 1, 122: 1, 80: 1, 39: 1, 133: 1, 103: 1, 55: 1, 89: 1, 60: 1, 5: 1, 75: 1, 96: 1, 83: 1, 108: 1, 15: 1, 35: 1, 140: 1, 118: 1, 16: 1, 107: 1, 71: 1, 43: 1, 33: 1, 57: 1, 19: 1, 110: 1, 30: 1, 10: 1, 99: 1, 20: 1, 68: 1, 77: 1, 59: 1, 137: 1, 78: 1, 1: 1}","[4704, 3062, 13685, 4895, 2, 13267, 6248, 785, 11789, 10596, 8974, 121, 2093, 3408, 5711, 8857, 1998, 700, 4530, 8847, 4794, 3094, 6441, 3904, 7558, 12549, 11526, 5884, 13737, 6097, 3937, 6956, 14007, 11620, 14742, 11391, 6984, 9170, 8171, 13532, 6841, 15004, 10047, 12225, 2666, 10636, 7333, 2023, 7421, 5370, 7703, 8234, 14096, 13914, 10738, 11161, 1650, 1406, 11090, 8233, 10779, 7831, 3255, 8947, 10269, 157, 1265, 7540, 14825, 206, 14151, 14060, 4481, 8637, 13187, 3475, 9308, 7658, 5807, 10960, 8823, 14870, 13527, 2776, 14872, 9356, 2787, 9210, 7331, 11767, 1795, 7694, 3576, 11925, 3559, 8112, 4407, 1685, 5217, 14134]",1964,100,3,False,100
1077,tire change,restaurant suggestion,145,False,False,True,"{104: 2, 115: 2, 87: 1, 65: 2, 11: 1, 31: 2, 69: 3, 97: 3, 32: 1, 17: 1, 128: 1, 18: 1, 146: 1, 142: 1, 41: 1, 23: 1, 114: 1, 129: 1, 53: 3, 42: 1, 112: 1, 132: 1, 119: 1, 25: 3, 100: 1, 149: 1, 126: 2, 148: 1, 8: 2, 67: 1, 47: 1, 27: 1, 46: 1, 52: 1, 91: 2, 94: 1, 28: 1, 9: 1, 14: 1, 120: 2, 79: 1, 74: 1, 70: 1, 48: 1, 26: 2, 62: 2, 82: 1, 122: 1, 80: 1, 39: 1, 133: 1, 103: 1, 55: 1, 89: 1, 60: 1, 5: 1, 75: 1, 96: 1, 83: 1, 108: 1, 15: 1, 35: 1, 140: 1, 118: 1, 16: 1, 107: 1, 71: 1, 43: 1, 33: 1, 57: 1, 19: 1, 110: 1, 30: 1, 10: 1, 99: 1, 20: 1, 68: 1, 77: 1, 59: 1, 137: 1, 78: 1, 1: 1}","[4704, 3062, 13685, 4895, 2, 13267, 6248, 785, 11789, 10596, 8974, 121, 2093, 3408, 5711, 8857, 1998, 700, 4530, 8847, 4794, 3094, 6441, 3904, 7558, 12549, 11526, 5884, 13737, 6097, 3937, 6956, 14007, 11620, 14742, 11391, 6984, 9170, 8171, 13532, 6841, 15004, 10047, 12225, 2666, 10636, 7333, 2023, 7421, 5370, 7703, 8234, 14096, 13914, 10738, 11161, 1650, 1406, 11090, 8233, 10779, 7831, 3255, 8947, 10269, 157, 1265, 7540, 14825, 206, 14151, 14060, 4481, 8637, 13187, 3475, 9308, 7658, 5807, 10960, 8823, 14870, 13527, 2776, 14872, 9356, 2787, 9210, 7331, 11767, 1795, 7694, 3576, 11925, 3559, 8112, 4407, 1685, 5217, 14134]",1077,100,3,False,100
431,time,time,4,False,True,False,"{104: 2, 115: 2, 87: 1, 65: 2, 11: 1, 31: 2, 69: 3, 97: 3, 32: 1, 17: 1, 128: 1, 18: 1, 146: 1, 142: 1, 41: 1, 23: 1, 114: 1, 129: 1, 53: 3, 42: 1, 112: 1, 132: 1, 119: 1, 25: 3, 100: 1, 149: 1, 126: 2, 148: 1, 8: 2, 67: 1, 47: 1, 27: 1, 46: 1, 52: 1, 91: 2, 94: 1, 28: 1, 9: 1, 14: 1, 120: 2, 79: 1, 74: 1, 70: 1, 48: 1, 26: 2, 62: 2, 82: 1, 122: 1, 80: 1, 39: 1, 133: 1, 103: 1, 55: 1, 89: 1, 60: 1, 5: 1, 75: 1, 96: 1, 83: 1, 108: 1, 15: 1, 35: 1, 140: 1, 118: 1, 16: 1, 107: 1, 71: 1, 43: 1, 33: 1, 57: 1, 19: 1, 110: 1, 30: 1, 10: 1, 99: 1, 20: 1, 68: 1, 77: 1, 59: 1, 137: 1, 78: 1, 1: 1}","[4704, 3062, 13685, 4895, 2, 13267, 6248, 785, 11789, 10596, 8974, 121, 2093, 3408, 5711, 8857, 1998, 700, 4530, 8847, 4794, 3094, 6441, 3904, 7558, 12549, 11526, 5884, 13737, 6097, 3937, 6956, 14007, 11620, 14742, 11391, 6984, 9170, 8171, 13532, 6841, 15004, 10047, 12225, 2666, 10636, 7333, 2023, 7421, 5370, 7703, 8234, 14096, 13914, 10738, 11161, 1650, 1406, 11090, 8233, 10779, 7831, 3255, 8947, 10269, 157, 1265, 7540, 14825, 206, 14151, 14060, 4481, 8637, 13187, 3475, 9308, 7658, 5807, 10960, 8823, 14870, 13527, 2776, 14872, 9356, 2787, 9210, 7331, 11767, 1795, 7694, 3576, 11925, 3559, 8112, 4407, 1685, 5217, 14134]",431,100,3,False,100
1338,mpg,m,142,True,True,False,"{104: 2, 115: 2, 87: 1, 65: 2, 11: 1, 31: 2, 69: 3, 97: 3, 32: 1, 17: 1, 128: 1, 18: 1, 146: 1, 142: 1, 41: 1, 23: 1, 114: 1, 129: 1, 53: 3, 42: 1, 112: 1, 132: 1, 119: 1, 25: 3, 100: 1, 149: 1, 126: 2, 148: 1, 8: 2, 67: 1, 47: 1, 27: 1, 46: 1, 52: 1, 91: 2, 94: 1, 28: 1, 9: 1, 14: 1, 120: 2, 79: 1, 74: 1, 70: 1, 48: 1, 26: 2, 62: 2, 82: 1, 122: 1, 80: 1, 39: 1, 133: 1, 103: 1, 55: 1, 89: 1, 60: 1, 5: 1, 75: 1, 96: 1, 83: 1, 108: 1, 15: 1, 35: 1, 140: 1, 118: 1, 16: 1, 107: 1, 71: 1, 43: 1, 33: 1, 57: 1, 19: 1, 110: 1, 30: 1, 10: 1, 99: 1, 20: 1, 68: 1, 77: 1, 59: 1, 137: 1, 78: 1, 1: 1}","[4704, 3062, 13685, 4895, 2, 13267, 6248, 785, 11789, 10596, 8974, 121, 2093, 3408, 5711, 8857, 1998, 700, 4530, 8847, 4794, 3094, 6441, 3904, 7558, 12549, 11526, 5884, 13737, 6097, 3937, 6956, 14007, 11620, 14742, 11391, 6984, 9170, 8171, 13532, 6841, 15004, 10047, 12225, 2666, 10636, 7333, 2023, 7421, 5370, 7703, 8234, 14096, 13914, 10738, 11161, 1650, 1406, 11090, 8233, 10779, 7831, 3255, 8947, 10269, 157, 1265, 7540, 14825, 206, 14151, 14060, 4481, 8637, 13187, 3475, 9308, 7658, 5807, 10960, 8823, 14870, 13527, 2776, 14872, 9356, 2787, 9210, 7331, 11767, 1795, 7694, 3576, 11925, 3559, 8112, 4407, 1685, 5217, 14134]",1338,100,3,False,100
250,pto request,pto request,97,True,True,True,"{104: 2, 115: 2, 87: 1, 65: 2, 11: 1, 31: 2, 69: 3, 97: 3, 32: 1, 17: 1, 128: 1, 18: 1, 146: 1, 142: 1, 41: 1, 23: 1, 114: 1, 129: 1, 53: 3, 42: 1, 112: 1, 132: 1, 119: 1, 25: 3, 100: 1, 149: 1, 126: 2, 148: 1, 8: 2, 67: 1, 47: 1, 27: 1, 46: 1, 52: 1, 91: 2, 94: 1, 28: 1, 9: 1, 14: 1, 120: 2, 79: 1, 74: 1, 70: 1, 48: 1, 26: 2, 62: 2, 82: 1, 122: 1, 80: 1, 39: 1, 133: 1, 103: 1, 55: 1, 89: 1, 60: 1, 5: 1, 75: 1, 96: 1, 83: 1, 108: 1, 15: 1, 35: 1, 140: 1, 118: 1, 16: 1, 107: 1, 71: 1, 43: 1, 33: 1, 57: 1, 19: 1, 110: 1, 30: 1, 10: 1, 99: 1, 20: 1, 68: 1, 77: 1, 59: 1, 137: 1, 78: 1, 1: 1}","[4704, 3062, 13685, 4895, 2, 13267, 6248, 785, 11789, 10596, 8974, 121, 2093, 3408, 5711, 8857, 1998, 700, 4530, 8847, 4794, 3094, 6441, 3904, 7558, 12549, 11526, 5884, 13737, 6097, 3937, 6956, 14007, 11620, 14742, 11391, 6984, 9170, 8171, 13532, 6841, 15004, 10047, 12225, 2666, 10636, 7333, 2023, 7421, 5370, 7703, 8234, 14096, 13914, 10738, 11161, 1650, 1406, 11090, 8233, 10779, 7831, 3255, 8947, 10269, 157, 1265, 7540, 14825, 206, 14151, 14060, 4481, 8637, 13187, 3475, 9308, 7658, 5807, 10960, 8823, 14870, 13527, 2776, 14872, 9356, 2787, 9210, 7331, 11767, 1795, 7694, 3576, 11925, 3559, 8112, 4407, 1685, 5217, 14134]",250,100,3,False,100
4746,travel suggestion,o,42,True,False,True,"{104: 2, 115: 2, 87: 1, 65: 2, 11: 1, 31: 2, 69: 3, 97: 3, 32: 1, 17: 1, 128: 1, 18: 1, 146: 1, 142: 1, 41: 1, 23: 1, 114: 1, 129: 1, 53: 3, 42: 1, 112: 1, 132: 1, 119: 1, 25: 3, 100: 1, 149: 1, 126: 2, 148: 1, 8: 2, 67: 1, 47: 1, 27: 1, 46: 1, 52: 1, 91: 2, 94: 1, 28: 1, 9: 1, 14: 1, 120: 2, 79: 1, 74: 1, 70: 1, 48: 1, 26: 2, 62: 2, 82: 1, 122: 1, 80: 1, 39: 1, 133: 1, 103: 1, 55: 1, 89: 1, 60: 1, 5: 1, 75: 1, 96: 1, 83: 1, 108: 1, 15: 1, 35: 1, 140: 1, 118: 1, 16: 1, 107: 1, 71: 1, 43: 1, 33: 1, 57: 1, 19: 1, 110: 1, 30: 1, 10: 1, 99: 1, 20: 1, 68: 1, 77: 1, 59: 1, 137: 1, 78: 1, 1: 1}","[4704, 3062, 13685, 4895, 2, 13267, 6248, 785, 11789, 10596, 8974, 121, 2093, 3408, 5711, 8857, 1998, 700, 4530, 8847, 4794, 3094, 6441, 3904, 7558, 12549, 11526, 5884, 13737, 6097, 3937, 6956, 14007, 11620, 14742, 11391, 6984, 9170, 8171, 13532, 6841, 15004, 10047, 12225, 2666, 10636, 7333, 2023, 7421, 5370, 7703, 8234, 14096, 13914, 10738, 11161, 1650, 1406, 11090, 8233, 10779, 7831, 3255, 8947, 10269, 157, 1265, 7540, 14825, 206, 14151, 14060, 4481, 8637, 13187, 3475, 9308, 7658, 5807, 10960, 8823, 14870, 13527, 2776, 14872, 9356, 2787, 9210, 7331, 11767, 1795, 7694, 3576, 11925, 3559, 8112, 4407, 1685, 5217, 14134]",4746,100,3,False,100
4500,change volume,o,42,True,False,False,"{104: 2, 115: 2, 87: 1, 65: 2, 11: 1, 31: 2, 69: 3, 97: 3, 32: 1, 17: 1, 128: 1, 18: 1, 146: 1, 142: 1, 41: 1, 23: 1, 114: 1, 129: 1, 53: 3, 42: 1, 112: 1, 132: 1, 119: 1, 25: 3, 100: 1, 149: 1, 126: 2, 148: 1, 8: 2, 67: 1, 47: 1, 27: 1, 46: 1, 52: 1, 91: 2, 94: 1, 28: 1, 9: 1, 14: 1, 120: 2, 79: 1, 74: 1, 70: 1, 48: 1, 26: 2, 62: 2, 82: 1, 122: 1, 80: 1, 39: 1, 133: 1, 103: 1, 55: 1, 89: 1, 60: 1, 5: 1, 75: 1, 96: 1, 83: 1, 108: 1, 15: 1, 35: 1, 140: 1, 118: 1, 16: 1, 107: 1, 71: 1, 43: 1, 33: 1, 57: 1, 19: 1, 110: 1, 30: 1, 10: 1, 99: 1, 20: 1, 68: 1, 77: 1, 59: 1, 137: 1, 78: 1, 1: 1}","[4704, 3062, 13685, 4895, 2, 13267, 6248, 785, 11789, 10596, 8974, 121, 2093, 3408, 5711, 8857, 1998, 700, 4530, 8847, 4794, 3094, 6441, 3904, 7558, 12549, 11526, 5884, 13737, 6097, 3937, 6956, 14007, 11620, 14742, 11391, 6984, 9170, 8171, 13532, 6841, 15004, 10047, 12225, 2666, 10636, 7333, 2023, 7421, 5370, 7703, 8234, 14096, 13914, 10738, 11161, 1650, 1406, 11090, 8233, 10779, 7831, 3255, 8947, 10269, 157, 1265, 7540, 14825, 206, 14151, 14060, 4481, 8637, 13187, 3475, 9308, 7658, 5807, 10960, 8823, 14870, 13527, 2776, 14872, 9356, 2787, 9210, 7331, 11767, 1795, 7694, 3576, 11925, 3559, 8112, 4407, 1685, 5217, 14134]",4500,100,3,False,100
4208,how old are you,how old,99,True,True,False,"{104: 2, 115: 2, 87: 1, 65: 2, 11: 1, 31: 2, 69: 3, 97: 3, 32: 1, 17: 1, 128: 1, 18: 1, 146: 1, 142: 1, 41: 1, 23: 1, 114: 1, 129: 1, 53: 3, 42: 1, 112: 1, 132: 1, 119: 1, 25: 3, 100: 1, 149: 1, 126: 2, 148: 1, 8: 2, 67: 1, 47: 1, 27: 1, 46: 1, 52: 1, 91: 2, 94: 1, 28: 1, 9: 1, 14: 1, 120: 2, 79: 1, 74: 1, 70: 1, 48: 1, 26: 2, 62: 2, 82: 1, 122: 1, 80: 1, 39: 1, 133: 1, 103: 1, 55: 1, 89: 1, 60: 1, 5: 1, 75: 1, 96: 1, 83: 1, 108: 1, 15: 1, 35: 1, 140: 1, 118: 1, 16: 1, 107: 1, 71: 1, 43: 1, 33: 1, 57: 1, 19: 1, 110: 1, 30: 1, 10: 1, 99: 1, 20: 1, 68: 1, 77: 1, 59: 1, 137: 1, 78: 1, 1: 1}","[4704, 3062, 13685, 4895, 2, 13267, 6248, 785, 11789, 10596, 8974, 121, 2093, 3408, 5711, 8857, 1998, 700, 4530, 8847, 4794, 3094, 6441, 3904, 7558, 12549, 11526, 5884, 13737, 6097, 3937, 6956, 14007, 11620, 14742, 11391, 6984, 9170, 8171, 13532, 6841, 15004, 10047, 12225, 2666, 10636, 7333, 2023, 7421, 5370, 7703, 8234, 14096, 13914, 10738, 11161, 1650, 1406, 11090, 8233, 10779, 7831, 3255, 8947, 10269, 157, 1265, 7540, 14825, 206, 14151, 14060, 4481, 8637, 13187, 3475, 9308, 7658, 5807, 10960, 8823, 14870, 13527, 2776, 14872, 9356, 2787, 9210, 7331, 11767, 1795, 7694, 3576, 11925, 3559, 8112, 4407, 1685, 5217, 14134]",4208,100,3,False,100
4516,fun fact,o,42,True,False,False,"{104: 2, 115: 2, 87: 1, 65: 2, 11: 1, 31: 2, 69: 3, 97: 3, 32: 1, 17: 1, 128: 1, 18: 1, 146: 1, 142: 1, 41: 1, 23: 1, 114: 1, 129: 1, 53: 3, 42: 1, 112: 1, 132: 1, 119: 1, 25: 3, 100: 1, 149: 1, 126: 2, 148: 1, 8: 2, 67: 1, 47: 1, 27: 1, 46: 1, 52: 1, 91: 2, 94: 1, 28: 1, 9: 1, 14: 1, 120: 2, 79: 1, 74: 1, 70: 1, 48: 1, 26: 2, 62: 2, 82: 1, 122: 1, 80: 1, 39: 1, 133: 1, 103: 1, 55: 1, 89: 1, 60: 1, 5: 1, 75: 1, 96: 1, 83: 1, 108: 1, 15: 1, 35: 1, 140: 1, 118: 1, 16: 1, 107: 1, 71: 1, 43: 1, 33: 1, 57: 1, 19: 1, 110: 1, 30: 1, 10: 1, 99: 1, 20: 1, 68: 1, 77: 1, 59: 1, 137: 1, 78: 1, 1: 1}","[4704, 3062, 13685, 4895, 2, 13267, 6248, 785, 11789, 10596, 8974, 121, 2093, 3408, 5711, 8857, 1998, 700, 4530, 8847, 4794, 3094, 6441, 3904, 7558, 12549, 11526, 5884, 13737, 6097, 3937, 6956, 14007, 11620, 14742, 11391, 6984, 9170, 8171, 13532, 6841, 15004, 10047, 12225, 2666, 10636, 7333, 2023, 7421, 5370, 7703, 8234, 14096, 13914, 10738, 11161, 1650, 1406, 11090, 8233, 10779, 7831, 3255, 8947, 10269, 157, 1265, 7540, 14825, 206, 14151, 14060, 4481, 8637, 13187, 3475, 9308, 7658, 5807, 10960, 8823, 14870, 13527, 2776, 14872, 9356, 2787, 9210, 7331, 11767, 1795, 7694, 3576, 11925, 3559, 8112, 4407, 1685, 5217, 14134]",4516,100,3,False,100
5245,change language,o,42,True,False,False,"{104: 2, 115: 2, 87: 1, 65: 2, 11: 1, 31: 2, 69: 3, 97: 3, 32: 1, 17: 1, 128: 1, 18: 1, 146: 1, 142: 1, 41: 1, 23: 1, 114: 1, 129: 1, 53: 3, 42: 1, 112: 1, 132: 1, 119: 1, 25: 3, 100: 1, 149: 1, 126: 2, 148: 1, 8: 2, 67: 1, 47: 1, 27: 1, 46: 1, 52: 1, 91: 2, 94: 1, 28: 1, 9: 1, 14: 1, 120: 2, 79: 1, 74: 1, 70: 1, 48: 1, 26: 2, 62: 2, 82: 1, 122: 1, 80: 1, 39: 1, 133: 1, 103: 1, 55: 1, 89: 1, 60: 1, 5: 1, 75: 1, 96: 1, 83: 1, 108: 1, 15: 1, 35: 1, 140: 1, 118: 1, 16: 1, 107: 1, 71: 1, 43: 1, 33: 1, 57: 1, 19: 1, 110: 1, 30: 1, 10: 1, 99: 1, 20: 1, 68: 1, 77: 1, 59: 1, 137: 1, 78: 1, 1: 1}","[4704, 3062, 13685, 4895, 2, 13267, 6248, 785, 11789, 10596, 8974, 121, 2093, 3408, 5711, 8857, 1998, 700, 4530, 8847, 4794, 3094, 6441, 3904, 7558, 12549, 11526, 5884, 13737, 6097, 3937, 6956, 14007, 11620, 14742, 11391, 6984, 9170, 8171, 13532, 6841, 15004, 10047, 12225, 2666, 10636, 7333, 2023, 7421, 5370, 7703, 8234, 14096, 13914, 10738, 11161, 1650, 1406, 11090, 8233, 10779, 7831, 3255, 8947, 10269, 157, 1265, 7540, 14825, 206, 14151, 14060, 4481, 8637, 13187, 3475, 9308, 7658, 5807, 10960, 8823, 14870, 13527, 2776, 14872, 9356, 2787, 9210, 7331, 11767, 1795, 7694, 3576, 11925, 3559, 8112, 4407, 1685, 5217, 14134]",5245,100,3,False,100
4380,order,order,16,True,True,True,"{104: 2, 115: 2, 87: 1, 65: 2, 11: 1, 31: 2, 69: 3, 97: 3, 32: 1, 17: 1, 128: 1, 18: 1, 146: 1, 142: 1, 41: 1, 23: 1, 114: 1, 129: 1, 53: 3, 42: 1, 112: 1, 132: 1, 119: 1, 25: 3, 100: 1, 149: 1, 126: 2, 148: 1, 8: 2, 67: 1, 47: 1, 27: 1, 46: 1, 52: 1, 91: 2, 94: 1, 28: 1, 9: 1, 14: 1, 120: 2, 79: 1, 74: 1, 70: 1, 48: 1, 26: 2, 62: 2, 82: 1, 122: 1, 80: 1, 39: 1, 133: 1, 103: 1, 55: 1, 89: 1, 60: 1, 5: 1, 75: 1, 96: 1, 83: 1, 108: 1, 15: 1, 35: 1, 140: 1, 118: 1, 16: 1, 107: 1, 71: 1, 43: 1, 33: 1, 57: 1, 19: 1, 110: 1, 30: 1, 10: 1, 99: 1, 20: 1, 68: 1, 77: 1, 59: 1, 137: 1, 78: 1, 1: 1}","[4704, 3062, 13685, 4895, 2, 13267, 6248, 785, 11789, 10596, 8974, 121, 2093, 3408, 5711, 8857, 1998, 700, 4530, 8847, 4794, 3094, 6441, 3904, 7558, 12549, 11526, 5884, 13737, 6097, 3937, 6956, 14007, 11620, 14742, 11391, 6984, 9170, 8171, 13532, 6841, 15004, 10047, 12225, 2666, 10636, 7333, 2023, 7421, 5370, 7703, 8234, 14096, 13914, 10738, 11161, 1650, 1406, 11090, 8233, 10779, 7831, 3255, 8947, 10269, 157, 1265, 7540, 14825, 206, 14151, 14060, 4481, 8637, 13187, 3475, 9308, 7658, 5807, 10960, 8823, 14870, 13527, 2776, 14872, 9356, 2787, 9210, 7331, 11767, 1795, 7694, 3576, 11925, 3559, 8112, 4407, 1685, 5217, 14134]",4380,100,3,False,100
3562,how old are you,gre,82,True,False,False,"{104: 2, 115: 2, 87: 1, 65: 2, 11: 1, 31: 2, 69: 3, 97: 3, 32: 1, 17: 1, 128: 1, 18: 1, 146: 1, 142: 1, 41: 1, 23: 1, 114: 1, 129: 1, 53: 3, 42: 1, 112: 1, 132: 1, 119: 1, 25: 3, 100: 1, 149: 1, 126: 2, 148: 1, 8: 2, 67: 1, 47: 1, 27: 1, 46: 1, 52: 1, 91: 2, 94: 1, 28: 1, 9: 1, 14: 1, 120: 2, 79: 1, 74: 1, 70: 1, 48: 1, 26: 2, 62: 2, 82: 1, 122: 1, 80: 1, 39: 1, 133: 1, 103: 1, 55: 1, 89: 1, 60: 1, 5: 1, 75: 1, 96: 1, 83: 1, 108: 1, 15: 1, 35: 1, 140: 1, 118: 1, 16: 1, 107: 1, 71: 1, 43: 1, 33: 1, 57: 1, 19: 1, 110: 1, 30: 1, 10: 1, 99: 1, 20: 1, 68: 1, 77: 1, 59: 1, 137: 1, 78: 1, 1: 1}","[4704, 3062, 13685, 4895, 2, 13267, 6248, 785, 11789, 10596, 8974, 121, 2093, 3408, 5711, 8857, 1998, 700, 4530, 8847, 4794, 3094, 6441, 3904, 7558, 12549, 11526, 5884, 13737, 6097, 3937, 6956, 14007, 11620, 14742, 11391, 6984, 9170, 8171, 13532, 6841, 15004, 10047, 12225, 2666, 10636, 7333, 2023, 7421, 5370, 7703, 8234, 14096, 13914, 10738, 11161, 1650, 1406, 11090, 8233, 10779, 7831, 3255, 8947, 10269, 157, 1265, 7540, 14825, 206, 14151, 14060, 4481, 8637, 13187, 3475, 9308, 7658, 5807, 10960, 8823, 14870, 13527, 2776, 14872, 9356, 2787, 9210, 7331, 11767, 1795, 7694, 3576, 11925, 3559, 8112, 4407, 1685, 5217, 14134]",3562,100,3,False,100
569,change ai name,change user,144,False,False,False,"{104: 2, 115: 2, 87: 1, 65: 2, 11: 1, 31: 2, 69: 3, 97: 3, 32: 1, 17: 1, 128: 1, 18: 1, 146: 1, 142: 1, 41: 1, 23: 1, 114: 1, 129: 1, 53: 3, 42: 1, 112: 1, 132: 1, 119: 1, 25: 3, 100: 1, 149: 1, 126: 2, 148: 1, 8: 2, 67: 1, 47: 1, 27: 1, 46: 1, 52: 1, 91: 2, 94: 1, 28: 1, 9: 1, 14: 1, 120: 2, 79: 1, 74: 1, 70: 1, 48: 1, 26: 2, 62: 2, 82: 1, 122: 1, 80: 1, 39: 1, 133: 1, 103: 1, 55: 1, 89: 1, 60: 1, 5: 1, 75: 1, 96: 1, 83: 1, 108: 1, 15: 1, 35: 1, 140: 1, 118: 1, 16: 1, 107: 1, 71: 1, 43: 1, 33: 1, 57: 1, 19: 1, 110: 1, 30: 1, 10: 1, 99: 1, 20: 1, 68: 1, 77: 1, 59: 1, 137: 1, 78: 1, 1: 1}","[4704, 3062, 13685, 4895, 2, 13267, 6248, 785, 11789, 10596, 8974, 121, 2093, 3408, 5711, 8857, 1998, 700, 4530, 8847, 4794, 3094, 6441, 3904, 7558, 12549, 11526, 5884, 13737, 6097, 3937, 6956, 14007, 11620, 14742, 11391, 6984, 9170, 8171, 13532, 6841, 15004, 10047, 12225, 2666, 10636, 7333, 2023, 7421, 5370, 7703, 8234, 14096, 13914, 10738, 11161, 1650, 1406, 11090, 8233, 10779, 7831, 3255, 8947, 10269, 157, 1265, 7540, 14825, 206, 14151, 14060, 4481, 8637, 13187, 3475, 9308, 7658, 5807, 10960, 8823, 14870, 13527, 2776, 14872, 9356, 2787, 9210, 7331, 11767, 1795, 7694, 3576, 11925, 3559, 8112, 4407, 1685, 5217, 14134]",569,100,3,False,100
1856,pto balance,pto used,148,True,False,True,"{104: 2, 115: 2, 87: 1, 65: 2, 11: 1, 31: 2, 69: 3, 97: 3, 32: 1, 17: 1, 128: 1, 18: 1, 146: 1, 142: 1, 41: 1, 23: 1, 114: 1, 129: 1, 53: 3, 42: 1, 112: 1, 132: 1, 119: 1, 25: 3, 100: 1, 149: 1, 126: 2, 148: 1, 8: 2, 67: 1, 47: 1, 27: 1, 46: 1, 52: 1, 91: 2, 94: 1, 28: 1, 9: 1, 14: 1, 120: 2, 79: 1, 74: 1, 70: 1, 48: 1, 26: 2, 62: 2, 82: 1, 122: 1, 80: 1, 39: 1, 133: 1, 103: 1, 55: 1, 89: 1, 60: 1, 5: 1, 75: 1, 96: 1, 83: 1, 108: 1, 15: 1, 35: 1, 140: 1, 118: 1, 16: 1, 107: 1, 71: 1, 43: 1, 33: 1, 57: 1, 19: 1, 110: 1, 30: 1, 10: 1, 99: 1, 20: 1, 68: 1, 77: 1, 59: 1, 137: 1, 78: 1, 1: 1}","[4704, 3062, 13685, 4895, 2, 13267, 6248, 785, 11789, 10596, 8974, 121, 2093, 3408, 5711, 8857, 1998, 700, 4530, 8847, 4794, 3094, 6441, 3904, 7558, 12549, 11526, 5884, 13737, 6097, 3937, 6956, 14007, 11620, 14742, 11391, 6984, 9170, 8171, 13532, 6841, 15004, 10047, 12225, 2666, 10636, 7333, 2023, 7421, 5370, 7703, 8234, 14096, 13914, 10738, 11161, 1650, 1406, 11090, 8233, 10779, 7831, 3255, 8947, 10269, 157, 1265, 7540, 14825, 206, 14151, 14060, 4481, 8637, 13187, 3475, 9308, 7658, 5807, 10960, 8823, 14870, 13527, 2776, 14872, 9356, 2787, 9210, 7331, 11767, 1795, 7694, 3576, 11925, 3559, 8112, 4407, 1685, 5217, 14134]",1856,100,3,False,100
2906,goodbye,good,114,True,True,False,"{104: 2, 115: 2, 87: 1, 65: 2, 11: 1, 31: 2, 69: 3, 97: 3, 32: 1, 17: 1, 128: 1, 18: 1, 146: 1, 142: 1, 41: 1, 23: 1, 114: 1, 129: 1, 53: 3, 42: 1, 112: 1, 132: 1, 119: 1, 25: 3, 100: 1, 149: 1, 126: 2, 148: 1, 8: 2, 67: 1, 47: 1, 27: 1, 46: 1, 52: 1, 91: 2, 94: 1, 28: 1, 9: 1, 14: 1, 120: 2, 79: 1, 74: 1, 70: 1, 48: 1, 26: 2, 62: 2, 82: 1, 122: 1, 80: 1, 39: 1, 133: 1, 103: 1, 55: 1, 89: 1, 60: 1, 5: 1, 75: 1, 96: 1, 83: 1, 108: 1, 15: 1, 35: 1, 140: 1, 118: 1, 16: 1, 107: 1, 71: 1, 43: 1, 33: 1, 57: 1, 19: 1, 110: 1, 30: 1, 10: 1, 99: 1, 20: 1, 68: 1, 77: 1, 59: 1, 137: 1, 78: 1, 1: 1}","[4704, 3062, 13685, 4895, 2, 13267, 6248, 785, 11789, 10596, 8974, 121, 2093, 3408, 5711, 8857, 1998, 700, 4530, 8847, 4794, 3094, 6441, 3904, 7558, 12549, 11526, 5884, 13737, 6097, 3937, 6956, 14007, 11620, 14742, 11391, 6984, 9170, 8171, 13532, 6841, 15004, 10047, 12225, 2666, 10636, 7333, 2023, 7421, 5370, 7703, 8234, 14096, 13914, 10738, 11161, 1650, 1406, 11090, 8233, 10779, 7831, 3255, 8947, 10269, 157, 1265, 7540, 14825, 206, 14151, 14060, 4481, 8637, 13187, 3475, 9308, 7658, 5807, 10960, 8823, 14870, 13527, 2776, 14872, 9356, 2787, 9210, 7331, 11767, 1795, 7694, 3576, 11925, 3559, 8112, 4407, 1685, 5217, 14134]",2906,100,3,False,100
1899,travel notification,travel notification,146,True,True,True,"{104: 2, 115: 2, 87: 1, 65: 2, 11: 1, 31: 2, 69: 3, 97: 3, 32: 1, 17: 1, 128: 1, 18: 1, 146: 1, 142: 1, 41: 1, 23: 1, 114: 1, 129: 1, 53: 3, 42: 1, 112: 1, 132: 1, 119: 1, 25: 3, 100: 1, 149: 1, 126: 2, 148: 1, 8: 2, 67: 1, 47: 1, 27: 1, 46: 1, 52: 1, 91: 2, 94: 1, 28: 1, 9: 1, 14: 1, 120: 2, 79: 1, 74: 1, 70: 1, 48: 1, 26: 2, 62: 2, 82: 1, 122: 1, 80: 1, 39: 1, 133: 1, 103: 1, 55: 1, 89: 1, 60: 1, 5: 1, 75: 1, 96: 1, 83: 1, 108: 1, 15: 1, 35: 1, 140: 1, 118: 1, 16: 1, 107: 1, 71: 1, 43: 1, 33: 1, 57: 1, 19: 1, 110: 1, 30: 1, 10: 1, 99: 1, 20: 1, 68: 1, 77: 1, 59: 1, 137: 1, 78: 1, 1: 1}","[4704, 3062, 13685, 4895, 2, 13267, 6248, 785, 11789, 10596, 8974, 121, 2093, 3408, 5711, 8857, 1998, 700, 4530, 8847, 4794, 3094, 6441, 3904, 7558, 12549, 11526, 5884, 13737, 6097, 3937, 6956, 14007, 11620, 14742, 11391, 6984, 9170, 8171, 13532, 6841, 15004, 10047, 12225, 2666, 10636, 7333, 2023, 7421, 5370, 7703, 8234, 14096, 13914, 10738, 11161, 1650, 1406, 11090, 8233, 10779, 7831, 3255, 8947, 10269, 157, 1265, 7540, 14825, 206, 14151, 14060, 4481, 8637, 13187, 3475, 9308, 7658, 5807, 10960, 8823, 14870, 13527, 2776, 14872, 9356, 2787, 9210, 7331, 11767, 1795, 7694, 3576, 11925, 3559, 8112, 4407, 1685, 5217, 14134]",1899,100,3,False,100
1753,calculator,calcul,138,False,True,False,"{104: 2, 115: 2, 87: 1, 65: 2, 11: 1, 31: 2, 69: 3, 97: 3, 32: 1, 17: 1, 128: 1, 18: 1, 146: 1, 142: 1, 41: 1, 23: 1, 114: 1, 129: 1, 53: 3, 42: 1, 112: 1, 132: 1, 119: 1, 25: 3, 100: 1, 149: 1, 126: 2, 148: 1, 8: 2, 67: 1, 47: 1, 27: 1, 46: 1, 52: 1, 91: 2, 94: 1, 28: 1, 9: 1, 14: 1, 120: 2, 79: 1, 74: 1, 70: 1, 48: 1, 26: 2, 62: 2, 82: 1, 122: 1, 80: 1, 39: 1, 133: 1, 103: 1, 55: 1, 89: 1, 60: 1, 5: 1, 75: 1, 96: 1, 83: 1, 108: 1, 15: 1, 35: 1, 140: 1, 118: 1, 16: 1, 107: 1, 71: 1, 43: 1, 33: 1, 57: 1, 19: 1, 110: 1, 30: 1, 10: 1, 99: 1, 20: 1, 68: 1, 77: 1, 59: 1, 137: 1, 78: 1, 1: 1}","[4704, 3062, 13685, 4895, 2, 13267, 6248, 785, 11789, 10596, 8974, 121, 2093, 3408, 5711, 8857, 1998, 700, 4530, 8847, 4794, 3094, 6441, 3904, 7558, 12549, 11526, 5884, 13737, 6097, 3937, 6956, 14007, 11620, 14742, 11391, 6984, 9170, 8171, 13532, 6841, 15004, 10047, 12225, 2666, 10636, 7333, 2023, 7421, 5370, 7703, 8234, 14096, 13914, 10738, 11161, 1650, 1406, 11090, 8233, 10779, 7831, 3255, 8947, 10269, 157, 1265, 7540, 14825, 206, 14151, 14060, 4481, 8637, 13187, 3475, 9308, 7658, 5807, 10960, 8823, 14870, 13527, 2776, 14872, 9356, 2787, 9210, 7331, 11767, 1795, 7694, 3576, 11925, 3559, 8112, 4407, 1685, 5217, 14134]",1753,100,3,False,100
2956,play music,what song,21,False,False,False,"{104: 2, 115: 2, 87: 1, 65: 2, 11: 1, 31: 2, 69: 3, 97: 3, 32: 1, 17: 1, 128: 1, 18: 1, 146: 1, 142: 1, 41: 1, 23: 1, 114: 1, 129: 1, 53: 3, 42: 1, 112: 1, 132: 1, 119: 1, 25: 3, 100: 1, 149: 1, 126: 2, 148: 1, 8: 2, 67: 1, 47: 1, 27: 1, 46: 1, 52: 1, 91: 2, 94: 1, 28: 1, 9: 1, 14: 1, 120: 2, 79: 1, 74: 1, 70: 1, 48: 1, 26: 2, 62: 2, 82: 1, 122: 1, 80: 1, 39: 1, 133: 1, 103: 1, 55: 1, 89: 1, 60: 1, 5: 1, 75: 1, 96: 1, 83: 1, 108: 1, 15: 1, 35: 1, 140: 1, 118: 1, 16: 1, 107: 1, 71: 1, 43: 1, 33: 1, 57: 1, 19: 1, 110: 1, 30: 1, 10: 1, 99: 1, 20: 1, 68: 1, 77: 1, 59: 1, 137: 1, 78: 1, 1: 1}","[4704, 3062, 13685, 4895, 2, 13267, 6248, 785, 11789, 10596, 8974, 121, 2093, 3408, 5711, 8857, 1998, 700, 4530, 8847, 4794, 3094, 6441, 3904, 7558, 12549, 11526, 5884, 13737, 6097, 3937, 6956, 14007, 11620, 14742, 11391, 6984, 9170, 8171, 13532, 6841, 15004, 10047, 12225, 2666, 10636, 7333, 2023, 7421, 5370, 7703, 8234, 14096, 13914, 10738, 11161, 1650, 1406, 11090, 8233, 10779, 7831, 3255, 8947, 10269, 157, 1265, 7540, 14825, 206, 14151, 14060, 4481, 8637, 13187, 3475, 9308, 7658, 5807, 10960, 8823, 14870, 13527, 2776, 14872, 9356, 2787, 9210, 7331, 11767, 1795, 7694, 3576, 11925, 3559, 8112, 4407, 1685, 5217, 14134]",2956,100,3,False,100
3801,shopping list,shopping list,43,True,True,True,"{104: 2, 115: 2, 87: 1, 65: 2, 11: 1, 31: 2, 69: 3, 97: 3, 32: 1, 17: 1, 128: 1, 18: 1, 146: 1, 142: 1, 41: 1, 23: 1, 114: 1, 129: 1, 53: 3, 42: 1, 112: 1, 132: 1, 119: 1, 25: 3, 100: 1, 149: 1, 126: 2, 148: 1, 8: 2, 67: 1, 47: 1, 27: 1, 46: 1, 52: 1, 91: 2, 94: 1, 28: 1, 9: 1, 14: 1, 120: 2, 79: 1, 74: 1, 70: 1, 48: 1, 26: 2, 62: 2, 82: 1, 122: 1, 80: 1, 39: 1, 133: 1, 103: 1, 55: 1, 89: 1, 60: 1, 5: 1, 75: 1, 96: 1, 83: 1, 108: 1, 15: 1, 35: 1, 140: 1, 118: 1, 16: 1, 107: 1, 71: 1, 43: 1, 33: 1, 57: 1, 19: 1, 110: 1, 30: 1, 10: 1, 99: 1, 20: 1, 68: 1, 77: 1, 59: 1, 137: 1, 78: 1, 1: 1}","[4704, 3062, 13685, 4895, 2, 13267, 6248, 785, 11789, 10596, 8974, 121, 2093, 3408, 5711, 8857, 1998, 700, 4530, 8847, 4794, 3094, 6441, 3904, 7558, 12549, 11526, 5884, 13737, 6097, 3937, 6956, 14007, 11620, 14742, 11391, 6984, 9170, 8171, 13532, 6841, 15004, 10047, 12225, 2666, 10636, 7333, 2023, 7421, 5370, 7703, 8234, 14096, 13914, 10738, 11161, 1650, 1406, 11090, 8233, 10779, 7831, 3255, 8947, 10269, 157, 1265, 7540, 14825, 206, 14151, 14060, 4481, 8637, 13187, 3475, 9308, 7658, 5807, 10960, 8823, 14870, 13527, 2776, 14872, 9356, 2787, 9210, 7331, 11767, 1795, 7694, 3576, 11925, 3559, 8112, 4407, 1685, 5217, 14134]",3801,100,3,False,100
2949,play music,what song,21,False,False,False,"{104: 2, 115: 2, 87: 1, 65: 2, 11: 1, 31: 2, 69: 3, 97: 3, 32: 1, 17: 1, 128: 1, 18: 1, 146: 1, 142: 1, 41: 1, 23: 1, 114: 1, 129: 1, 53: 3, 42: 1, 112: 1, 132: 1, 119: 1, 25: 3, 100: 1, 149: 1, 126: 2, 148: 1, 8: 2, 67: 1, 47: 1, 27: 1, 46: 1, 52: 1, 91: 2, 94: 1, 28: 1, 9: 1, 14: 1, 120: 2, 79: 1, 74: 1, 70: 1, 48: 1, 26: 2, 62: 2, 82: 1, 122: 1, 80: 1, 39: 1, 133: 1, 103: 1, 55: 1, 89: 1, 60: 1, 5: 1, 75: 1, 96: 1, 83: 1, 108: 1, 15: 1, 35: 1, 140: 1, 118: 1, 16: 1, 107: 1, 71: 1, 43: 1, 33: 1, 57: 1, 19: 1, 110: 1, 30: 1, 10: 1, 99: 1, 20: 1, 68: 1, 77: 1, 59: 1, 137: 1, 78: 1, 1: 1}","[4704, 3062, 13685, 4895, 2, 13267, 6248, 785, 11789, 10596, 8974, 121, 2093, 3408, 5711, 8857, 1998, 700, 4530, 8847, 4794, 3094, 6441, 3904, 7558, 12549, 11526, 5884, 13737, 6097, 3937, 6956, 14007, 11620, 14742, 11391, 6984, 9170, 8171, 13532, 6841, 15004, 10047, 12225, 2666, 10636, 7333, 2023, 7421, 5370, 7703, 8234, 14096, 13914, 10738, 11161, 1650, 1406, 11090, 8233, 10779, 7831, 3255, 8947, 10269, 157, 1265, 7540, 14825, 206, 14151, 14060, 4481, 8637, 13187, 3475, 9308, 7658, 5807, 10960, 8823, 14870, 13527, 2776, 14872, 9356, 2787, 9210, 7331, 11767, 1795, 7694, 3576, 11925, 3559, 8112, 4407, 1685, 5217, 14134]",2949,100,3,False,100
4303,food last,me,46,True,False,False,"{104: 2, 115: 2, 87: 1, 65: 2, 11: 1, 31: 2, 69: 3, 97: 3, 32: 1, 17: 1, 128: 1, 18: 1, 146: 1, 142: 1, 41: 1, 23: 1, 114: 1, 129: 1, 53: 3, 42: 1, 112: 1, 132: 1, 119: 1, 25: 3, 100: 1, 149: 1, 126: 2, 148: 1, 8: 2, 67: 1, 47: 1, 27: 1, 46: 1, 52: 1, 91: 2, 94: 1, 28: 1, 9: 1, 14: 1, 120: 2, 79: 1, 74: 1, 70: 1, 48: 1, 26: 2, 62: 2, 82: 1, 122: 1, 80: 1, 39: 1, 133: 1, 103: 1, 55: 1, 89: 1, 60: 1, 5: 1, 75: 1, 96: 1, 83: 1, 108: 1, 15: 1, 35: 1, 140: 1, 118: 1, 16: 1, 107: 1, 71: 1, 43: 1, 33: 1, 57: 1, 19: 1, 110: 1, 30: 1, 10: 1, 99: 1, 20: 1, 68: 1, 77: 1, 59: 1, 137: 1, 78: 1, 1: 1}","[4704, 3062, 13685, 4895, 2, 13267, 6248, 785, 11789, 10596, 8974, 121, 2093, 3408, 5711, 8857, 1998, 700, 4530, 8847, 4794, 3094, 6441, 3904, 7558, 12549, 11526, 5884, 13737, 6097, 3937, 6956, 14007, 11620, 14742, 11391, 6984, 9170, 8171, 13532, 6841, 15004, 10047, 12225, 2666, 10636, 7333, 2023, 7421, 5370, 7703, 8234, 14096, 13914, 10738, 11161, 1650, 1406, 11090, 8233, 10779, 7831, 3255, 8947, 10269, 157, 1265, 7540, 14825, 206, 14151, 14060, 4481, 8637, 13187, 3475, 9308, 7658, 5807, 10960, 8823, 14870, 13527, 2776, 14872, 9356, 2787, 9210, 7331, 11767, 1795, 7694, 3576, 11925, 3559, 8112, 4407, 1685, 5217, 14134]",4303,100,3,False,100
1261,lost luggage,lost,113,False,True,False,"{104: 2, 115: 2, 87: 1, 65: 2, 11: 1, 31: 2, 69: 3, 97: 3, 32: 1, 17: 1, 128: 1, 18: 1, 146: 1, 142: 1, 41: 1, 23: 1, 114: 1, 129: 1, 53: 3, 42: 1, 112: 1, 132: 1, 119: 1, 25: 3, 100: 1, 149: 1, 126: 2, 148: 1, 8: 2, 67: 1, 47: 1, 27: 1, 46: 1, 52: 1, 91: 2, 94: 1, 28: 1, 9: 1, 14: 1, 120: 2, 79: 1, 74: 1, 70: 1, 48: 1, 26: 2, 62: 2, 82: 1, 122: 1, 80: 1, 39: 1, 133: 1, 103: 1, 55: 1, 89: 1, 60: 1, 5: 1, 75: 1, 96: 1, 83: 1, 108: 1, 15: 1, 35: 1, 140: 1, 118: 1, 16: 1, 107: 1, 71: 1, 43: 1, 33: 1, 57: 1, 19: 1, 110: 1, 30: 1, 10: 1, 99: 1, 20: 1, 68: 1, 77: 1, 59: 1, 137: 1, 78: 1, 1: 1}","[4704, 3062, 13685, 4895, 2, 13267, 6248, 785, 11789, 10596, 8974, 121, 2093, 3408, 5711, 8857, 1998, 700, 4530, 8847, 4794, 3094, 6441, 3904, 7558, 12549, 11526, 5884, 13737, 6097, 3937, 6956, 14007, 11620, 14742, 11391, 6984, 9170, 8171, 13532, 6841, 15004, 10047, 12225, 2666, 10636, 7333, 2023, 7421, 5370, 7703, 8234, 14096, 13914, 10738, 11161, 1650, 1406, 11090, 8233, 10779, 7831, 3255, 8947, 10269, 157, 1265, 7540, 14825, 206, 14151, 14060, 4481, 8637, 13187, 3475, 9308, 7658, 5807, 10960, 8823, 14870, 13527, 2776, 14872, 9356, 2787, 9210, 7331, 11767, 1795, 7694, 3576, 11925, 3559, 8112, 4407, 1685, 5217, 14134]",1261,100,3,False,100
5215,nutrition info,o,42,True,False,False,"{104: 2, 115: 2, 87: 1, 65: 2, 11: 1, 31: 2, 69: 3, 97: 3, 32: 1, 17: 1, 128: 1, 18: 1, 146: 1, 142: 1, 41: 1, 23: 1, 114: 1, 129: 1, 53: 3, 42: 1, 112: 1, 132: 1, 119: 1, 25: 3, 100: 1, 149: 1, 126: 2, 148: 1, 8: 2, 67: 1, 47: 1, 27: 1, 46: 1, 52: 1, 91: 2, 94: 1, 28: 1, 9: 1, 14: 1, 120: 2, 79: 1, 74: 1, 70: 1, 48: 1, 26: 2, 62: 2, 82: 1, 122: 1, 80: 1, 39: 1, 133: 1, 103: 1, 55: 1, 89: 1, 60: 1, 5: 1, 75: 1, 96: 1, 83: 1, 108: 1, 15: 1, 35: 1, 140: 1, 118: 1, 16: 1, 107: 1, 71: 1, 43: 1, 33: 1, 57: 1, 19: 1, 110: 1, 30: 1, 10: 1, 99: 1, 20: 1, 68: 1, 77: 1, 59: 1, 137: 1, 78: 1, 1: 1}","[4704, 3062, 13685, 4895, 2, 13267, 6248, 785, 11789, 10596, 8974, 121, 2093, 3408, 5711, 8857, 1998, 700, 4530, 8847, 4794, 3094, 6441, 3904, 7558, 12549, 11526, 5884, 13737, 6097, 3937, 6956, 14007, 11620, 14742, 11391, 6984, 9170, 8171, 13532, 6841, 15004, 10047, 12225, 2666, 10636, 7333, 2023, 7421, 5370, 7703, 8234, 14096, 13914, 10738, 11161, 1650, 1406, 11090, 8233, 10779, 7831, 3255, 8947, 10269, 157, 1265, 7540, 14825, 206, 14151, 14060, 4481, 8637, 13187, 3475, 9308, 7658, 5807, 10960, 8823, 14870, 13527, 2776, 14872, 9356, 2787, 9210, 7331, 11767, 1795, 7694, 3576, 11925, 3559, 8112, 4407, 1685, 5217, 14134]",5215,100,3,False,100
5370,new card,o,42,True,False,False,"{104: 2, 115: 2, 87: 1, 65: 2, 11: 1, 31: 2, 69: 3, 97: 3, 32: 1, 17: 1, 128: 1, 18: 1, 146: 1, 142: 1, 41: 1, 23: 1, 114: 1, 129: 1, 53: 3, 42: 1, 112: 1, 132: 1, 119: 1, 25: 3, 100: 1, 149: 1, 126: 2, 148: 1, 8: 2, 67: 1, 47: 1, 27: 1, 46: 1, 52: 1, 91: 2, 94: 1, 28: 1, 9: 1, 14: 1, 120: 2, 79: 1, 74: 1, 70: 1, 48: 1, 26: 2, 62: 2, 82: 1, 122: 1, 80: 1, 39: 1, 133: 1, 103: 1, 55: 1, 89: 1, 60: 1, 5: 1, 75: 1, 96: 1, 83: 1, 108: 1, 15: 1, 35: 1, 140: 1, 118: 1, 16: 1, 107: 1, 71: 1, 43: 1, 33: 1, 57: 1, 19: 1, 110: 1, 30: 1, 10: 1, 99: 1, 20: 1, 68: 1, 77: 1, 59: 1, 137: 1, 78: 1, 1: 1}","[4704, 3062, 13685, 4895, 2, 13267, 6248, 785, 11789, 10596, 8974, 121, 2093, 3408, 5711, 8857, 1998, 700, 4530, 8847, 4794, 3094, 6441, 3904, 7558, 12549, 11526, 5884, 13737, 6097, 3937, 6956, 14007, 11620, 14742, 11391, 6984, 9170, 8171, 13532, 6841, 15004, 10047, 12225, 2666, 10636, 7333, 2023, 7421, 5370, 7703, 8234, 14096, 13914, 10738, 11161, 1650, 1406, 11090, 8233, 10779, 7831, 3255, 8947, 10269, 157, 1265, 7540, 14825, 206, 14151, 14060, 4481, 8637, 13187, 3475, 9308, 7658, 5807, 10960, 8823, 14870, 13527, 2776, 14872, 9356, 2787, 9210, 7331, 11767, 1795, 7694, 3576, 11925, 3559, 8112, 4407, 1685, 5217, 14134]",5370,100,3,False,100
1139,bill balance,pay bill,111,False,False,True,"{104: 2, 115: 2, 87: 1, 65: 2, 11: 1, 31: 2, 69: 3, 97: 3, 32: 1, 17: 1, 128: 1, 18: 1, 146: 1, 142: 1, 41: 1, 23: 1, 114: 1, 129: 1, 53: 3, 42: 1, 112: 1, 132: 1, 119: 1, 25: 3, 100: 1, 149: 1, 126: 2, 148: 1, 8: 2, 67: 1, 47: 1, 27: 1, 46: 1, 52: 1, 91: 2, 94: 1, 28: 1, 9: 1, 14: 1, 120: 2, 79: 1, 74: 1, 70: 1, 48: 1, 26: 2, 62: 2, 82: 1, 122: 1, 80: 1, 39: 1, 133: 1, 103: 1, 55: 1, 89: 1, 60: 1, 5: 1, 75: 1, 96: 1, 83: 1, 108: 1, 15: 1, 35: 1, 140: 1, 118: 1, 16: 1, 107: 1, 71: 1, 43: 1, 33: 1, 57: 1, 19: 1, 110: 1, 30: 1, 10: 1, 99: 1, 20: 1, 68: 1, 77: 1, 59: 1, 137: 1, 78: 1, 1: 1}","[4704, 3062, 13685, 4895, 2, 13267, 6248, 785, 11789, 10596, 8974, 121, 2093, 3408, 5711, 8857, 1998, 700, 4530, 8847, 4794, 3094, 6441, 3904, 7558, 12549, 11526, 5884, 13737, 6097, 3937, 6956, 14007, 11620, 14742, 11391, 6984, 9170, 8171, 13532, 6841, 15004, 10047, 12225, 2666, 10636, 7333, 2023, 7421, 5370, 7703, 8234, 14096, 13914, 10738, 11161, 1650, 1406, 11090, 8233, 10779, 7831, 3255, 8947, 10269, 157, 1265, 7540, 14825, 206, 14151, 14060, 4481, 8637, 13187, 3475, 9308, 7658, 5807, 10960, 8823, 14870, 13527, 2776, 14872, 9356, 2787, 9210, 7331, 11767, 1795, 7694, 3576, 11925, 3559, 8112, 4407, 1685, 5217, 14134]",1139,100,3,False,100
2633,exchange rate,exchange,38,False,True,False,"{104: 2, 115: 2, 87: 1, 65: 2, 11: 1, 31: 2, 69: 3, 97: 3, 32: 1, 17: 1, 128: 1, 18: 1, 146: 1, 142: 1, 41: 1, 23: 1, 114: 1, 129: 1, 53: 3, 42: 1, 112: 1, 132: 1, 119: 1, 25: 3, 100: 1, 149: 1, 126: 2, 148: 1, 8: 2, 67: 1, 47: 1, 27: 1, 46: 1, 52: 1, 91: 2, 94: 1, 28: 1, 9: 1, 14: 1, 120: 2, 79: 1, 74: 1, 70: 1, 48: 1, 26: 2, 62: 2, 82: 1, 122: 1, 80: 1, 39: 1, 133: 1, 103: 1, 55: 1, 89: 1, 60: 1, 5: 1, 75: 1, 96: 1, 83: 1, 108: 1, 15: 1, 35: 1, 140: 1, 118: 1, 16: 1, 107: 1, 71: 1, 43: 1, 33: 1, 57: 1, 19: 1, 110: 1, 30: 1, 10: 1, 99: 1, 20: 1, 68: 1, 77: 1, 59: 1, 137: 1, 78: 1, 1: 1}","[4704, 3062, 13685, 4895, 2, 13267, 6248, 785, 11789, 10596, 8974, 121, 2093, 3408, 5711, 8857, 1998, 700, 4530, 8847, 4794, 3094, 6441, 3904, 7558, 12549, 11526, 5884, 13737, 6097, 3937, 6956, 14007, 11620, 14742, 11391, 6984, 9170, 8171, 13532, 6841, 15004, 10047, 12225, 2666, 10636, 7333, 2023, 7421, 5370, 7703, 8234, 14096, 13914, 10738, 11161, 1650, 1406, 11090, 8233, 10779, 7831, 3255, 8947, 10269, 157, 1265, 7540, 14825, 206, 14151, 14060, 4481, 8637, 13187, 3475, 9308, 7658, 5807, 10960, 8823, 14870, 13527, 2776, 14872, 9356, 2787, 9210, 7331, 11767, 1795, 7694, 3576, 11925, 3559, 8112, 4407, 1685, 5217, 14134]",2633,100,3,False,100
4956,application status,o,42,True,False,False,"{104: 2, 115: 2, 87: 1, 65: 2, 11: 1, 31: 2, 69: 3, 97: 3, 32: 1, 17: 1, 128: 1, 18: 1, 146: 1, 142: 1, 41: 1, 23: 1, 114: 1, 129: 1, 53: 3, 42: 1, 112: 1, 132: 1, 119: 1, 25: 3, 100: 1, 149: 1, 126: 2, 148: 1, 8: 2, 67: 1, 47: 1, 27: 1, 46: 1, 52: 1, 91: 2, 94: 1, 28: 1, 9: 1, 14: 1, 120: 2, 79: 1, 74: 1, 70: 1, 48: 1, 26: 2, 62: 2, 82: 1, 122: 1, 80: 1, 39: 1, 133: 1, 103: 1, 55: 1, 89: 1, 60: 1, 5: 1, 75: 1, 96: 1, 83: 1, 108: 1, 15: 1, 35: 1, 140: 1, 118: 1, 16: 1, 107: 1, 71: 1, 43: 1, 33: 1, 57: 1, 19: 1, 110: 1, 30: 1, 10: 1, 99: 1, 20: 1, 68: 1, 77: 1, 59: 1, 137: 1, 78: 1, 1: 1}","[4704, 3062, 13685, 4895, 2, 13267, 6248, 785, 11789, 10596, 8974, 121, 2093, 3408, 5711, 8857, 1998, 700, 4530, 8847, 4794, 3094, 6441, 3904, 7558, 12549, 11526, 5884, 13737, 6097, 3937, 6956, 14007, 11620, 14742, 11391, 6984, 9170, 8171, 13532, 6841, 15004, 10047, 12225, 2666, 10636, 7333, 2023, 7421, 5370, 7703, 8234, 14096, 13914, 10738, 11161, 1650, 1406, 11090, 8233, 10779, 7831, 3255, 8947, 10269, 157, 1265, 7540, 14825, 206, 14151, 14060, 4481, 8637, 13187, 3475, 9308, 7658, 5807, 10960, 8823, 14870, 13527, 2776, 14872, 9356, 2787, 9210, 7331, 11767, 1795, 7694, 3576, 11925, 3559, 8112, 4407, 1685, 5217, 14134]",4956,100,3,False,100
2932,account blocked,account,2,False,True,False,"{104: 2, 115: 2, 87: 1, 65: 2, 11: 1, 31: 2, 69: 3, 97: 3, 32: 1, 17: 1, 128: 1, 18: 1, 146: 1, 142: 1, 41: 1, 23: 1, 114: 1, 129: 1, 53: 3, 42: 1, 112: 1, 132: 1, 119: 1, 25: 3, 100: 1, 149: 1, 126: 2, 148: 1, 8: 2, 67: 1, 47: 1, 27: 1, 46: 1, 52: 1, 91: 2, 94: 1, 28: 1, 9: 1, 14: 1, 120: 2, 79: 1, 74: 1, 70: 1, 48: 1, 26: 2, 62: 2, 82: 1, 122: 1, 80: 1, 39: 1, 133: 1, 103: 1, 55: 1, 89: 1, 60: 1, 5: 1, 75: 1, 96: 1, 83: 1, 108: 1, 15: 1, 35: 1, 140: 1, 118: 1, 16: 1, 107: 1, 71: 1, 43: 1, 33: 1, 57: 1, 19: 1, 110: 1, 30: 1, 10: 1, 99: 1, 20: 1, 68: 1, 77: 1, 59: 1, 137: 1, 78: 1, 1: 1}","[4704, 3062, 13685, 4895, 2, 13267, 6248, 785, 11789, 10596, 8974, 121, 2093, 3408, 5711, 8857, 1998, 700, 4530, 8847, 4794, 3094, 6441, 3904, 7558, 12549, 11526, 5884, 13737, 6097, 3937, 6956, 14007, 11620, 14742, 11391, 6984, 9170, 8171, 13532, 6841, 15004, 10047, 12225, 2666, 10636, 7333, 2023, 7421, 5370, 7703, 8234, 14096, 13914, 10738, 11161, 1650, 1406, 11090, 8233, 10779, 7831, 3255, 8947, 10269, 157, 1265, 7540, 14825, 206, 14151, 14060, 4481, 8637, 13187, 3475, 9308, 7658, 5807, 10960, 8823, 14870, 13527, 2776, 14872, 9356, 2787, 9210, 7331, 11767, 1795, 7694, 3576, 11925, 3559, 8112, 4407, 1685, 5217, 14134]",2932,100,3,False,100
1523,reminder update,reminder,76,False,False,True,"{104: 2, 115: 2, 87: 1, 65: 2, 11: 1, 31: 2, 69: 3, 97: 3, 32: 1, 17: 1, 128: 1, 18: 1, 146: 1, 142: 1, 41: 1, 23: 1, 114: 1, 129: 1, 53: 3, 42: 1, 112: 1, 132: 1, 119: 1, 25: 3, 100: 1, 149: 1, 126: 2, 148: 1, 8: 2, 67: 1, 47: 1, 27: 1, 46: 1, 52: 1, 91: 2, 94: 1, 28: 1, 9: 1, 14: 1, 120: 2, 79: 1, 74: 1, 70: 1, 48: 1, 26: 2, 62: 2, 82: 1, 122: 1, 80: 1, 39: 1, 133: 1, 103: 1, 55: 1, 89: 1, 60: 1, 5: 1, 75: 1, 96: 1, 83: 1, 108: 1, 15: 1, 35: 1, 140: 1, 118: 1, 16: 1, 107: 1, 71: 1, 43: 1, 33: 1, 57: 1, 19: 1, 110: 1, 30: 1, 10: 1, 99: 1, 20: 1, 68: 1, 77: 1, 59: 1, 137: 1, 78: 1, 1: 1}","[4704, 3062, 13685, 4895, 2, 13267, 6248, 785, 11789, 10596, 8974, 121, 2093, 3408, 5711, 8857, 1998, 700, 4530, 8847, 4794, 3094, 6441, 3904, 7558, 12549, 11526, 5884, 13737, 6097, 3937, 6956, 14007, 11620, 14742, 11391, 6984, 9170, 8171, 13532, 6841, 15004, 10047, 12225, 2666, 10636, 7333, 2023, 7421, 5370, 7703, 8234, 14096, 13914, 10738, 11161, 1650, 1406, 11090, 8233, 10779, 7831, 3255, 8947, 10269, 157, 1265, 7540, 14825, 206, 14151, 14060, 4481, 8637, 13187, 3475, 9308, 7658, 5807, 10960, 8823, 14870, 13527, 2776, 14872, 9356, 2787, 9210, 7331, 11767, 1795, 7694, 3576, 11925, 3559, 8112, 4407, 1685, 5217, 14134]",1523,100,3,False,100
4684,book hotel,o,42,True,False,False,"{104: 2, 115: 2, 87: 1, 65: 2, 11: 1, 31: 2, 69: 3, 97: 3, 32: 1, 17: 1, 128: 1, 18: 1, 146: 1, 142: 1, 41: 1, 23: 1, 114: 1, 129: 1, 53: 3, 42: 1, 112: 1, 132: 1, 119: 1, 25: 3, 100: 1, 149: 1, 126: 2, 148: 1, 8: 2, 67: 1, 47: 1, 27: 1, 46: 1, 52: 1, 91: 2, 94: 1, 28: 1, 9: 1, 14: 1, 120: 2, 79: 1, 74: 1, 70: 1, 48: 1, 26: 2, 62: 2, 82: 1, 122: 1, 80: 1, 39: 1, 133: 1, 103: 1, 55: 1, 89: 1, 60: 1, 5: 1, 75: 1, 96: 1, 83: 1, 108: 1, 15: 1, 35: 1, 140: 1, 118: 1, 16: 1, 107: 1, 71: 1, 43: 1, 33: 1, 57: 1, 19: 1, 110: 1, 30: 1, 10: 1, 99: 1, 20: 1, 68: 1, 77: 1, 59: 1, 137: 1, 78: 1, 1: 1}","[4704, 3062, 13685, 4895, 2, 13267, 6248, 785, 11789, 10596, 8974, 121, 2093, 3408, 5711, 8857, 1998, 700, 4530, 8847, 4794, 3094, 6441, 3904, 7558, 12549, 11526, 5884, 13737, 6097, 3937, 6956, 14007, 11620, 14742, 11391, 6984, 9170, 8171, 13532, 6841, 15004, 10047, 12225, 2666, 10636, 7333, 2023, 7421, 5370, 7703, 8234, 14096, 13914, 10738, 11161, 1650, 1406, 11090, 8233, 10779, 7831, 3255, 8947, 10269, 157, 1265, 7540, 14825, 206, 14151, 14060, 4481, 8637, 13187, 3475, 9308, 7658, 5807, 10960, 8823, 14870, 13527, 2776, 14872, 9356, 2787, 9210, 7331, 11767, 1795, 7694, 3576, 11925, 3559, 8112, 4407, 1685, 5217, 14134]",4684,100,3,False,100
5014,new card,o,42,True,False,False,"{104: 2, 115: 2, 87: 1, 65: 2, 11: 1, 31: 2, 69: 3, 97: 3, 32: 1, 17: 1, 128: 1, 18: 1, 146: 1, 142: 1, 41: 1, 23: 1, 114: 1, 129: 1, 53: 3, 42: 1, 112: 1, 132: 1, 119: 1, 25: 3, 100: 1, 149: 1, 126: 2, 148: 1, 8: 2, 67: 1, 47: 1, 27: 1, 46: 1, 52: 1, 91: 2, 94: 1, 28: 1, 9: 1, 14: 1, 120: 2, 79: 1, 74: 1, 70: 1, 48: 1, 26: 2, 62: 2, 82: 1, 122: 1, 80: 1, 39: 1, 133: 1, 103: 1, 55: 1, 89: 1, 60: 1, 5: 1, 75: 1, 96: 1, 83: 1, 108: 1, 15: 1, 35: 1, 140: 1, 118: 1, 16: 1, 107: 1, 71: 1, 43: 1, 33: 1, 57: 1, 19: 1, 110: 1, 30: 1, 10: 1, 99: 1, 20: 1, 68: 1, 77: 1, 59: 1, 137: 1, 78: 1, 1: 1}","[4704, 3062, 13685, 4895, 2, 13267, 6248, 785, 11789, 10596, 8974, 121, 2093, 3408, 5711, 8857, 1998, 700, 4530, 8847, 4794, 3094, 6441, 3904, 7558, 12549, 11526, 5884, 13737, 6097, 3937, 6956, 14007, 11620, 14742, 11391, 6984, 9170, 8171, 13532, 6841, 15004, 10047, 12225, 2666, 10636, 7333, 2023, 7421, 5370, 7703, 8234, 14096, 13914, 10738, 11161, 1650, 1406, 11090, 8233, 10779, 7831, 3255, 8947, 10269, 157, 1265, 7540, 14825, 206, 14151, 14060, 4481, 8637, 13187, 3475, 9308, 7658, 5807, 10960, 8823, 14870, 13527, 2776, 14872, 9356, 2787, 9210, 7331, 11767, 1795, 7694, 3576, 11925, 3559, 8112, 4407, 1685, 5217, 14134]",5014,100,3,False,100
3780,shopping list,shopping list,43,True,True,True,"{104: 2, 115: 2, 87: 1, 65: 2, 11: 1, 31: 2, 69: 3, 97: 3, 32: 1, 17: 1, 128: 1, 18: 1, 146: 1, 142: 1, 41: 1, 23: 1, 114: 1, 129: 1, 53: 3, 42: 1, 112: 1, 132: 1, 119: 1, 25: 3, 100: 1, 149: 1, 126: 2, 148: 1, 8: 2, 67: 1, 47: 1, 27: 1, 46: 1, 52: 1, 91: 2, 94: 1, 28: 1, 9: 1, 14: 1, 120: 2, 79: 1, 74: 1, 70: 1, 48: 1, 26: 2, 62: 2, 82: 1, 122: 1, 80: 1, 39: 1, 133: 1, 103: 1, 55: 1, 89: 1, 60: 1, 5: 1, 75: 1, 96: 1, 83: 1, 108: 1, 15: 1, 35: 1, 140: 1, 118: 1, 16: 1, 107: 1, 71: 1, 43: 1, 33: 1, 57: 1, 19: 1, 110: 1, 30: 1, 10: 1, 99: 1, 20: 1, 68: 1, 77: 1, 59: 1, 137: 1, 78: 1, 1: 1}","[4704, 3062, 13685, 4895, 2, 13267, 6248, 785, 11789, 10596, 8974, 121, 2093, 3408, 5711, 8857, 1998, 700, 4530, 8847, 4794, 3094, 6441, 3904, 7558, 12549, 11526, 5884, 13737, 6097, 3937, 6956, 14007, 11620, 14742, 11391, 6984, 9170, 8171, 13532, 6841, 15004, 10047, 12225, 2666, 10636, 7333, 2023, 7421, 5370, 7703, 8234, 14096, 13914, 10738, 11161, 1650, 1406, 11090, 8233, 10779, 7831, 3255, 8947, 10269, 157, 1265, 7540, 14825, 206, 14151, 14060, 4481, 8637, 13187, 3475, 9308, 7658, 5807, 10960, 8823, 14870, 13527, 2776, 14872, 9356, 2787, 9210, 7331, 11767, 1795, 7694, 3576, 11925, 3559, 8112, 4407, 1685, 5217, 14134]",3780,100,3,False,100
3219,where are you from,current,136,False,False,False,"{104: 2, 115: 2, 87: 1, 65: 2, 11: 1, 31: 2, 69: 3, 97: 3, 32: 1, 17: 1, 128: 1, 18: 1, 146: 1, 142: 1, 41: 1, 23: 1, 114: 1, 129: 1, 53: 3, 42: 1, 112: 1, 132: 1, 119: 1, 25: 3, 100: 1, 149: 1, 126: 2, 148: 1, 8: 2, 67: 1, 47: 1, 27: 1, 46: 1, 52: 1, 91: 2, 94: 1, 28: 1, 9: 1, 14: 1, 120: 2, 79: 1, 74: 1, 70: 1, 48: 1, 26: 2, 62: 2, 82: 1, 122: 1, 80: 1, 39: 1, 133: 1, 103: 1, 55: 1, 89: 1, 60: 1, 5: 1, 75: 1, 96: 1, 83: 1, 108: 1, 15: 1, 35: 1, 140: 1, 118: 1, 16: 1, 107: 1, 71: 1, 43: 1, 33: 1, 57: 1, 19: 1, 110: 1, 30: 1, 10: 1, 99: 1, 20: 1, 68: 1, 77: 1, 59: 1, 137: 1, 78: 1, 1: 1}","[4704, 3062, 13685, 4895, 2, 13267, 6248, 785, 11789, 10596, 8974, 121, 2093, 3408, 5711, 8857, 1998, 700, 4530, 8847, 4794, 3094, 6441, 3904, 7558, 12549, 11526, 5884, 13737, 6097, 3937, 6956, 14007, 11620, 14742, 11391, 6984, 9170, 8171, 13532, 6841, 15004, 10047, 12225, 2666, 10636, 7333, 2023, 7421, 5370, 7703, 8234, 14096, 13914, 10738, 11161, 1650, 1406, 11090, 8233, 10779, 7831, 3255, 8947, 10269, 157, 1265, 7540, 14825, 206, 14151, 14060, 4481, 8637, 13187, 3475, 9308, 7658, 5807, 10960, 8823, 14870, 13527, 2776, 14872, 9356, 2787, 9210, 7331, 11767, 1795, 7694, 3576, 11925, 3559, 8112, 4407, 1685, 5217, 14134]",3219,100,3,False,100
1955,thank you,thank,124,False,True,False,"{104: 2, 115: 2, 87: 1, 65: 2, 11: 1, 31: 2, 69: 3, 97: 3, 32: 1, 17: 1, 128: 1, 18: 1, 146: 1, 142: 1, 41: 1, 23: 1, 114: 1, 129: 1, 53: 3, 42: 1, 112: 1, 132: 1, 119: 1, 25: 3, 100: 1, 149: 1, 126: 2, 148: 1, 8: 2, 67: 1, 47: 1, 27: 1, 46: 1, 52: 1, 91: 2, 94: 1, 28: 1, 9: 1, 14: 1, 120: 2, 79: 1, 74: 1, 70: 1, 48: 1, 26: 2, 62: 2, 82: 1, 122: 1, 80: 1, 39: 1, 133: 1, 103: 1, 55: 1, 89: 1, 60: 1, 5: 1, 75: 1, 96: 1, 83: 1, 108: 1, 15: 1, 35: 1, 140: 1, 118: 1, 16: 1, 107: 1, 71: 1, 43: 1, 33: 1, 57: 1, 19: 1, 110: 1, 30: 1, 10: 1, 99: 1, 20: 1, 68: 1, 77: 1, 59: 1, 137: 1, 78: 1, 1: 1}","[4704, 3062, 13685, 4895, 2, 13267, 6248, 785, 11789, 10596, 8974, 121, 2093, 3408, 5711, 8857, 1998, 700, 4530, 8847, 4794, 3094, 6441, 3904, 7558, 12549, 11526, 5884, 13737, 6097, 3937, 6956, 14007, 11620, 14742, 11391, 6984, 9170, 8171, 13532, 6841, 15004, 10047, 12225, 2666, 10636, 7333, 2023, 7421, 5370, 7703, 8234, 14096, 13914, 10738, 11161, 1650, 1406, 11090, 8233, 10779, 7831, 3255, 8947, 10269, 157, 1265, 7540, 14825, 206, 14151, 14060, 4481, 8637, 13187, 3475, 9308, 7658, 5807, 10960, 8823, 14870, 13527, 2776, 14872, 9356, 2787, 9210, 7331, 11767, 1795, 7694, 3576, 11925, 3559, 8112, 4407, 1685, 5217, 14134]",1955,100,3,False,100
34,transfer,transfer,133,True,True,True,"{104: 2, 115: 2, 87: 1, 65: 2, 11: 1, 31: 2, 69: 3, 97: 3, 32: 1, 17: 1, 128: 1, 18: 1, 146: 1, 142: 1, 41: 1, 23: 1, 114: 1, 129: 1, 53: 3, 42: 1, 112: 1, 132: 1, 119: 1, 25: 3, 100: 1, 149: 1, 126: 2, 148: 1, 8: 2, 67: 1, 47: 1, 27: 1, 46: 1, 52: 1, 91: 2, 94: 1, 28: 1, 9: 1, 14: 1, 120: 2, 79: 1, 74: 1, 70: 1, 48: 1, 26: 2, 62: 2, 82: 1, 122: 1, 80: 1, 39: 1, 133: 1, 103: 1, 55: 1, 89: 1, 60: 1, 5: 1, 75: 1, 96: 1, 83: 1, 108: 1, 15: 1, 35: 1, 140: 1, 118: 1, 16: 1, 107: 1, 71: 1, 43: 1, 33: 1, 57: 1, 19: 1, 110: 1, 30: 1, 10: 1, 99: 1, 20: 1, 68: 1, 77: 1, 59: 1, 137: 1, 78: 1, 1: 1}","[4704, 3062, 13685, 4895, 2, 13267, 6248, 785, 11789, 10596, 8974, 121, 2093, 3408, 5711, 8857, 1998, 700, 4530, 8847, 4794, 3094, 6441, 3904, 7558, 12549, 11526, 5884, 13737, 6097, 3937, 6956, 14007, 11620, 14742, 11391, 6984, 9170, 8171, 13532, 6841, 15004, 10047, 12225, 2666, 10636, 7333, 2023, 7421, 5370, 7703, 8234, 14096, 13914, 10738, 11161, 1650, 1406, 11090, 8233, 10779, 7831, 3255, 8947, 10269, 157, 1265, 7540, 14825, 206, 14151, 14060, 4481, 8637, 13187, 3475, 9308, 7658, 5807, 10960, 8823, 14870, 13527, 2776, 14872, 9356, 2787, 9210, 7331, 11767, 1795, 7694, 3576, 11925, 3559, 8112, 4407, 1685, 5217, 14134]",34,100,3,False,100
3136,measurement conversion,measurement,31,True,True,False,"{104: 2, 115: 2, 87: 1, 65: 2, 11: 1, 31: 2, 69: 3, 97: 3, 32: 1, 17: 1, 128: 1, 18: 1, 146: 1, 142: 1, 41: 1, 23: 1, 114: 1, 129: 1, 53: 3, 42: 1, 112: 1, 132: 1, 119: 1, 25: 3, 100: 1, 149: 1, 126: 2, 148: 1, 8: 2, 67: 1, 47: 1, 27: 1, 46: 1, 52: 1, 91: 2, 94: 1, 28: 1, 9: 1, 14: 1, 120: 2, 79: 1, 74: 1, 70: 1, 48: 1, 26: 2, 62: 2, 82: 1, 122: 1, 80: 1, 39: 1, 133: 1, 103: 1, 55: 1, 89: 1, 60: 1, 5: 1, 75: 1, 96: 1, 83: 1, 108: 1, 15: 1, 35: 1, 140: 1, 118: 1, 16: 1, 107: 1, 71: 1, 43: 1, 33: 1, 57: 1, 19: 1, 110: 1, 30: 1, 10: 1, 99: 1, 20: 1, 68: 1, 77: 1, 59: 1, 137: 1, 78: 1, 1: 1}","[4704, 3062, 13685, 4895, 2, 13267, 6248, 785, 11789, 10596, 8974, 121, 2093, 3408, 5711, 8857, 1998, 700, 4530, 8847, 4794, 3094, 6441, 3904, 7558, 12549, 11526, 5884, 13737, 6097, 3937, 6956, 14007, 11620, 14742, 11391, 6984, 9170, 8171, 13532, 6841, 15004, 10047, 12225, 2666, 10636, 7333, 2023, 7421, 5370, 7703, 8234, 14096, 13914, 10738, 11161, 1650, 1406, 11090, 8233, 10779, 7831, 3255, 8947, 10269, 157, 1265, 7540, 14825, 206, 14151, 14060, 4481, 8637, 13187, 3475, 9308, 7658, 5807, 10960, 8823, 14870, 13527, 2776, 14872, 9356, 2787, 9210, 7331, 11767, 1795, 7694, 3576, 11925, 3559, 8112, 4407, 1685, 5217, 14134]",3136,100,3,False,100
1328,mpg,m,142,True,True,False,"{104: 2, 115: 2, 87: 1, 65: 2, 11: 1, 31: 2, 69: 3, 97: 3, 32: 1, 17: 1, 128: 1, 18: 1, 146: 1, 142: 1, 41: 1, 23: 1, 114: 1, 129: 1, 53: 3, 42: 1, 112: 1, 132: 1, 119: 1, 25: 3, 100: 1, 149: 1, 126: 2, 148: 1, 8: 2, 67: 1, 47: 1, 27: 1, 46: 1, 52: 1, 91: 2, 94: 1, 28: 1, 9: 1, 14: 1, 120: 2, 79: 1, 74: 1, 70: 1, 48: 1, 26: 2, 62: 2, 82: 1, 122: 1, 80: 1, 39: 1, 133: 1, 103: 1, 55: 1, 89: 1, 60: 1, 5: 1, 75: 1, 96: 1, 83: 1, 108: 1, 15: 1, 35: 1, 140: 1, 118: 1, 16: 1, 107: 1, 71: 1, 43: 1, 33: 1, 57: 1, 19: 1, 110: 1, 30: 1, 10: 1, 99: 1, 20: 1, 68: 1, 77: 1, 59: 1, 137: 1, 78: 1, 1: 1}","[4704, 3062, 13685, 4895, 2, 13267, 6248, 785, 11789, 10596, 8974, 121, 2093, 3408, 5711, 8857, 1998, 700, 4530, 8847, 4794, 3094, 6441, 3904, 7558, 12549, 11526, 5884, 13737, 6097, 3937, 6956, 14007, 11620, 14742, 11391, 6984, 9170, 8171, 13532, 6841, 15004, 10047, 12225, 2666, 10636, 7333, 2023, 7421, 5370, 7703, 8234, 14096, 13914, 10738, 11161, 1650, 1406, 11090, 8233, 10779, 7831, 3255, 8947, 10269, 157, 1265, 7540, 14825, 206, 14151, 14060, 4481, 8637, 13187, 3475, 9308, 7658, 5807, 10960, 8823, 14870, 13527, 2776, 14872, 9356, 2787, 9210, 7331, 11767, 1795, 7694, 3576, 11925, 3559, 8112, 4407, 1685, 5217, 14134]",1328,100,3,False,100
3359,whisper mode,whisper,14,True,True,False,"{104: 2, 115: 2, 87: 1, 65: 2, 11: 1, 31: 2, 69: 3, 97: 3, 32: 1, 17: 1, 128: 1, 18: 1, 146: 1, 142: 1, 41: 1, 23: 1, 114: 1, 129: 1, 53: 3, 42: 1, 112: 1, 132: 1, 119: 1, 25: 3, 100: 1, 149: 1, 126: 2, 148: 1, 8: 2, 67: 1, 47: 1, 27: 1, 46: 1, 52: 1, 91: 2, 94: 1, 28: 1, 9: 1, 14: 1, 120: 2, 79: 1, 74: 1, 70: 1, 48: 1, 26: 2, 62: 2, 82: 1, 122: 1, 80: 1, 39: 1, 133: 1, 103: 1, 55: 1, 89: 1, 60: 1, 5: 1, 75: 1, 96: 1, 83: 1, 108: 1, 15: 1, 35: 1, 140: 1, 118: 1, 16: 1, 107: 1, 71: 1, 43: 1, 33: 1, 57: 1, 19: 1, 110: 1, 30: 1, 10: 1, 99: 1, 20: 1, 68: 1, 77: 1, 59: 1, 137: 1, 78: 1, 1: 1}","[4704, 3062, 13685, 4895, 2, 13267, 6248, 785, 11789, 10596, 8974, 121, 2093, 3408, 5711, 8857, 1998, 700, 4530, 8847, 4794, 3094, 6441, 3904, 7558, 12549, 11526, 5884, 13737, 6097, 3937, 6956, 14007, 11620, 14742, 11391, 6984, 9170, 8171, 13532, 6841, 15004, 10047, 12225, 2666, 10636, 7333, 2023, 7421, 5370, 7703, 8234, 14096, 13914, 10738, 11161, 1650, 1406, 11090, 8233, 10779, 7831, 3255, 8947, 10269, 157, 1265, 7540, 14825, 206, 14151, 14060, 4481, 8637, 13187, 3475, 9308, 7658, 5807, 10960, 8823, 14870, 13527, 2776, 14872, 9356, 2787, 9210, 7331, 11767, 1795, 7694, 3576, 11925, 3559, 8112, 4407, 1685, 5217, 14134]",3359,100,3,False,100
1371,oil change when,oil change when,123,False,True,False,"{104: 2, 115: 2, 87: 1, 65: 2, 11: 1, 31: 2, 69: 3, 97: 3, 32: 1, 17: 1, 128: 1, 18: 1, 146: 1, 142: 1, 41: 1, 23: 1, 114: 1, 129: 1, 53: 3, 42: 1, 112: 1, 132: 1, 119: 1, 25: 3, 100: 1, 149: 1, 126: 2, 148: 1, 8: 2, 67: 1, 47: 1, 27: 1, 46: 1, 52: 1, 91: 2, 94: 1, 28: 1, 9: 1, 14: 1, 120: 2, 79: 1, 74: 1, 70: 1, 48: 1, 26: 2, 62: 2, 82: 1, 122: 1, 80: 1, 39: 1, 133: 1, 103: 1, 55: 1, 89: 1, 60: 1, 5: 1, 75: 1, 96: 1, 83: 1, 108: 1, 15: 1, 35: 1, 140: 1, 118: 1, 16: 1, 107: 1, 71: 1, 43: 1, 33: 1, 57: 1, 19: 1, 110: 1, 30: 1, 10: 1, 99: 1, 20: 1, 68: 1, 77: 1, 59: 1, 137: 1, 78: 1, 1: 1}","[4704, 3062, 13685, 4895, 2, 13267, 6248, 785, 11789, 10596, 8974, 121, 2093, 3408, 5711, 8857, 1998, 700, 4530, 8847, 4794, 3094, 6441, 3904, 7558, 12549, 11526, 5884, 13737, 6097, 3937, 6956, 14007, 11620, 14742, 11391, 6984, 9170, 8171, 13532, 6841, 15004, 10047, 12225, 2666, 10636, 7333, 2023, 7421, 5370, 7703, 8234, 14096, 13914, 10738, 11161, 1650, 1406, 11090, 8233, 10779, 7831, 3255, 8947, 10269, 157, 1265, 7540, 14825, 206, 14151, 14060, 4481, 8637, 13187, 3475, 9308, 7658, 5807, 10960, 8823, 14870, 13527, 2776, 14872, 9356, 2787, 9210, 7331, 11767, 1795, 7694, 3576, 11925, 3559, 8112, 4407, 1685, 5217, 14134]",1371,100,3,False,100
