,outputs,label_tokens,true_numeric_labels,true_label_present_in_prompt,correct,predicted_label_present_in_prompt,prompt_labels,prompt_example_indices,id,n_shots,run_number,unlimiformer,nspw
360,entity substance,description definition,24,True,False,False,"{8: 1, 35: 8, 39: 3, 42: 1, 29: 6, 5: 5, 41: 1, 26: 3, 38: 4, 24: 4, 32: 2, 33: 1, 47: 1, 30: 1, 18: 1, 21: 1, 0: 1, 28: 1, 27: 2, 31: 1, 44: 1, 13: 1}","[443, 2795, 3466, 502, 4110, 3670, 4819, 52, 2616, 126, 74, 1222, 4973, 37, 4996, 5418, 3608, 1426, 555, 5214, 3682, 3864, 1933, 1368, 4844, 56, 1724, 2601, 2098, 144, 2930, 2988, 2672, 5111, 4791, 4839, 1144, 3334, 276, 2956, 1963, 3169, 2415, 1868, 2363, 547, 1671, 1485, 4577, 2147]",360,50,2,False,50
17,human individual,human individual,29,True,True,True,"{8: 1, 35: 8, 39: 3, 42: 1, 29: 6, 5: 5, 41: 1, 26: 3, 38: 4, 24: 4, 32: 2, 33: 1, 47: 1, 30: 1, 18: 1, 21: 1, 0: 1, 28: 1, 27: 2, 31: 1, 44: 1, 13: 1}","[443, 2795, 3466, 502, 4110, 3670, 4819, 52, 2616, 126, 74, 1222, 4973, 37, 4996, 5418, 3608, 1426, 555, 5214, 3682, 3864, 1933, 1368, 4844, 56, 1724, 2601, 2098, 144, 2930, 2988, 2672, 5111, 4791, 4839, 1144, 3334, 276, 2956, 1963, 3169, 2415, 1868, 2363, 547, 1671, 1485, 4577, 2147]",17,50,2,False,50
361,entity term,description definition,24,True,False,True,"{8: 1, 35: 8, 39: 3, 42: 1, 29: 6, 5: 5, 41: 1, 26: 3, 38: 4, 24: 4, 32: 2, 33: 1, 47: 1, 30: 1, 18: 1, 21: 1, 0: 1, 28: 1, 27: 2, 31: 1, 44: 1, 13: 1}","[443, 2795, 3466, 502, 4110, 3670, 4819, 52, 2616, 126, 74, 1222, 4973, 37, 4996, 5418, 3608, 1426, 555, 5214, 3682, 3864, 1933, 1368, 4844, 56, 1724, 2601, 2098, 144, 2930, 2988, 2672, 5111, 4791, 4839, 1144, 3334, 276, 2956, 1963, 3169, 2415, 1868, 2363, 547, 1671, 1485, 4577, 2147]",361,50,2,False,50
411,description manner,entity subst,18,True,False,True,"{8: 1, 35: 8, 39: 3, 42: 1, 29: 6, 5: 5, 41: 1, 26: 3, 38: 4, 24: 4, 32: 2, 33: 1, 47: 1, 30: 1, 18: 1, 21: 1, 0: 1, 28: 1, 27: 2, 31: 1, 44: 1, 13: 1}","[443, 2795, 3466, 502, 4110, 3670, 4819, 52, 2616, 126, 74, 1222, 4973, 37, 4996, 5418, 3608, 1426, 555, 5214, 3682, 3864, 1933, 1368, 4844, 56, 1724, 2601, 2098, 144, 2930, 2988, 2672, 5111, 4791, 4839, 1144, 3334, 276, 2956, 1963, 3169, 2415, 1868, 2363, 547, 1671, 1485, 4577, 2147]",411,50,2,False,50
67,description definition,description definition,24,True,True,True,"{8: 1, 35: 8, 39: 3, 42: 1, 29: 6, 5: 5, 41: 1, 26: 3, 38: 4, 24: 4, 32: 2, 33: 1, 47: 1, 30: 1, 18: 1, 21: 1, 0: 1, 28: 1, 27: 2, 31: 1, 44: 1, 13: 1}","[443, 2795, 3466, 502, 4110, 3670, 4819, 52, 2616, 126, 74, 1222, 4973, 37, 4996, 5418, 3608, 1426, 555, 5214, 3682, 3864, 1933, 1368, 4844, 56, 1724, 2601, 2098, 144, 2930, 2988, 2672, 5111, 4791, 4839, 1144, 3334, 276, 2956, 1963, 3169, 2415, 1868, 2363, 547, 1671, 1485, 4577, 2147]",67,50,2,False,50
425,location other,entity other,13,True,False,True,"{8: 1, 35: 8, 39: 3, 42: 1, 29: 6, 5: 5, 41: 1, 26: 3, 38: 4, 24: 4, 32: 2, 33: 1, 47: 1, 30: 1, 18: 1, 21: 1, 0: 1, 28: 1, 27: 2, 31: 1, 44: 1, 13: 1}","[443, 2795, 3466, 502, 4110, 3670, 4819, 52, 2616, 126, 74, 1222, 4973, 37, 4996, 5418, 3608, 1426, 555, 5214, 3682, 3864, 1933, 1368, 4844, 56, 1724, 2601, 2098, 144, 2930, 2988, 2672, 5111, 4791, 4839, 1144, 3334, 276, 2956, 1963, 3169, 2415, 1868, 2363, 547, 1671, 1485, 4577, 2147]",425,50,2,False,50
104,location other,location city,32,True,False,True,"{8: 1, 35: 8, 39: 3, 42: 1, 29: 6, 5: 5, 41: 1, 26: 3, 38: 4, 24: 4, 32: 2, 33: 1, 47: 1, 30: 1, 18: 1, 21: 1, 0: 1, 28: 1, 27: 2, 31: 1, 44: 1, 13: 1}","[443, 2795, 3466, 502, 4110, 3670, 4819, 52, 2616, 126, 74, 1222, 4973, 37, 4996, 5418, 3608, 1426, 555, 5214, 3682, 3864, 1933, 1368, 4844, 56, 1724, 2601, 2098, 144, 2930, 2988, 2672, 5111, 4791, 4839, 1144, 3334, 276, 2956, 1963, 3169, 2415, 1868, 2363, 547, 1671, 1485, 4577, 2147]",104,50,2,False,50
394,description definition,description definition,24,True,True,True,"{8: 1, 35: 8, 39: 3, 42: 1, 29: 6, 5: 5, 41: 1, 26: 3, 38: 4, 24: 4, 32: 2, 33: 1, 47: 1, 30: 1, 18: 1, 21: 1, 0: 1, 28: 1, 27: 2, 31: 1, 44: 1, 13: 1}","[443, 2795, 3466, 502, 4110, 3670, 4819, 52, 2616, 126, 74, 1222, 4973, 37, 4996, 5418, 3608, 1426, 555, 5214, 3682, 3864, 1933, 1368, 4844, 56, 1724, 2601, 2098, 144, 2930, 2988, 2672, 5111, 4791, 4839, 1144, 3334, 276, 2956, 1963, 3169, 2415, 1868, 2363, 547, 1671, 1485, 4577, 2147]",394,50,2,False,50
450,description manner,entity color,4,False,False,True,"{8: 1, 35: 8, 39: 3, 42: 1, 29: 6, 5: 5, 41: 1, 26: 3, 38: 4, 24: 4, 32: 2, 33: 1, 47: 1, 30: 1, 18: 1, 21: 1, 0: 1, 28: 1, 27: 2, 31: 1, 44: 1, 13: 1}","[443, 2795, 3466, 502, 4110, 3670, 4819, 52, 2616, 126, 74, 1222, 4973, 37, 4996, 5418, 3608, 1426, 555, 5214, 3682, 3864, 1933, 1368, 4844, 56, 1724, 2601, 2098, 144, 2930, 2988, 2672, 5111, 4791, 4839, 1144, 3334, 276, 2956, 1963, 3169, 2415, 1868, 2363, 547, 1671, 1485, 4577, 2147]",450,50,2,False,50
141,entity creation,entity animal,2,False,False,True,"{8: 1, 35: 8, 39: 3, 42: 1, 29: 6, 5: 5, 41: 1, 26: 3, 38: 4, 24: 4, 32: 2, 33: 1, 47: 1, 30: 1, 18: 1, 21: 1, 0: 1, 28: 1, 27: 2, 31: 1, 44: 1, 13: 1}","[443, 2795, 3466, 502, 4110, 3670, 4819, 52, 2616, 126, 74, 1222, 4973, 37, 4996, 5418, 3608, 1426, 555, 5214, 3682, 3864, 1933, 1368, 4844, 56, 1724, 2601, 2098, 144, 2930, 2988, 2672, 5111, 4791, 4839, 1144, 3334, 276, 2956, 1963, 3169, 2415, 1868, 2363, 547, 1671, 1485, 4577, 2147]",141,50,2,False,50
142,location other,location other,35,True,True,True,"{8: 1, 35: 8, 39: 3, 42: 1, 29: 6, 5: 5, 41: 1, 26: 3, 38: 4, 24: 4, 32: 2, 33: 1, 47: 1, 30: 1, 18: 1, 21: 1, 0: 1, 28: 1, 27: 2, 31: 1, 44: 1, 13: 1}","[443, 2795, 3466, 502, 4110, 3670, 4819, 52, 2616, 126, 74, 1222, 4973, 37, 4996, 5418, 3608, 1426, 555, 5214, 3682, 3864, 1933, 1368, 4844, 56, 1724, 2601, 2098, 144, 2930, 2988, 2672, 5111, 4791, 4839, 1144, 3334, 276, 2956, 1963, 3169, 2415, 1868, 2363, 547, 1671, 1485, 4577, 2147]",142,50,2,False,50
269,human individual,description manner,26,True,False,True,"{8: 1, 35: 8, 39: 3, 42: 1, 29: 6, 5: 5, 41: 1, 26: 3, 38: 4, 24: 4, 32: 2, 33: 1, 47: 1, 30: 1, 18: 1, 21: 1, 0: 1, 28: 1, 27: 2, 31: 1, 44: 1, 13: 1}","[443, 2795, 3466, 502, 4110, 3670, 4819, 52, 2616, 126, 74, 1222, 4973, 37, 4996, 5418, 3608, 1426, 555, 5214, 3682, 3864, 1933, 1368, 4844, 56, 1724, 2601, 2098, 144, 2930, 2988, 2672, 5111, 4791, 4839, 1144, 3334, 276, 2956, 1963, 3169, 2415, 1868, 2363, 547, 1671, 1485, 4577, 2147]",269,50,2,False,50
173,description definition,description definition,24,True,True,True,"{8: 1, 35: 8, 39: 3, 42: 1, 29: 6, 5: 5, 41: 1, 26: 3, 38: 4, 24: 4, 32: 2, 33: 1, 47: 1, 30: 1, 18: 1, 21: 1, 0: 1, 28: 1, 27: 2, 31: 1, 44: 1, 13: 1}","[443, 2795, 3466, 502, 4110, 3670, 4819, 52, 2616, 126, 74, 1222, 4973, 37, 4996, 5418, 3608, 1426, 555, 5214, 3682, 3864, 1933, 1368, 4844, 56, 1724, 2601, 2098, 144, 2930, 2988, 2672, 5111, 4791, 4839, 1144, 3334, 276, 2956, 1963, 3169, 2415, 1868, 2363, 547, 1671, 1485, 4577, 2147]",173,50,2,False,50
238,location other,location other,35,True,True,True,"{8: 1, 35: 8, 39: 3, 42: 1, 29: 6, 5: 5, 41: 1, 26: 3, 38: 4, 24: 4, 32: 2, 33: 1, 47: 1, 30: 1, 18: 1, 21: 1, 0: 1, 28: 1, 27: 2, 31: 1, 44: 1, 13: 1}","[443, 2795, 3466, 502, 4110, 3670, 4819, 52, 2616, 126, 74, 1222, 4973, 37, 4996, 5418, 3608, 1426, 555, 5214, 3682, 3864, 1933, 1368, 4844, 56, 1724, 2601, 2098, 144, 2930, 2988, 2672, 5111, 4791, 4839, 1144, 3334, 276, 2956, 1963, 3169, 2415, 1868, 2363, 547, 1671, 1485, 4577, 2147]",238,50,2,False,50
55,numeric count,description definition,24,True,False,True,"{8: 1, 35: 8, 39: 3, 42: 1, 29: 6, 5: 5, 41: 1, 26: 3, 38: 4, 24: 4, 32: 2, 33: 1, 47: 1, 30: 1, 18: 1, 21: 1, 0: 1, 28: 1, 27: 2, 31: 1, 44: 1, 13: 1}","[443, 2795, 3466, 502, 4110, 3670, 4819, 52, 2616, 126, 74, 1222, 4973, 37, 4996, 5418, 3608, 1426, 555, 5214, 3682, 3864, 1933, 1368, 4844, 56, 1724, 2601, 2098, 144, 2930, 2988, 2672, 5111, 4791, 4839, 1144, 3334, 276, 2956, 1963, 3169, 2415, 1868, 2363, 547, 1671, 1485, 4577, 2147]",55,50,2,False,50
121,numeric count,numeric distance,40,False,False,True,"{8: 1, 35: 8, 39: 3, 42: 1, 29: 6, 5: 5, 41: 1, 26: 3, 38: 4, 24: 4, 32: 2, 33: 1, 47: 1, 30: 1, 18: 1, 21: 1, 0: 1, 28: 1, 27: 2, 31: 1, 44: 1, 13: 1}","[443, 2795, 3466, 502, 4110, 3670, 4819, 52, 2616, 126, 74, 1222, 4973, 37, 4996, 5418, 3608, 1426, 555, 5214, 3682, 3864, 1933, 1368, 4844, 56, 1724, 2601, 2098, 144, 2930, 2988, 2672, 5111, 4791, 4839, 1144, 3334, 276, 2956, 1963, 3169, 2415, 1868, 2363, 547, 1671, 1485, 4577, 2147]",121,50,2,False,50
260,human individual,human individual,29,True,True,True,"{8: 1, 35: 8, 39: 3, 42: 1, 29: 6, 5: 5, 41: 1, 26: 3, 38: 4, 24: 4, 32: 2, 33: 1, 47: 1, 30: 1, 18: 1, 21: 1, 0: 1, 28: 1, 27: 2, 31: 1, 44: 1, 13: 1}","[443, 2795, 3466, 502, 4110, 3670, 4819, 52, 2616, 126, 74, 1222, 4973, 37, 4996, 5418, 3608, 1426, 555, 5214, 3682, 3864, 1933, 1368, 4844, 56, 1724, 2601, 2098, 144, 2930, 2988, 2672, 5111, 4791, 4839, 1144, 3334, 276, 2956, 1963, 3169, 2415, 1868, 2363, 547, 1671, 1485, 4577, 2147]",260,50,2,False,50
62,location other,location other,35,True,True,True,"{8: 1, 35: 8, 39: 3, 42: 1, 29: 6, 5: 5, 41: 1, 26: 3, 38: 4, 24: 4, 32: 2, 33: 1, 47: 1, 30: 1, 18: 1, 21: 1, 0: 1, 28: 1, 27: 2, 31: 1, 44: 1, 13: 1}","[443, 2795, 3466, 502, 4110, 3670, 4819, 52, 2616, 126, 74, 1222, 4973, 37, 4996, 5418, 3608, 1426, 555, 5214, 3682, 3864, 1933, 1368, 4844, 56, 1724, 2601, 2098, 144, 2930, 2988, 2672, 5111, 4791, 4839, 1144, 3334, 276, 2956, 1963, 3169, 2415, 1868, 2363, 547, 1671, 1485, 4577, 2147]",62,50,2,False,50
185,human individual,human individual,29,True,True,True,"{8: 1, 35: 8, 39: 3, 42: 1, 29: 6, 5: 5, 41: 1, 26: 3, 38: 4, 24: 4, 32: 2, 33: 1, 47: 1, 30: 1, 18: 1, 21: 1, 0: 1, 28: 1, 27: 2, 31: 1, 44: 1, 13: 1}","[443, 2795, 3466, 502, 4110, 3670, 4819, 52, 2616, 126, 74, 1222, 4973, 37, 4996, 5418, 3608, 1426, 555, 5214, 3682, 3864, 1933, 1368, 4844, 56, 1724, 2601, 2098, 144, 2930, 2988, 2672, 5111, 4791, 4839, 1144, 3334, 276, 2956, 1963, 3169, 2415, 1868, 2363, 547, 1671, 1485, 4577, 2147]",185,50,2,False,50
429,human individual,human individual,29,True,True,True,"{8: 1, 35: 8, 39: 3, 42: 1, 29: 6, 5: 5, 41: 1, 26: 3, 38: 4, 24: 4, 32: 2, 33: 1, 47: 1, 30: 1, 18: 1, 21: 1, 0: 1, 28: 1, 27: 2, 31: 1, 44: 1, 13: 1}","[443, 2795, 3466, 502, 4110, 3670, 4819, 52, 2616, 126, 74, 1222, 4973, 37, 4996, 5418, 3608, 1426, 555, 5214, 3682, 3864, 1933, 1368, 4844, 56, 1724, 2601, 2098, 144, 2930, 2988, 2672, 5111, 4791, 4839, 1144, 3334, 276, 2956, 1963, 3169, 2415, 1868, 2363, 547, 1671, 1485, 4577, 2147]",429,50,2,False,50
97,description definition,description definition,24,True,True,True,"{8: 1, 35: 8, 39: 3, 42: 1, 29: 6, 5: 5, 41: 1, 26: 3, 38: 4, 24: 4, 32: 2, 33: 1, 47: 1, 30: 1, 18: 1, 21: 1, 0: 1, 28: 1, 27: 2, 31: 1, 44: 1, 13: 1}","[443, 2795, 3466, 502, 4110, 3670, 4819, 52, 2616, 126, 74, 1222, 4973, 37, 4996, 5418, 3608, 1426, 555, 5214, 3682, 3864, 1933, 1368, 4844, 56, 1724, 2601, 2098, 144, 2930, 2988, 2672, 5111, 4791, 4839, 1144, 3334, 276, 2956, 1963, 3169, 2415, 1868, 2363, 547, 1671, 1485, 4577, 2147]",97,50,2,False,50
340,numeric weight,numeric weight,49,False,True,False,"{8: 1, 35: 8, 39: 3, 42: 1, 29: 6, 5: 5, 41: 1, 26: 3, 38: 4, 24: 4, 32: 2, 33: 1, 47: 1, 30: 1, 18: 1, 21: 1, 0: 1, 28: 1, 27: 2, 31: 1, 44: 1, 13: 1}","[443, 2795, 3466, 502, 4110, 3670, 4819, 52, 2616, 126, 74, 1222, 4973, 37, 4996, 5418, 3608, 1426, 555, 5214, 3682, 3864, 1933, 1368, 4844, 56, 1724, 2601, 2098, 144, 2930, 2988, 2672, 5111, 4791, 4839, 1144, 3334, 276, 2956, 1963, 3169, 2415, 1868, 2363, 547, 1671, 1485, 4577, 2147]",340,50,2,False,50
496,entity currency,entity currency,6,False,True,False,"{8: 1, 35: 8, 39: 3, 42: 1, 29: 6, 5: 5, 41: 1, 26: 3, 38: 4, 24: 4, 32: 2, 33: 1, 47: 1, 30: 1, 18: 1, 21: 1, 0: 1, 28: 1, 27: 2, 31: 1, 44: 1, 13: 1}","[443, 2795, 3466, 502, 4110, 3670, 4819, 52, 2616, 126, 74, 1222, 4973, 37, 4996, 5418, 3608, 1426, 555, 5214, 3682, 3864, 1933, 1368, 4844, 56, 1724, 2601, 2098, 144, 2930, 2988, 2672, 5111, 4791, 4839, 1144, 3334, 276, 2956, 1963, 3169, 2415, 1868, 2363, 547, 1671, 1485, 4577, 2147]",496,50,2,False,50
183,description definition,description definition,24,True,True,True,"{8: 1, 35: 8, 39: 3, 42: 1, 29: 6, 5: 5, 41: 1, 26: 3, 38: 4, 24: 4, 32: 2, 33: 1, 47: 1, 30: 1, 18: 1, 21: 1, 0: 1, 28: 1, 27: 2, 31: 1, 44: 1, 13: 1}","[443, 2795, 3466, 502, 4110, 3670, 4819, 52, 2616, 126, 74, 1222, 4973, 37, 4996, 5418, 3608, 1426, 555, 5214, 3682, 3864, 1933, 1368, 4844, 56, 1724, 2601, 2098, 144, 2930, 2988, 2672, 5111, 4791, 4839, 1144, 3334, 276, 2956, 1963, 3169, 2415, 1868, 2363, 547, 1671, 1485, 4577, 2147]",183,50,2,False,50
393,numeric count,numeric other,43,False,False,True,"{8: 1, 35: 8, 39: 3, 42: 1, 29: 6, 5: 5, 41: 1, 26: 3, 38: 4, 24: 4, 32: 2, 33: 1, 47: 1, 30: 1, 18: 1, 21: 1, 0: 1, 28: 1, 27: 2, 31: 1, 44: 1, 13: 1}","[443, 2795, 3466, 502, 4110, 3670, 4819, 52, 2616, 126, 74, 1222, 4973, 37, 4996, 5418, 3608, 1426, 555, 5214, 3682, 3864, 1933, 1368, 4844, 56, 1724, 2601, 2098, 144, 2930, 2988, 2672, 5111, 4791, 4839, 1144, 3334, 276, 2956, 1963, 3169, 2415, 1868, 2363, 547, 1671, 1485, 4577, 2147]",393,50,2,False,50
15,numeric count,numeric other,43,False,False,True,"{8: 1, 35: 8, 39: 3, 42: 1, 29: 6, 5: 5, 41: 1, 26: 3, 38: 4, 24: 4, 32: 2, 33: 1, 47: 1, 30: 1, 18: 1, 21: 1, 0: 1, 28: 1, 27: 2, 31: 1, 44: 1, 13: 1}","[443, 2795, 3466, 502, 4110, 3670, 4819, 52, 2616, 126, 74, 1222, 4973, 37, 4996, 5418, 3608, 1426, 555, 5214, 3682, 3864, 1933, 1368, 4844, 56, 1724, 2601, 2098, 144, 2930, 2988, 2672, 5111, 4791, 4839, 1144, 3334, 276, 2956, 1963, 3169, 2415, 1868, 2363, 547, 1671, 1485, 4577, 2147]",15,50,2,False,50
162,numeric date,numeric date,39,True,True,True,"{8: 1, 35: 8, 39: 3, 42: 1, 29: 6, 5: 5, 41: 1, 26: 3, 38: 4, 24: 4, 32: 2, 33: 1, 47: 1, 30: 1, 18: 1, 21: 1, 0: 1, 28: 1, 27: 2, 31: 1, 44: 1, 13: 1}","[443, 2795, 3466, 502, 4110, 3670, 4819, 52, 2616, 126, 74, 1222, 4973, 37, 4996, 5418, 3608, 1426, 555, 5214, 3682, 3864, 1933, 1368, 4844, 56, 1724, 2601, 2098, 144, 2930, 2988, 2672, 5111, 4791, 4839, 1144, 3334, 276, 2956, 1963, 3169, 2415, 1868, 2363, 547, 1671, 1485, 4577, 2147]",162,50,2,False,50
481,entity substance,entity subst,18,True,True,False,"{8: 1, 35: 8, 39: 3, 42: 1, 29: 6, 5: 5, 41: 1, 26: 3, 38: 4, 24: 4, 32: 2, 33: 1, 47: 1, 30: 1, 18: 1, 21: 1, 0: 1, 28: 1, 27: 2, 31: 1, 44: 1, 13: 1}","[443, 2795, 3466, 502, 4110, 3670, 4819, 52, 2616, 126, 74, 1222, 4973, 37, 4996, 5418, 3608, 1426, 555, 5214, 3682, 3864, 1933, 1368, 4844, 56, 1724, 2601, 2098, 144, 2930, 2988, 2672, 5111, 4791, 4839, 1144, 3334, 276, 2956, 1963, 3169, 2415, 1868, 2363, 547, 1671, 1485, 4577, 2147]",481,50,2,False,50
332,entity creation,entity animal,2,False,False,True,"{8: 1, 35: 8, 39: 3, 42: 1, 29: 6, 5: 5, 41: 1, 26: 3, 38: 4, 24: 4, 32: 2, 33: 1, 47: 1, 30: 1, 18: 1, 21: 1, 0: 1, 28: 1, 27: 2, 31: 1, 44: 1, 13: 1}","[443, 2795, 3466, 502, 4110, 3670, 4819, 52, 2616, 126, 74, 1222, 4973, 37, 4996, 5418, 3608, 1426, 555, 5214, 3682, 3864, 1933, 1368, 4844, 56, 1724, 2601, 2098, 144, 2930, 2988, 2672, 5111, 4791, 4839, 1144, 3334, 276, 2956, 1963, 3169, 2415, 1868, 2363, 547, 1671, 1485, 4577, 2147]",332,50,2,False,50
251,location other,location city,32,True,False,True,"{8: 1, 35: 8, 39: 3, 42: 1, 29: 6, 5: 5, 41: 1, 26: 3, 38: 4, 24: 4, 32: 2, 33: 1, 47: 1, 30: 1, 18: 1, 21: 1, 0: 1, 28: 1, 27: 2, 31: 1, 44: 1, 13: 1}","[443, 2795, 3466, 502, 4110, 3670, 4819, 52, 2616, 126, 74, 1222, 4973, 37, 4996, 5418, 3608, 1426, 555, 5214, 3682, 3864, 1933, 1368, 4844, 56, 1724, 2601, 2098, 144, 2930, 2988, 2672, 5111, 4791, 4839, 1144, 3334, 276, 2956, 1963, 3169, 2415, 1868, 2363, 547, 1671, 1485, 4577, 2147]",251,50,2,False,50
305,location other,location other,35,True,True,True,"{8: 1, 35: 8, 39: 3, 42: 1, 29: 6, 5: 5, 41: 1, 26: 3, 38: 4, 24: 4, 32: 2, 33: 1, 47: 1, 30: 1, 18: 1, 21: 1, 0: 1, 28: 1, 27: 2, 31: 1, 44: 1, 13: 1}","[443, 2795, 3466, 502, 4110, 3670, 4819, 52, 2616, 126, 74, 1222, 4973, 37, 4996, 5418, 3608, 1426, 555, 5214, 3682, 3864, 1933, 1368, 4844, 56, 1724, 2601, 2098, 144, 2930, 2988, 2672, 5111, 4791, 4839, 1144, 3334, 276, 2956, 1963, 3169, 2415, 1868, 2363, 547, 1671, 1485, 4577, 2147]",305,50,2,False,50
169,human individual,human individual,29,True,True,True,"{8: 1, 35: 8, 39: 3, 42: 1, 29: 6, 5: 5, 41: 1, 26: 3, 38: 4, 24: 4, 32: 2, 33: 1, 47: 1, 30: 1, 18: 1, 21: 1, 0: 1, 28: 1, 27: 2, 31: 1, 44: 1, 13: 1}","[443, 2795, 3466, 502, 4110, 3670, 4819, 52, 2616, 126, 74, 1222, 4973, 37, 4996, 5418, 3608, 1426, 555, 5214, 3682, 3864, 1933, 1368, 4844, 56, 1724, 2601, 2098, 144, 2930, 2988, 2672, 5111, 4791, 4839, 1144, 3334, 276, 2956, 1963, 3169, 2415, 1868, 2363, 547, 1671, 1485, 4577, 2147]",169,50,2,False,50
249,numeric count,entity other,13,True,False,True,"{8: 1, 35: 8, 39: 3, 42: 1, 29: 6, 5: 5, 41: 1, 26: 3, 38: 4, 24: 4, 32: 2, 33: 1, 47: 1, 30: 1, 18: 1, 21: 1, 0: 1, 28: 1, 27: 2, 31: 1, 44: 1, 13: 1}","[443, 2795, 3466, 502, 4110, 3670, 4819, 52, 2616, 126, 74, 1222, 4973, 37, 4996, 5418, 3608, 1426, 555, 5214, 3682, 3864, 1933, 1368, 4844, 56, 1724, 2601, 2098, 144, 2930, 2988, 2672, 5111, 4791, 4839, 1144, 3334, 276, 2956, 1963, 3169, 2415, 1868, 2363, 547, 1671, 1485, 4577, 2147]",249,50,2,False,50
143,entity creation,entity animal,2,False,False,True,"{8: 1, 35: 8, 39: 3, 42: 1, 29: 6, 5: 5, 41: 1, 26: 3, 38: 4, 24: 4, 32: 2, 33: 1, 47: 1, 30: 1, 18: 1, 21: 1, 0: 1, 28: 1, 27: 2, 31: 1, 44: 1, 13: 1}","[443, 2795, 3466, 502, 4110, 3670, 4819, 52, 2616, 126, 74, 1222, 4973, 37, 4996, 5418, 3608, 1426, 555, 5214, 3682, 3864, 1933, 1368, 4844, 56, 1724, 2601, 2098, 144, 2930, 2988, 2672, 5111, 4791, 4839, 1144, 3334, 276, 2956, 1963, 3169, 2415, 1868, 2363, 547, 1671, 1485, 4577, 2147]",143,50,2,False,50
396,description definition,description definition,24,True,True,True,"{8: 1, 35: 8, 39: 3, 42: 1, 29: 6, 5: 5, 41: 1, 26: 3, 38: 4, 24: 4, 32: 2, 33: 1, 47: 1, 30: 1, 18: 1, 21: 1, 0: 1, 28: 1, 27: 2, 31: 1, 44: 1, 13: 1}","[443, 2795, 3466, 502, 4110, 3670, 4819, 52, 2616, 126, 74, 1222, 4973, 37, 4996, 5418, 3608, 1426, 555, 5214, 3682, 3864, 1933, 1368, 4844, 56, 1724, 2601, 2098, 144, 2930, 2988, 2672, 5111, 4791, 4839, 1144, 3334, 276, 2956, 1963, 3169, 2415, 1868, 2363, 547, 1671, 1485, 4577, 2147]",396,50,2,False,50
71,numeric money,numeric money,41,True,True,True,"{8: 1, 35: 8, 39: 3, 42: 1, 29: 6, 5: 5, 41: 1, 26: 3, 38: 4, 24: 4, 32: 2, 33: 1, 47: 1, 30: 1, 18: 1, 21: 1, 0: 1, 28: 1, 27: 2, 31: 1, 44: 1, 13: 1}","[443, 2795, 3466, 502, 4110, 3670, 4819, 52, 2616, 126, 74, 1222, 4973, 37, 4996, 5418, 3608, 1426, 555, 5214, 3682, 3864, 1933, 1368, 4844, 56, 1724, 2601, 2098, 144, 2930, 2988, 2672, 5111, 4791, 4839, 1144, 3334, 276, 2956, 1963, 3169, 2415, 1868, 2363, 547, 1671, 1485, 4577, 2147]",71,50,2,False,50
168,location state,location state,36,False,True,False,"{8: 1, 35: 8, 39: 3, 42: 1, 29: 6, 5: 5, 41: 1, 26: 3, 38: 4, 24: 4, 32: 2, 33: 1, 47: 1, 30: 1, 18: 1, 21: 1, 0: 1, 28: 1, 27: 2, 31: 1, 44: 1, 13: 1}","[443, 2795, 3466, 502, 4110, 3670, 4819, 52, 2616, 126, 74, 1222, 4973, 37, 4996, 5418, 3608, 1426, 555, 5214, 3682, 3864, 1933, 1368, 4844, 56, 1724, 2601, 2098, 144, 2930, 2988, 2672, 5111, 4791, 4839, 1144, 3334, 276, 2956, 1963, 3169, 2415, 1868, 2363, 547, 1671, 1485, 4577, 2147]",168,50,2,False,50
199,description definition,entity subst,18,True,False,True,"{8: 1, 35: 8, 39: 3, 42: 1, 29: 6, 5: 5, 41: 1, 26: 3, 38: 4, 24: 4, 32: 2, 33: 1, 47: 1, 30: 1, 18: 1, 21: 1, 0: 1, 28: 1, 27: 2, 31: 1, 44: 1, 13: 1}","[443, 2795, 3466, 502, 4110, 3670, 4819, 52, 2616, 126, 74, 1222, 4973, 37, 4996, 5418, 3608, 1426, 555, 5214, 3682, 3864, 1933, 1368, 4844, 56, 1724, 2601, 2098, 144, 2930, 2988, 2672, 5111, 4791, 4839, 1144, 3334, 276, 2956, 1963, 3169, 2415, 1868, 2363, 547, 1671, 1485, 4577, 2147]",199,50,2,False,50
366,entity color,entity color,4,False,True,False,"{8: 1, 35: 8, 39: 3, 42: 1, 29: 6, 5: 5, 41: 1, 26: 3, 38: 4, 24: 4, 32: 2, 33: 1, 47: 1, 30: 1, 18: 1, 21: 1, 0: 1, 28: 1, 27: 2, 31: 1, 44: 1, 13: 1}","[443, 2795, 3466, 502, 4110, 3670, 4819, 52, 2616, 126, 74, 1222, 4973, 37, 4996, 5418, 3608, 1426, 555, 5214, 3682, 3864, 1933, 1368, 4844, 56, 1724, 2601, 2098, 144, 2930, 2988, 2672, 5111, 4791, 4839, 1144, 3334, 276, 2956, 1963, 3169, 2415, 1868, 2363, 547, 1671, 1485, 4577, 2147]",366,50,2,False,50
464,location state,location state,36,False,True,False,"{8: 1, 35: 8, 39: 3, 42: 1, 29: 6, 5: 5, 41: 1, 26: 3, 38: 4, 24: 4, 32: 2, 33: 1, 47: 1, 30: 1, 18: 1, 21: 1, 0: 1, 28: 1, 27: 2, 31: 1, 44: 1, 13: 1}","[443, 2795, 3466, 502, 4110, 3670, 4819, 52, 2616, 126, 74, 1222, 4973, 37, 4996, 5418, 3608, 1426, 555, 5214, 3682, 3864, 1933, 1368, 4844, 56, 1724, 2601, 2098, 144, 2930, 2988, 2672, 5111, 4791, 4839, 1144, 3334, 276, 2956, 1963, 3169, 2415, 1868, 2363, 547, 1671, 1485, 4577, 2147]",464,50,2,False,50
318,description definition,entity other,13,True,False,True,"{8: 1, 35: 8, 39: 3, 42: 1, 29: 6, 5: 5, 41: 1, 26: 3, 38: 4, 24: 4, 32: 2, 33: 1, 47: 1, 30: 1, 18: 1, 21: 1, 0: 1, 28: 1, 27: 2, 31: 1, 44: 1, 13: 1}","[443, 2795, 3466, 502, 4110, 3670, 4819, 52, 2616, 126, 74, 1222, 4973, 37, 4996, 5418, 3608, 1426, 555, 5214, 3682, 3864, 1933, 1368, 4844, 56, 1724, 2601, 2098, 144, 2930, 2988, 2672, 5111, 4791, 4839, 1144, 3334, 276, 2956, 1963, 3169, 2415, 1868, 2363, 547, 1671, 1485, 4577, 2147]",318,50,2,False,50
242,description reason,description reason,27,True,True,True,"{8: 1, 35: 8, 39: 3, 42: 1, 29: 6, 5: 5, 41: 1, 26: 3, 38: 4, 24: 4, 32: 2, 33: 1, 47: 1, 30: 1, 18: 1, 21: 1, 0: 1, 28: 1, 27: 2, 31: 1, 44: 1, 13: 1}","[443, 2795, 3466, 502, 4110, 3670, 4819, 52, 2616, 126, 74, 1222, 4973, 37, 4996, 5418, 3608, 1426, 555, 5214, 3682, 3864, 1933, 1368, 4844, 56, 1724, 2601, 2098, 144, 2930, 2988, 2672, 5111, 4791, 4839, 1144, 3334, 276, 2956, 1963, 3169, 2415, 1868, 2363, 547, 1671, 1485, 4577, 2147]",242,50,2,False,50
69,location other,location other,35,True,True,True,"{8: 1, 35: 8, 39: 3, 42: 1, 29: 6, 5: 5, 41: 1, 26: 3, 38: 4, 24: 4, 32: 2, 33: 1, 47: 1, 30: 1, 18: 1, 21: 1, 0: 1, 28: 1, 27: 2, 31: 1, 44: 1, 13: 1}","[443, 2795, 3466, 502, 4110, 3670, 4819, 52, 2616, 126, 74, 1222, 4973, 37, 4996, 5418, 3608, 1426, 555, 5214, 3682, 3864, 1933, 1368, 4844, 56, 1724, 2601, 2098, 144, 2930, 2988, 2672, 5111, 4791, 4839, 1144, 3334, 276, 2956, 1963, 3169, 2415, 1868, 2363, 547, 1671, 1485, 4577, 2147]",69,50,2,False,50
271,description manner,description description,25,False,False,True,"{8: 1, 35: 8, 39: 3, 42: 1, 29: 6, 5: 5, 41: 1, 26: 3, 38: 4, 24: 4, 32: 2, 33: 1, 47: 1, 30: 1, 18: 1, 21: 1, 0: 1, 28: 1, 27: 2, 31: 1, 44: 1, 13: 1}","[443, 2795, 3466, 502, 4110, 3670, 4819, 52, 2616, 126, 74, 1222, 4973, 37, 4996, 5418, 3608, 1426, 555, 5214, 3682, 3864, 1933, 1368, 4844, 56, 1724, 2601, 2098, 144, 2930, 2988, 2672, 5111, 4791, 4839, 1144, 3334, 276, 2956, 1963, 3169, 2415, 1868, 2363, 547, 1671, 1485, 4577, 2147]",271,50,2,False,50
145,entity substance,entity body,3,False,False,False,"{8: 1, 35: 8, 39: 3, 42: 1, 29: 6, 5: 5, 41: 1, 26: 3, 38: 4, 24: 4, 32: 2, 33: 1, 47: 1, 30: 1, 18: 1, 21: 1, 0: 1, 28: 1, 27: 2, 31: 1, 44: 1, 13: 1}","[443, 2795, 3466, 502, 4110, 3670, 4819, 52, 2616, 126, 74, 1222, 4973, 37, 4996, 5418, 3608, 1426, 555, 5214, 3682, 3864, 1933, 1368, 4844, 56, 1724, 2601, 2098, 144, 2930, 2988, 2672, 5111, 4791, 4839, 1144, 3334, 276, 2956, 1963, 3169, 2415, 1868, 2363, 547, 1671, 1485, 4577, 2147]",145,50,2,False,50
379,description definition,description definition,24,True,True,True,"{8: 1, 35: 8, 39: 3, 42: 1, 29: 6, 5: 5, 41: 1, 26: 3, 38: 4, 24: 4, 32: 2, 33: 1, 47: 1, 30: 1, 18: 1, 21: 1, 0: 1, 28: 1, 27: 2, 31: 1, 44: 1, 13: 1}","[443, 2795, 3466, 502, 4110, 3670, 4819, 52, 2616, 126, 74, 1222, 4973, 37, 4996, 5418, 3608, 1426, 555, 5214, 3682, 3864, 1933, 1368, 4844, 56, 1724, 2601, 2098, 144, 2930, 2988, 2672, 5111, 4791, 4839, 1144, 3334, 276, 2956, 1963, 3169, 2415, 1868, 2363, 547, 1671, 1485, 4577, 2147]",379,50,2,False,50
398,numeric percent,numeric percent,45,False,True,False,"{8: 1, 35: 8, 39: 3, 42: 1, 29: 6, 5: 5, 41: 1, 26: 3, 38: 4, 24: 4, 32: 2, 33: 1, 47: 1, 30: 1, 18: 1, 21: 1, 0: 1, 28: 1, 27: 2, 31: 1, 44: 1, 13: 1}","[443, 2795, 3466, 502, 4110, 3670, 4819, 52, 2616, 126, 74, 1222, 4973, 37, 4996, 5418, 3608, 1426, 555, 5214, 3682, 3864, 1933, 1368, 4844, 56, 1724, 2601, 2098, 144, 2930, 2988, 2672, 5111, 4791, 4839, 1144, 3334, 276, 2956, 1963, 3169, 2415, 1868, 2363, 547, 1671, 1485, 4577, 2147]",398,50,2,False,50
38,numeric count,numeric count,38,True,True,True,"{8: 1, 35: 8, 39: 3, 42: 1, 29: 6, 5: 5, 41: 1, 26: 3, 38: 4, 24: 4, 32: 2, 33: 1, 47: 1, 30: 1, 18: 1, 21: 1, 0: 1, 28: 1, 27: 2, 31: 1, 44: 1, 13: 1}","[443, 2795, 3466, 502, 4110, 3670, 4819, 52, 2616, 126, 74, 1222, 4973, 37, 4996, 5418, 3608, 1426, 555, 5214, 3682, 3864, 1933, 1368, 4844, 56, 1724, 2601, 2098, 144, 2930, 2988, 2672, 5111, 4791, 4839, 1144, 3334, 276, 2956, 1963, 3169, 2415, 1868, 2363, 547, 1671, 1485, 4577, 2147]",38,50,2,False,50
20,human individual,human individual,29,True,True,True,"{8: 1, 35: 8, 39: 3, 42: 1, 29: 6, 5: 5, 41: 1, 26: 3, 38: 4, 24: 4, 32: 2, 33: 1, 47: 1, 30: 1, 18: 1, 21: 1, 0: 1, 28: 1, 27: 2, 31: 1, 44: 1, 13: 1}","[443, 2795, 3466, 502, 4110, 3670, 4819, 52, 2616, 126, 74, 1222, 4973, 37, 4996, 5418, 3608, 1426, 555, 5214, 3682, 3864, 1933, 1368, 4844, 56, 1724, 2601, 2098, 144, 2930, 2988, 2672, 5111, 4791, 4839, 1144, 3334, 276, 2956, 1963, 3169, 2415, 1868, 2363, 547, 1671, 1485, 4577, 2147]",20,50,2,False,50
160,description definition,description definition,24,True,True,True,"{8: 1, 35: 8, 39: 3, 42: 1, 29: 6, 5: 5, 41: 1, 26: 3, 38: 4, 24: 4, 32: 2, 33: 1, 47: 1, 30: 1, 18: 1, 21: 1, 0: 1, 28: 1, 27: 2, 31: 1, 44: 1, 13: 1}","[443, 2795, 3466, 502, 4110, 3670, 4819, 52, 2616, 126, 74, 1222, 4973, 37, 4996, 5418, 3608, 1426, 555, 5214, 3682, 3864, 1933, 1368, 4844, 56, 1724, 2601, 2098, 144, 2930, 2988, 2672, 5111, 4791, 4839, 1144, 3334, 276, 2956, 1963, 3169, 2415, 1868, 2363, 547, 1671, 1485, 4577, 2147]",160,50,2,False,50
194,description definition,description definition,24,True,True,True,"{8: 1, 35: 8, 39: 3, 42: 1, 29: 6, 5: 5, 41: 1, 26: 3, 38: 4, 24: 4, 32: 2, 33: 1, 47: 1, 30: 1, 18: 1, 21: 1, 0: 1, 28: 1, 27: 2, 31: 1, 44: 1, 13: 1}","[443, 2795, 3466, 502, 4110, 3670, 4819, 52, 2616, 126, 74, 1222, 4973, 37, 4996, 5418, 3608, 1426, 555, 5214, 3682, 3864, 1933, 1368, 4844, 56, 1724, 2601, 2098, 144, 2930, 2988, 2672, 5111, 4791, 4839, 1144, 3334, 276, 2956, 1963, 3169, 2415, 1868, 2363, 547, 1671, 1485, 4577, 2147]",194,50,2,False,50
485,description definition,description definition,24,True,True,True,"{8: 1, 35: 8, 39: 3, 42: 1, 29: 6, 5: 5, 41: 1, 26: 3, 38: 4, 24: 4, 32: 2, 33: 1, 47: 1, 30: 1, 18: 1, 21: 1, 0: 1, 28: 1, 27: 2, 31: 1, 44: 1, 13: 1}","[443, 2795, 3466, 502, 4110, 3670, 4819, 52, 2616, 126, 74, 1222, 4973, 37, 4996, 5418, 3608, 1426, 555, 5214, 3682, 3864, 1933, 1368, 4844, 56, 1724, 2601, 2098, 144, 2930, 2988, 2672, 5111, 4791, 4839, 1144, 3334, 276, 2956, 1963, 3169, 2415, 1868, 2363, 547, 1671, 1485, 4577, 2147]",485,50,2,False,50
293,description definition,entity term,21,True,False,True,"{8: 1, 35: 8, 39: 3, 42: 1, 29: 6, 5: 5, 41: 1, 26: 3, 38: 4, 24: 4, 32: 2, 33: 1, 47: 1, 30: 1, 18: 1, 21: 1, 0: 1, 28: 1, 27: 2, 31: 1, 44: 1, 13: 1}","[443, 2795, 3466, 502, 4110, 3670, 4819, 52, 2616, 126, 74, 1222, 4973, 37, 4996, 5418, 3608, 1426, 555, 5214, 3682, 3864, 1933, 1368, 4844, 56, 1724, 2601, 2098, 144, 2930, 2988, 2672, 5111, 4791, 4839, 1144, 3334, 276, 2956, 1963, 3169, 2415, 1868, 2363, 547, 1671, 1485, 4577, 2147]",293,50,2,False,50
237,entity substance,description definition,24,True,False,False,"{8: 1, 35: 8, 39: 3, 42: 1, 29: 6, 5: 5, 41: 1, 26: 3, 38: 4, 24: 4, 32: 2, 33: 1, 47: 1, 30: 1, 18: 1, 21: 1, 0: 1, 28: 1, 27: 2, 31: 1, 44: 1, 13: 1}","[443, 2795, 3466, 502, 4110, 3670, 4819, 52, 2616, 126, 74, 1222, 4973, 37, 4996, 5418, 3608, 1426, 555, 5214, 3682, 3864, 1933, 1368, 4844, 56, 1724, 2601, 2098, 144, 2930, 2988, 2672, 5111, 4791, 4839, 1144, 3334, 276, 2956, 1963, 3169, 2415, 1868, 2363, 547, 1671, 1485, 4577, 2147]",237,50,2,False,50
60,location city,location city,32,True,True,True,"{8: 1, 35: 8, 39: 3, 42: 1, 29: 6, 5: 5, 41: 1, 26: 3, 38: 4, 24: 4, 32: 2, 33: 1, 47: 1, 30: 1, 18: 1, 21: 1, 0: 1, 28: 1, 27: 2, 31: 1, 44: 1, 13: 1}","[443, 2795, 3466, 502, 4110, 3670, 4819, 52, 2616, 126, 74, 1222, 4973, 37, 4996, 5418, 3608, 1426, 555, 5214, 3682, 3864, 1933, 1368, 4844, 56, 1724, 2601, 2098, 144, 2930, 2988, 2672, 5111, 4791, 4839, 1144, 3334, 276, 2956, 1963, 3169, 2415, 1868, 2363, 547, 1671, 1485, 4577, 2147]",60,50,2,False,50
27,location other,location other,35,True,True,True,"{8: 1, 35: 8, 39: 3, 42: 1, 29: 6, 5: 5, 41: 1, 26: 3, 38: 4, 24: 4, 32: 2, 33: 1, 47: 1, 30: 1, 18: 1, 21: 1, 0: 1, 28: 1, 27: 2, 31: 1, 44: 1, 13: 1}","[443, 2795, 3466, 502, 4110, 3670, 4819, 52, 2616, 126, 74, 1222, 4973, 37, 4996, 5418, 3608, 1426, 555, 5214, 3682, 3864, 1933, 1368, 4844, 56, 1724, 2601, 2098, 144, 2930, 2988, 2672, 5111, 4791, 4839, 1144, 3334, 276, 2956, 1963, 3169, 2415, 1868, 2363, 547, 1671, 1485, 4577, 2147]",27,50,2,False,50
319,entity creation,location other,35,True,False,True,"{8: 1, 35: 8, 39: 3, 42: 1, 29: 6, 5: 5, 41: 1, 26: 3, 38: 4, 24: 4, 32: 2, 33: 1, 47: 1, 30: 1, 18: 1, 21: 1, 0: 1, 28: 1, 27: 2, 31: 1, 44: 1, 13: 1}","[443, 2795, 3466, 502, 4110, 3670, 4819, 52, 2616, 126, 74, 1222, 4973, 37, 4996, 5418, 3608, 1426, 555, 5214, 3682, 3864, 1933, 1368, 4844, 56, 1724, 2601, 2098, 144, 2930, 2988, 2672, 5111, 4791, 4839, 1144, 3334, 276, 2956, 1963, 3169, 2415, 1868, 2363, 547, 1671, 1485, 4577, 2147]",319,50,2,False,50
343,human individual,human individual,29,True,True,True,"{8: 1, 35: 8, 39: 3, 42: 1, 29: 6, 5: 5, 41: 1, 26: 3, 38: 4, 24: 4, 32: 2, 33: 1, 47: 1, 30: 1, 18: 1, 21: 1, 0: 1, 28: 1, 27: 2, 31: 1, 44: 1, 13: 1}","[443, 2795, 3466, 502, 4110, 3670, 4819, 52, 2616, 126, 74, 1222, 4973, 37, 4996, 5418, 3608, 1426, 555, 5214, 3682, 3864, 1933, 1368, 4844, 56, 1724, 2601, 2098, 144, 2930, 2988, 2672, 5111, 4791, 4839, 1144, 3334, 276, 2956, 1963, 3169, 2415, 1868, 2363, 547, 1671, 1485, 4577, 2147]",343,50,2,False,50
82,human individual,human individual,29,True,True,True,"{8: 1, 35: 8, 39: 3, 42: 1, 29: 6, 5: 5, 41: 1, 26: 3, 38: 4, 24: 4, 32: 2, 33: 1, 47: 1, 30: 1, 18: 1, 21: 1, 0: 1, 28: 1, 27: 2, 31: 1, 44: 1, 13: 1}","[443, 2795, 3466, 502, 4110, 3670, 4819, 52, 2616, 126, 74, 1222, 4973, 37, 4996, 5418, 3608, 1426, 555, 5214, 3682, 3864, 1933, 1368, 4844, 56, 1724, 2601, 2098, 144, 2930, 2988, 2672, 5111, 4791, 4839, 1144, 3334, 276, 2956, 1963, 3169, 2415, 1868, 2363, 547, 1671, 1485, 4577, 2147]",82,50,2,False,50
395,description manner,description definition,24,True,False,True,"{8: 1, 35: 8, 39: 3, 42: 1, 29: 6, 5: 5, 41: 1, 26: 3, 38: 4, 24: 4, 32: 2, 33: 1, 47: 1, 30: 1, 18: 1, 21: 1, 0: 1, 28: 1, 27: 2, 31: 1, 44: 1, 13: 1}","[443, 2795, 3466, 502, 4110, 3670, 4819, 52, 2616, 126, 74, 1222, 4973, 37, 4996, 5418, 3608, 1426, 555, 5214, 3682, 3864, 1933, 1368, 4844, 56, 1724, 2601, 2098, 144, 2930, 2988, 2672, 5111, 4791, 4839, 1144, 3334, 276, 2956, 1963, 3169, 2415, 1868, 2363, 547, 1671, 1485, 4577, 2147]",395,50,2,False,50
188,location city,location other,35,True,False,True,"{8: 1, 35: 8, 39: 3, 42: 1, 29: 6, 5: 5, 41: 1, 26: 3, 38: 4, 24: 4, 32: 2, 33: 1, 47: 1, 30: 1, 18: 1, 21: 1, 0: 1, 28: 1, 27: 2, 31: 1, 44: 1, 13: 1}","[443, 2795, 3466, 502, 4110, 3670, 4819, 52, 2616, 126, 74, 1222, 4973, 37, 4996, 5418, 3608, 1426, 555, 5214, 3682, 3864, 1933, 1368, 4844, 56, 1724, 2601, 2098, 144, 2930, 2988, 2672, 5111, 4791, 4839, 1144, 3334, 276, 2956, 1963, 3169, 2415, 1868, 2363, 547, 1671, 1485, 4577, 2147]",188,50,2,False,50
203,entity other,entity animal,2,False,False,True,"{8: 1, 35: 8, 39: 3, 42: 1, 29: 6, 5: 5, 41: 1, 26: 3, 38: 4, 24: 4, 32: 2, 33: 1, 47: 1, 30: 1, 18: 1, 21: 1, 0: 1, 28: 1, 27: 2, 31: 1, 44: 1, 13: 1}","[443, 2795, 3466, 502, 4110, 3670, 4819, 52, 2616, 126, 74, 1222, 4973, 37, 4996, 5418, 3608, 1426, 555, 5214, 3682, 3864, 1933, 1368, 4844, 56, 1724, 2601, 2098, 144, 2930, 2988, 2672, 5111, 4791, 4839, 1144, 3334, 276, 2956, 1963, 3169, 2415, 1868, 2363, 547, 1671, 1485, 4577, 2147]",203,50,2,False,50
490,entity substance,description definition,24,True,False,False,"{8: 1, 35: 8, 39: 3, 42: 1, 29: 6, 5: 5, 41: 1, 26: 3, 38: 4, 24: 4, 32: 2, 33: 1, 47: 1, 30: 1, 18: 1, 21: 1, 0: 1, 28: 1, 27: 2, 31: 1, 44: 1, 13: 1}","[443, 2795, 3466, 502, 4110, 3670, 4819, 52, 2616, 126, 74, 1222, 4973, 37, 4996, 5418, 3608, 1426, 555, 5214, 3682, 3864, 1933, 1368, 4844, 56, 1724, 2601, 2098, 144, 2930, 2988, 2672, 5111, 4791, 4839, 1144, 3334, 276, 2956, 1963, 3169, 2415, 1868, 2363, 547, 1671, 1485, 4577, 2147]",490,50,2,False,50
375,numeric date,numeric date,39,True,True,True,"{8: 1, 35: 8, 39: 3, 42: 1, 29: 6, 5: 5, 41: 1, 26: 3, 38: 4, 24: 4, 32: 2, 33: 1, 47: 1, 30: 1, 18: 1, 21: 1, 0: 1, 28: 1, 27: 2, 31: 1, 44: 1, 13: 1}","[443, 2795, 3466, 502, 4110, 3670, 4819, 52, 2616, 126, 74, 1222, 4973, 37, 4996, 5418, 3608, 1426, 555, 5214, 3682, 3864, 1933, 1368, 4844, 56, 1724, 2601, 2098, 144, 2930, 2988, 2672, 5111, 4791, 4839, 1144, 3334, 276, 2956, 1963, 3169, 2415, 1868, 2363, 547, 1671, 1485, 4577, 2147]",375,50,2,False,50
128,location other,description definition,24,True,False,True,"{8: 1, 35: 8, 39: 3, 42: 1, 29: 6, 5: 5, 41: 1, 26: 3, 38: 4, 24: 4, 32: 2, 33: 1, 47: 1, 30: 1, 18: 1, 21: 1, 0: 1, 28: 1, 27: 2, 31: 1, 44: 1, 13: 1}","[443, 2795, 3466, 502, 4110, 3670, 4819, 52, 2616, 126, 74, 1222, 4973, 37, 4996, 5418, 3608, 1426, 555, 5214, 3682, 3864, 1933, 1368, 4844, 56, 1724, 2601, 2098, 144, 2930, 2988, 2672, 5111, 4791, 4839, 1144, 3334, 276, 2956, 1963, 3169, 2415, 1868, 2363, 547, 1671, 1485, 4577, 2147]",128,50,2,False,50
198,entity creation,entity product,15,False,False,True,"{8: 1, 35: 8, 39: 3, 42: 1, 29: 6, 5: 5, 41: 1, 26: 3, 38: 4, 24: 4, 32: 2, 33: 1, 47: 1, 30: 1, 18: 1, 21: 1, 0: 1, 28: 1, 27: 2, 31: 1, 44: 1, 13: 1}","[443, 2795, 3466, 502, 4110, 3670, 4819, 52, 2616, 126, 74, 1222, 4973, 37, 4996, 5418, 3608, 1426, 555, 5214, 3682, 3864, 1933, 1368, 4844, 56, 1724, 2601, 2098, 144, 2930, 2988, 2672, 5111, 4791, 4839, 1144, 3334, 276, 2956, 1963, 3169, 2415, 1868, 2363, 547, 1671, 1485, 4577, 2147]",198,50,2,False,50
149,entity substance,description definition,24,True,False,False,"{8: 1, 35: 8, 39: 3, 42: 1, 29: 6, 5: 5, 41: 1, 26: 3, 38: 4, 24: 4, 32: 2, 33: 1, 47: 1, 30: 1, 18: 1, 21: 1, 0: 1, 28: 1, 27: 2, 31: 1, 44: 1, 13: 1}","[443, 2795, 3466, 502, 4110, 3670, 4819, 52, 2616, 126, 74, 1222, 4973, 37, 4996, 5418, 3608, 1426, 555, 5214, 3682, 3864, 1933, 1368, 4844, 56, 1724, 2601, 2098, 144, 2930, 2988, 2672, 5111, 4791, 4839, 1144, 3334, 276, 2956, 1963, 3169, 2415, 1868, 2363, 547, 1671, 1485, 4577, 2147]",149,50,2,False,50
326,description reason,description reason,27,True,True,True,"{8: 1, 35: 8, 39: 3, 42: 1, 29: 6, 5: 5, 41: 1, 26: 3, 38: 4, 24: 4, 32: 2, 33: 1, 47: 1, 30: 1, 18: 1, 21: 1, 0: 1, 28: 1, 27: 2, 31: 1, 44: 1, 13: 1}","[443, 2795, 3466, 502, 4110, 3670, 4819, 52, 2616, 126, 74, 1222, 4973, 37, 4996, 5418, 3608, 1426, 555, 5214, 3682, 3864, 1933, 1368, 4844, 56, 1724, 2601, 2098, 144, 2930, 2988, 2672, 5111, 4791, 4839, 1144, 3334, 276, 2956, 1963, 3169, 2415, 1868, 2363, 547, 1671, 1485, 4577, 2147]",326,50,2,False,50
239,numeric speed,numeric speed,46,False,True,False,"{8: 1, 35: 8, 39: 3, 42: 1, 29: 6, 5: 5, 41: 1, 26: 3, 38: 4, 24: 4, 32: 2, 33: 1, 47: 1, 30: 1, 18: 1, 21: 1, 0: 1, 28: 1, 27: 2, 31: 1, 44: 1, 13: 1}","[443, 2795, 3466, 502, 4110, 3670, 4819, 52, 2616, 126, 74, 1222, 4973, 37, 4996, 5418, 3608, 1426, 555, 5214, 3682, 3864, 1933, 1368, 4844, 56, 1724, 2601, 2098, 144, 2930, 2988, 2672, 5111, 4791, 4839, 1144, 3334, 276, 2956, 1963, 3169, 2415, 1868, 2363, 547, 1671, 1485, 4577, 2147]",239,50,2,False,50
144,entity disease,description definition,24,True,False,False,"{8: 1, 35: 8, 39: 3, 42: 1, 29: 6, 5: 5, 41: 1, 26: 3, 38: 4, 24: 4, 32: 2, 33: 1, 47: 1, 30: 1, 18: 1, 21: 1, 0: 1, 28: 1, 27: 2, 31: 1, 44: 1, 13: 1}","[443, 2795, 3466, 502, 4110, 3670, 4819, 52, 2616, 126, 74, 1222, 4973, 37, 4996, 5418, 3608, 1426, 555, 5214, 3682, 3864, 1933, 1368, 4844, 56, 1724, 2601, 2098, 144, 2930, 2988, 2672, 5111, 4791, 4839, 1144, 3334, 276, 2956, 1963, 3169, 2415, 1868, 2363, 547, 1671, 1485, 4577, 2147]",144,50,2,False,50
362,entity other,entity body,3,False,False,True,"{8: 1, 35: 8, 39: 3, 42: 1, 29: 6, 5: 5, 41: 1, 26: 3, 38: 4, 24: 4, 32: 2, 33: 1, 47: 1, 30: 1, 18: 1, 21: 1, 0: 1, 28: 1, 27: 2, 31: 1, 44: 1, 13: 1}","[443, 2795, 3466, 502, 4110, 3670, 4819, 52, 2616, 126, 74, 1222, 4973, 37, 4996, 5418, 3608, 1426, 555, 5214, 3682, 3864, 1933, 1368, 4844, 56, 1724, 2601, 2098, 144, 2930, 2988, 2672, 5111, 4791, 4839, 1144, 3334, 276, 2956, 1963, 3169, 2415, 1868, 2363, 547, 1671, 1485, 4577, 2147]",362,50,2,False,50
350,numeric date,numeric date,39,True,True,True,"{8: 1, 35: 8, 39: 3, 42: 1, 29: 6, 5: 5, 41: 1, 26: 3, 38: 4, 24: 4, 32: 2, 33: 1, 47: 1, 30: 1, 18: 1, 21: 1, 0: 1, 28: 1, 27: 2, 31: 1, 44: 1, 13: 1}","[443, 2795, 3466, 502, 4110, 3670, 4819, 52, 2616, 126, 74, 1222, 4973, 37, 4996, 5418, 3608, 1426, 555, 5214, 3682, 3864, 1933, 1368, 4844, 56, 1724, 2601, 2098, 144, 2930, 2988, 2672, 5111, 4791, 4839, 1144, 3334, 276, 2956, 1963, 3169, 2415, 1868, 2363, 547, 1671, 1485, 4577, 2147]",350,50,2,False,50
301,numeric date,numeric date,39,True,True,True,"{8: 1, 35: 8, 39: 3, 42: 1, 29: 6, 5: 5, 41: 1, 26: 3, 38: 4, 24: 4, 32: 2, 33: 1, 47: 1, 30: 1, 18: 1, 21: 1, 0: 1, 28: 1, 27: 2, 31: 1, 44: 1, 13: 1}","[443, 2795, 3466, 502, 4110, 3670, 4819, 52, 2616, 126, 74, 1222, 4973, 37, 4996, 5418, 3608, 1426, 555, 5214, 3682, 3864, 1933, 1368, 4844, 56, 1724, 2601, 2098, 144, 2930, 2988, 2672, 5111, 4791, 4839, 1144, 3334, 276, 2956, 1963, 3169, 2415, 1868, 2363, 547, 1671, 1485, 4577, 2147]",301,50,2,False,50
306,human individual,human individual,29,True,True,True,"{8: 1, 35: 8, 39: 3, 42: 1, 29: 6, 5: 5, 41: 1, 26: 3, 38: 4, 24: 4, 32: 2, 33: 1, 47: 1, 30: 1, 18: 1, 21: 1, 0: 1, 28: 1, 27: 2, 31: 1, 44: 1, 13: 1}","[443, 2795, 3466, 502, 4110, 3670, 4819, 52, 2616, 126, 74, 1222, 4973, 37, 4996, 5418, 3608, 1426, 555, 5214, 3682, 3864, 1933, 1368, 4844, 56, 1724, 2601, 2098, 144, 2930, 2988, 2672, 5111, 4791, 4839, 1144, 3334, 276, 2956, 1963, 3169, 2415, 1868, 2363, 547, 1671, 1485, 4577, 2147]",306,50,2,False,50
433,human individual,human individual,29,True,True,True,"{8: 1, 35: 8, 39: 3, 42: 1, 29: 6, 5: 5, 41: 1, 26: 3, 38: 4, 24: 4, 32: 2, 33: 1, 47: 1, 30: 1, 18: 1, 21: 1, 0: 1, 28: 1, 27: 2, 31: 1, 44: 1, 13: 1}","[443, 2795, 3466, 502, 4110, 3670, 4819, 52, 2616, 126, 74, 1222, 4973, 37, 4996, 5418, 3608, 1426, 555, 5214, 3682, 3864, 1933, 1368, 4844, 56, 1724, 2601, 2098, 144, 2930, 2988, 2672, 5111, 4791, 4839, 1144, 3334, 276, 2956, 1963, 3169, 2415, 1868, 2363, 547, 1671, 1485, 4577, 2147]",433,50,2,False,50
103,human individual,human description,31,True,False,True,"{8: 1, 35: 8, 39: 3, 42: 1, 29: 6, 5: 5, 41: 1, 26: 3, 38: 4, 24: 4, 32: 2, 33: 1, 47: 1, 30: 1, 18: 1, 21: 1, 0: 1, 28: 1, 27: 2, 31: 1, 44: 1, 13: 1}","[443, 2795, 3466, 502, 4110, 3670, 4819, 52, 2616, 126, 74, 1222, 4973, 37, 4996, 5418, 3608, 1426, 555, 5214, 3682, 3864, 1933, 1368, 4844, 56, 1724, 2601, 2098, 144, 2930, 2988, 2672, 5111, 4791, 4839, 1144, 3334, 276, 2956, 1963, 3169, 2415, 1868, 2363, 547, 1671, 1485, 4577, 2147]",103,50,2,False,50
448,numeric date,numeric date,39,True,True,True,"{8: 1, 35: 8, 39: 3, 42: 1, 29: 6, 5: 5, 41: 1, 26: 3, 38: 4, 24: 4, 32: 2, 33: 1, 47: 1, 30: 1, 18: 1, 21: 1, 0: 1, 28: 1, 27: 2, 31: 1, 44: 1, 13: 1}","[443, 2795, 3466, 502, 4110, 3670, 4819, 52, 2616, 126, 74, 1222, 4973, 37, 4996, 5418, 3608, 1426, 555, 5214, 3682, 3864, 1933, 1368, 4844, 56, 1724, 2601, 2098, 144, 2930, 2988, 2672, 5111, 4791, 4839, 1144, 3334, 276, 2956, 1963, 3169, 2415, 1868, 2363, 547, 1671, 1485, 4577, 2147]",448,50,2,False,50
402,numeric date,numeric date,39,True,True,True,"{8: 1, 35: 8, 39: 3, 42: 1, 29: 6, 5: 5, 41: 1, 26: 3, 38: 4, 24: 4, 32: 2, 33: 1, 47: 1, 30: 1, 18: 1, 21: 1, 0: 1, 28: 1, 27: 2, 31: 1, 44: 1, 13: 1}","[443, 2795, 3466, 502, 4110, 3670, 4819, 52, 2616, 126, 74, 1222, 4973, 37, 4996, 5418, 3608, 1426, 555, 5214, 3682, 3864, 1933, 1368, 4844, 56, 1724, 2601, 2098, 144, 2930, 2988, 2672, 5111, 4791, 4839, 1144, 3334, 276, 2956, 1963, 3169, 2415, 1868, 2363, 547, 1671, 1485, 4577, 2147]",402,50,2,False,50
439,entity creation,entity animal,2,False,False,True,"{8: 1, 35: 8, 39: 3, 42: 1, 29: 6, 5: 5, 41: 1, 26: 3, 38: 4, 24: 4, 32: 2, 33: 1, 47: 1, 30: 1, 18: 1, 21: 1, 0: 1, 28: 1, 27: 2, 31: 1, 44: 1, 13: 1}","[443, 2795, 3466, 502, 4110, 3670, 4819, 52, 2616, 126, 74, 1222, 4973, 37, 4996, 5418, 3608, 1426, 555, 5214, 3682, 3864, 1933, 1368, 4844, 56, 1724, 2601, 2098, 144, 2930, 2988, 2672, 5111, 4791, 4839, 1144, 3334, 276, 2956, 1963, 3169, 2415, 1868, 2363, 547, 1671, 1485, 4577, 2147]",439,50,2,False,50
437,numeric date,numeric date,39,True,True,True,"{8: 1, 35: 8, 39: 3, 42: 1, 29: 6, 5: 5, 41: 1, 26: 3, 38: 4, 24: 4, 32: 2, 33: 1, 47: 1, 30: 1, 18: 1, 21: 1, 0: 1, 28: 1, 27: 2, 31: 1, 44: 1, 13: 1}","[443, 2795, 3466, 502, 4110, 3670, 4819, 52, 2616, 126, 74, 1222, 4973, 37, 4996, 5418, 3608, 1426, 555, 5214, 3682, 3864, 1933, 1368, 4844, 56, 1724, 2601, 2098, 144, 2930, 2988, 2672, 5111, 4791, 4839, 1144, 3334, 276, 2956, 1963, 3169, 2415, 1868, 2363, 547, 1671, 1485, 4577, 2147]",437,50,2,False,50
289,description definition,description definition,24,True,True,True,"{8: 1, 35: 8, 39: 3, 42: 1, 29: 6, 5: 5, 41: 1, 26: 3, 38: 4, 24: 4, 32: 2, 33: 1, 47: 1, 30: 1, 18: 1, 21: 1, 0: 1, 28: 1, 27: 2, 31: 1, 44: 1, 13: 1}","[443, 2795, 3466, 502, 4110, 3670, 4819, 52, 2616, 126, 74, 1222, 4973, 37, 4996, 5418, 3608, 1426, 555, 5214, 3682, 3864, 1933, 1368, 4844, 56, 1724, 2601, 2098, 144, 2930, 2988, 2672, 5111, 4791, 4839, 1144, 3334, 276, 2956, 1963, 3169, 2415, 1868, 2363, 547, 1671, 1485, 4577, 2147]",289,50,2,False,50
132,description definition,description definition,24,True,True,True,"{8: 1, 35: 8, 39: 3, 42: 1, 29: 6, 5: 5, 41: 1, 26: 3, 38: 4, 24: 4, 32: 2, 33: 1, 47: 1, 30: 1, 18: 1, 21: 1, 0: 1, 28: 1, 27: 2, 31: 1, 44: 1, 13: 1}","[443, 2795, 3466, 502, 4110, 3670, 4819, 52, 2616, 126, 74, 1222, 4973, 37, 4996, 5418, 3608, 1426, 555, 5214, 3682, 3864, 1933, 1368, 4844, 56, 1724, 2601, 2098, 144, 2930, 2988, 2672, 5111, 4791, 4839, 1144, 3334, 276, 2956, 1963, 3169, 2415, 1868, 2363, 547, 1671, 1485, 4577, 2147]",132,50,2,False,50
250,human individual,human individual,29,True,True,True,"{8: 1, 35: 8, 39: 3, 42: 1, 29: 6, 5: 5, 41: 1, 26: 3, 38: 4, 24: 4, 32: 2, 33: 1, 47: 1, 30: 1, 18: 1, 21: 1, 0: 1, 28: 1, 27: 2, 31: 1, 44: 1, 13: 1}","[443, 2795, 3466, 502, 4110, 3670, 4819, 52, 2616, 126, 74, 1222, 4973, 37, 4996, 5418, 3608, 1426, 555, 5214, 3682, 3864, 1933, 1368, 4844, 56, 1724, 2601, 2098, 144, 2930, 2988, 2672, 5111, 4791, 4839, 1144, 3334, 276, 2956, 1963, 3169, 2415, 1868, 2363, 547, 1671, 1485, 4577, 2147]",250,50,2,False,50
405,location city,location city,32,True,True,True,"{8: 1, 35: 8, 39: 3, 42: 1, 29: 6, 5: 5, 41: 1, 26: 3, 38: 4, 24: 4, 32: 2, 33: 1, 47: 1, 30: 1, 18: 1, 21: 1, 0: 1, 28: 1, 27: 2, 31: 1, 44: 1, 13: 1}","[443, 2795, 3466, 502, 4110, 3670, 4819, 52, 2616, 126, 74, 1222, 4973, 37, 4996, 5418, 3608, 1426, 555, 5214, 3682, 3864, 1933, 1368, 4844, 56, 1724, 2601, 2098, 144, 2930, 2988, 2672, 5111, 4791, 4839, 1144, 3334, 276, 2956, 1963, 3169, 2415, 1868, 2363, 547, 1671, 1485, 4577, 2147]",405,50,2,False,50
443,entity creation,entity animal,2,False,False,True,"{8: 1, 35: 8, 39: 3, 42: 1, 29: 6, 5: 5, 41: 1, 26: 3, 38: 4, 24: 4, 32: 2, 33: 1, 47: 1, 30: 1, 18: 1, 21: 1, 0: 1, 28: 1, 27: 2, 31: 1, 44: 1, 13: 1}","[443, 2795, 3466, 502, 4110, 3670, 4819, 52, 2616, 126, 74, 1222, 4973, 37, 4996, 5418, 3608, 1426, 555, 5214, 3682, 3864, 1933, 1368, 4844, 56, 1724, 2601, 2098, 144, 2930, 2988, 2672, 5111, 4791, 4839, 1144, 3334, 276, 2956, 1963, 3169, 2415, 1868, 2363, 547, 1671, 1485, 4577, 2147]",443,50,2,False,50
35,numeric count,numeric period,44,True,False,True,"{8: 1, 35: 8, 39: 3, 42: 1, 29: 6, 5: 5, 41: 1, 26: 3, 38: 4, 24: 4, 32: 2, 33: 1, 47: 1, 30: 1, 18: 1, 21: 1, 0: 1, 28: 1, 27: 2, 31: 1, 44: 1, 13: 1}","[443, 2795, 3466, 502, 4110, 3670, 4819, 52, 2616, 126, 74, 1222, 4973, 37, 4996, 5418, 3608, 1426, 555, 5214, 3682, 3864, 1933, 1368, 4844, 56, 1724, 2601, 2098, 144, 2930, 2988, 2672, 5111, 4791, 4839, 1144, 3334, 276, 2956, 1963, 3169, 2415, 1868, 2363, 547, 1671, 1485, 4577, 2147]",35,50,2,False,50
113,human individual,human individual,29,True,True,True,"{8: 1, 35: 8, 39: 3, 42: 1, 29: 6, 5: 5, 41: 1, 26: 3, 38: 4, 24: 4, 32: 2, 33: 1, 47: 1, 30: 1, 18: 1, 21: 1, 0: 1, 28: 1, 27: 2, 31: 1, 44: 1, 13: 1}","[443, 2795, 3466, 502, 4110, 3670, 4819, 52, 2616, 126, 74, 1222, 4973, 37, 4996, 5418, 3608, 1426, 555, 5214, 3682, 3864, 1933, 1368, 4844, 56, 1724, 2601, 2098, 144, 2930, 2988, 2672, 5111, 4791, 4839, 1144, 3334, 276, 2956, 1963, 3169, 2415, 1868, 2363, 547, 1671, 1485, 4577, 2147]",113,50,2,False,50
348,numeric date,numeric date,39,True,True,True,"{8: 1, 35: 8, 39: 3, 42: 1, 29: 6, 5: 5, 41: 1, 26: 3, 38: 4, 24: 4, 32: 2, 33: 1, 47: 1, 30: 1, 18: 1, 21: 1, 0: 1, 28: 1, 27: 2, 31: 1, 44: 1, 13: 1}","[443, 2795, 3466, 502, 4110, 3670, 4819, 52, 2616, 126, 74, 1222, 4973, 37, 4996, 5418, 3608, 1426, 555, 5214, 3682, 3864, 1933, 1368, 4844, 56, 1724, 2601, 2098, 144, 2930, 2988, 2672, 5111, 4791, 4839, 1144, 3334, 276, 2956, 1963, 3169, 2415, 1868, 2363, 547, 1671, 1485, 4577, 2147]",348,50,2,False,50
476,description definition,description definition,24,True,True,True,"{8: 1, 35: 8, 39: 3, 42: 1, 29: 6, 5: 5, 41: 1, 26: 3, 38: 4, 24: 4, 32: 2, 33: 1, 47: 1, 30: 1, 18: 1, 21: 1, 0: 1, 28: 1, 27: 2, 31: 1, 44: 1, 13: 1}","[443, 2795, 3466, 502, 4110, 3670, 4819, 52, 2616, 126, 74, 1222, 4973, 37, 4996, 5418, 3608, 1426, 555, 5214, 3682, 3864, 1933, 1368, 4844, 56, 1724, 2601, 2098, 144, 2930, 2988, 2672, 5111, 4791, 4839, 1144, 3334, 276, 2956, 1963, 3169, 2415, 1868, 2363, 547, 1671, 1485, 4577, 2147]",476,50,2,False,50
64,location state,location state,36,False,True,False,"{8: 1, 35: 8, 39: 3, 42: 1, 29: 6, 5: 5, 41: 1, 26: 3, 38: 4, 24: 4, 32: 2, 33: 1, 47: 1, 30: 1, 18: 1, 21: 1, 0: 1, 28: 1, 27: 2, 31: 1, 44: 1, 13: 1}","[443, 2795, 3466, 502, 4110, 3670, 4819, 52, 2616, 126, 74, 1222, 4973, 37, 4996, 5418, 3608, 1426, 555, 5214, 3682, 3864, 1933, 1368, 4844, 56, 1724, 2601, 2098, 144, 2930, 2988, 2672, 5111, 4791, 4839, 1144, 3334, 276, 2956, 1963, 3169, 2415, 1868, 2363, 547, 1671, 1485, 4577, 2147]",64,50,2,False,50
381,human individual,human individual,29,True,True,True,"{8: 1, 35: 8, 39: 3, 42: 1, 29: 6, 5: 5, 41: 1, 26: 3, 38: 4, 24: 4, 32: 2, 33: 1, 47: 1, 30: 1, 18: 1, 21: 1, 0: 1, 28: 1, 27: 2, 31: 1, 44: 1, 13: 1}","[443, 2795, 3466, 502, 4110, 3670, 4819, 52, 2616, 126, 74, 1222, 4973, 37, 4996, 5418, 3608, 1426, 555, 5214, 3682, 3864, 1933, 1368, 4844, 56, 1724, 2601, 2098, 144, 2930, 2988, 2672, 5111, 4791, 4839, 1144, 3334, 276, 2956, 1963, 3169, 2415, 1868, 2363, 547, 1671, 1485, 4577, 2147]",381,50,2,False,50
59,numeric speed,numeric speed,46,False,True,False,"{8: 1, 35: 8, 39: 3, 42: 1, 29: 6, 5: 5, 41: 1, 26: 3, 38: 4, 24: 4, 32: 2, 33: 1, 47: 1, 30: 1, 18: 1, 21: 1, 0: 1, 28: 1, 27: 2, 31: 1, 44: 1, 13: 1}","[443, 2795, 3466, 502, 4110, 3670, 4819, 52, 2616, 126, 74, 1222, 4973, 37, 4996, 5418, 3608, 1426, 555, 5214, 3682, 3864, 1933, 1368, 4844, 56, 1724, 2601, 2098, 144, 2930, 2988, 2672, 5111, 4791, 4839, 1144, 3334, 276, 2956, 1963, 3169, 2415, 1868, 2363, 547, 1671, 1485, 4577, 2147]",59,50,2,False,50
491,description definition,description definition,24,True,True,True,"{8: 1, 35: 8, 39: 3, 42: 1, 29: 6, 5: 5, 41: 1, 26: 3, 38: 4, 24: 4, 32: 2, 33: 1, 47: 1, 30: 1, 18: 1, 21: 1, 0: 1, 28: 1, 27: 2, 31: 1, 44: 1, 13: 1}","[443, 2795, 3466, 502, 4110, 3670, 4819, 52, 2616, 126, 74, 1222, 4973, 37, 4996, 5418, 3608, 1426, 555, 5214, 3682, 3864, 1933, 1368, 4844, 56, 1724, 2601, 2098, 144, 2930, 2988, 2672, 5111, 4791, 4839, 1144, 3334, 276, 2956, 1963, 3169, 2415, 1868, 2363, 547, 1671, 1485, 4577, 2147]",491,50,2,False,50
12,numeric count,numeric weight,49,False,False,True,"{8: 1, 35: 8, 39: 3, 42: 1, 29: 6, 5: 5, 41: 1, 26: 3, 38: 4, 24: 4, 32: 2, 33: 1, 47: 1, 30: 1, 18: 1, 21: 1, 0: 1, 28: 1, 27: 2, 31: 1, 44: 1, 13: 1}","[443, 2795, 3466, 502, 4110, 3670, 4819, 52, 2616, 126, 74, 1222, 4973, 37, 4996, 5418, 3608, 1426, 555, 5214, 3682, 3864, 1933, 1368, 4844, 56, 1724, 2601, 2098, 144, 2930, 2988, 2672, 5111, 4791, 4839, 1144, 3334, 276, 2956, 1963, 3169, 2415, 1868, 2363, 547, 1671, 1485, 4577, 2147]",12,50,2,False,50
400,human individual,human individual,29,True,True,True,"{8: 1, 35: 8, 39: 3, 42: 1, 29: 6, 5: 5, 41: 1, 26: 3, 38: 4, 24: 4, 32: 2, 33: 1, 47: 1, 30: 1, 18: 1, 21: 1, 0: 1, 28: 1, 27: 2, 31: 1, 44: 1, 13: 1}","[443, 2795, 3466, 502, 4110, 3670, 4819, 52, 2616, 126, 74, 1222, 4973, 37, 4996, 5418, 3608, 1426, 555, 5214, 3682, 3864, 1933, 1368, 4844, 56, 1724, 2601, 2098, 144, 2930, 2988, 2672, 5111, 4791, 4839, 1144, 3334, 276, 2956, 1963, 3169, 2415, 1868, 2363, 547, 1671, 1485, 4577, 2147]",400,50,2,False,50
469,description manner,description definition,24,True,False,True,"{8: 1, 35: 8, 39: 3, 42: 1, 29: 6, 5: 5, 41: 1, 26: 3, 38: 4, 24: 4, 32: 2, 33: 1, 47: 1, 30: 1, 18: 1, 21: 1, 0: 1, 28: 1, 27: 2, 31: 1, 44: 1, 13: 1}","[443, 2795, 3466, 502, 4110, 3670, 4819, 52, 2616, 126, 74, 1222, 4973, 37, 4996, 5418, 3608, 1426, 555, 5214, 3682, 3864, 1933, 1368, 4844, 56, 1724, 2601, 2098, 144, 2930, 2988, 2672, 5111, 4791, 4839, 1144, 3334, 276, 2956, 1963, 3169, 2415, 1868, 2363, 547, 1671, 1485, 4577, 2147]",469,50,2,False,50
235,description manner,description definition,24,True,False,True,"{8: 1, 35: 8, 39: 3, 42: 1, 29: 6, 5: 5, 41: 1, 26: 3, 38: 4, 24: 4, 32: 2, 33: 1, 47: 1, 30: 1, 18: 1, 21: 1, 0: 1, 28: 1, 27: 2, 31: 1, 44: 1, 13: 1}","[443, 2795, 3466, 502, 4110, 3670, 4819, 52, 2616, 126, 74, 1222, 4973, 37, 4996, 5418, 3608, 1426, 555, 5214, 3682, 3864, 1933, 1368, 4844, 56, 1724, 2601, 2098, 144, 2930, 2988, 2672, 5111, 4791, 4839, 1144, 3334, 276, 2956, 1963, 3169, 2415, 1868, 2363, 547, 1671, 1485, 4577, 2147]",235,50,2,False,50
288,entity term,description definition,24,True,False,True,"{8: 1, 35: 8, 39: 3, 42: 1, 29: 6, 5: 5, 41: 1, 26: 3, 38: 4, 24: 4, 32: 2, 33: 1, 47: 1, 30: 1, 18: 1, 21: 1, 0: 1, 28: 1, 27: 2, 31: 1, 44: 1, 13: 1}","[443, 2795, 3466, 502, 4110, 3670, 4819, 52, 2616, 126, 74, 1222, 4973, 37, 4996, 5418, 3608, 1426, 555, 5214, 3682, 3864, 1933, 1368, 4844, 56, 1724, 2601, 2098, 144, 2930, 2988, 2672, 5111, 4791, 4839, 1144, 3334, 276, 2956, 1963, 3169, 2415, 1868, 2363, 547, 1671, 1485, 4577, 2147]",288,50,2,False,50
126,numeric count,numeric distance,40,False,False,True,"{8: 1, 35: 8, 39: 3, 42: 1, 29: 6, 5: 5, 41: 1, 26: 3, 38: 4, 24: 4, 32: 2, 33: 1, 47: 1, 30: 1, 18: 1, 21: 1, 0: 1, 28: 1, 27: 2, 31: 1, 44: 1, 13: 1}","[443, 2795, 3466, 502, 4110, 3670, 4819, 52, 2616, 126, 74, 1222, 4973, 37, 4996, 5418, 3608, 1426, 555, 5214, 3682, 3864, 1933, 1368, 4844, 56, 1724, 2601, 2098, 144, 2930, 2988, 2672, 5111, 4791, 4839, 1144, 3334, 276, 2956, 1963, 3169, 2415, 1868, 2363, 547, 1671, 1485, 4577, 2147]",126,50,2,False,50
230,numeric date,numeric date,39,True,True,True,"{8: 1, 35: 8, 39: 3, 42: 1, 29: 6, 5: 5, 41: 1, 26: 3, 38: 4, 24: 4, 32: 2, 33: 1, 47: 1, 30: 1, 18: 1, 21: 1, 0: 1, 28: 1, 27: 2, 31: 1, 44: 1, 13: 1}","[443, 2795, 3466, 502, 4110, 3670, 4819, 52, 2616, 126, 74, 1222, 4973, 37, 4996, 5418, 3608, 1426, 555, 5214, 3682, 3864, 1933, 1368, 4844, 56, 1724, 2601, 2098, 144, 2930, 2988, 2672, 5111, 4791, 4839, 1144, 3334, 276, 2956, 1963, 3169, 2415, 1868, 2363, 547, 1671, 1485, 4577, 2147]",230,50,2,False,50
243,description definition,description definition,24,True,True,True,"{8: 1, 35: 8, 39: 3, 42: 1, 29: 6, 5: 5, 41: 1, 26: 3, 38: 4, 24: 4, 32: 2, 33: 1, 47: 1, 30: 1, 18: 1, 21: 1, 0: 1, 28: 1, 27: 2, 31: 1, 44: 1, 13: 1}","[443, 2795, 3466, 502, 4110, 3670, 4819, 52, 2616, 126, 74, 1222, 4973, 37, 4996, 5418, 3608, 1426, 555, 5214, 3682, 3864, 1933, 1368, 4844, 56, 1724, 2601, 2098, 144, 2930, 2988, 2672, 5111, 4791, 4839, 1144, 3334, 276, 2956, 1963, 3169, 2415, 1868, 2363, 547, 1671, 1485, 4577, 2147]",243,50,2,False,50
181,description definition,description definition,24,True,True,True,"{8: 1, 35: 8, 39: 3, 42: 1, 29: 6, 5: 5, 41: 1, 26: 3, 38: 4, 24: 4, 32: 2, 33: 1, 47: 1, 30: 1, 18: 1, 21: 1, 0: 1, 28: 1, 27: 2, 31: 1, 44: 1, 13: 1}","[443, 2795, 3466, 502, 4110, 3670, 4819, 52, 2616, 126, 74, 1222, 4973, 37, 4996, 5418, 3608, 1426, 555, 5214, 3682, 3864, 1933, 1368, 4844, 56, 1724, 2601, 2098, 144, 2930, 2988, 2672, 5111, 4791, 4839, 1144, 3334, 276, 2956, 1963, 3169, 2415, 1868, 2363, 547, 1671, 1485, 4577, 2147]",181,50,2,False,50
182,location other,location other,35,True,True,True,"{8: 1, 35: 8, 39: 3, 42: 1, 29: 6, 5: 5, 41: 1, 26: 3, 38: 4, 24: 4, 32: 2, 33: 1, 47: 1, 30: 1, 18: 1, 21: 1, 0: 1, 28: 1, 27: 2, 31: 1, 44: 1, 13: 1}","[443, 2795, 3466, 502, 4110, 3670, 4819, 52, 2616, 126, 74, 1222, 4973, 37, 4996, 5418, 3608, 1426, 555, 5214, 3682, 3864, 1933, 1368, 4844, 56, 1724, 2601, 2098, 144, 2930, 2988, 2672, 5111, 4791, 4839, 1144, 3334, 276, 2956, 1963, 3169, 2415, 1868, 2363, 547, 1671, 1485, 4577, 2147]",182,50,2,False,50
18,description definition,description definition,24,True,True,True,"{8: 1, 35: 8, 39: 3, 42: 1, 29: 6, 5: 5, 41: 1, 26: 3, 38: 4, 24: 4, 32: 2, 33: 1, 47: 1, 30: 1, 18: 1, 21: 1, 0: 1, 28: 1, 27: 2, 31: 1, 44: 1, 13: 1}","[443, 2795, 3466, 502, 4110, 3670, 4819, 52, 2616, 126, 74, 1222, 4973, 37, 4996, 5418, 3608, 1426, 555, 5214, 3682, 3864, 1933, 1368, 4844, 56, 1724, 2601, 2098, 144, 2930, 2988, 2672, 5111, 4791, 4839, 1144, 3334, 276, 2956, 1963, 3169, 2415, 1868, 2363, 547, 1671, 1485, 4577, 2147]",18,50,2,False,50
354,entity substance,description definition,24,True,False,False,"{8: 1, 35: 8, 39: 3, 42: 1, 29: 6, 5: 5, 41: 1, 26: 3, 38: 4, 24: 4, 32: 2, 33: 1, 47: 1, 30: 1, 18: 1, 21: 1, 0: 1, 28: 1, 27: 2, 31: 1, 44: 1, 13: 1}","[443, 2795, 3466, 502, 4110, 3670, 4819, 52, 2616, 126, 74, 1222, 4973, 37, 4996, 5418, 3608, 1426, 555, 5214, 3682, 3864, 1933, 1368, 4844, 56, 1724, 2601, 2098, 144, 2930, 2988, 2672, 5111, 4791, 4839, 1144, 3334, 276, 2956, 1963, 3169, 2415, 1868, 2363, 547, 1671, 1485, 4577, 2147]",354,50,2,False,50
466,description definition,description definition,24,True,True,True,"{8: 1, 35: 8, 39: 3, 42: 1, 29: 6, 5: 5, 41: 1, 26: 3, 38: 4, 24: 4, 32: 2, 33: 1, 47: 1, 30: 1, 18: 1, 21: 1, 0: 1, 28: 1, 27: 2, 31: 1, 44: 1, 13: 1}","[443, 2795, 3466, 502, 4110, 3670, 4819, 52, 2616, 126, 74, 1222, 4973, 37, 4996, 5418, 3608, 1426, 555, 5214, 3682, 3864, 1933, 1368, 4844, 56, 1724, 2601, 2098, 144, 2930, 2988, 2672, 5111, 4791, 4839, 1144, 3334, 276, 2956, 1963, 3169, 2415, 1868, 2363, 547, 1671, 1485, 4577, 2147]",466,50,2,False,50
446,location other,location other,35,True,True,True,"{8: 1, 35: 8, 39: 3, 42: 1, 29: 6, 5: 5, 41: 1, 26: 3, 38: 4, 24: 4, 32: 2, 33: 1, 47: 1, 30: 1, 18: 1, 21: 1, 0: 1, 28: 1, 27: 2, 31: 1, 44: 1, 13: 1}","[443, 2795, 3466, 502, 4110, 3670, 4819, 52, 2616, 126, 74, 1222, 4973, 37, 4996, 5418, 3608, 1426, 555, 5214, 3682, 3864, 1933, 1368, 4844, 56, 1724, 2601, 2098, 144, 2930, 2988, 2672, 5111, 4791, 4839, 1144, 3334, 276, 2956, 1963, 3169, 2415, 1868, 2363, 547, 1671, 1485, 4577, 2147]",446,50,2,False,50
338,entity creation,description definition,24,True,False,True,"{8: 1, 35: 8, 39: 3, 42: 1, 29: 6, 5: 5, 41: 1, 26: 3, 38: 4, 24: 4, 32: 2, 33: 1, 47: 1, 30: 1, 18: 1, 21: 1, 0: 1, 28: 1, 27: 2, 31: 1, 44: 1, 13: 1}","[443, 2795, 3466, 502, 4110, 3670, 4819, 52, 2616, 126, 74, 1222, 4973, 37, 4996, 5418, 3608, 1426, 555, 5214, 3682, 3864, 1933, 1368, 4844, 56, 1724, 2601, 2098, 144, 2930, 2988, 2672, 5111, 4791, 4839, 1144, 3334, 276, 2956, 1963, 3169, 2415, 1868, 2363, 547, 1671, 1485, 4577, 2147]",338,50,2,False,50
118,numeric date,numeric date,39,True,True,True,"{8: 1, 35: 8, 39: 3, 42: 1, 29: 6, 5: 5, 41: 1, 26: 3, 38: 4, 24: 4, 32: 2, 33: 1, 47: 1, 30: 1, 18: 1, 21: 1, 0: 1, 28: 1, 27: 2, 31: 1, 44: 1, 13: 1}","[443, 2795, 3466, 502, 4110, 3670, 4819, 52, 2616, 126, 74, 1222, 4973, 37, 4996, 5418, 3608, 1426, 555, 5214, 3682, 3864, 1933, 1368, 4844, 56, 1724, 2601, 2098, 144, 2930, 2988, 2672, 5111, 4791, 4839, 1144, 3334, 276, 2956, 1963, 3169, 2415, 1868, 2363, 547, 1671, 1485, 4577, 2147]",118,50,2,False,50
223,numeric count,entity other,13,True,False,True,"{8: 1, 35: 8, 39: 3, 42: 1, 29: 6, 5: 5, 41: 1, 26: 3, 38: 4, 24: 4, 32: 2, 33: 1, 47: 1, 30: 1, 18: 1, 21: 1, 0: 1, 28: 1, 27: 2, 31: 1, 44: 1, 13: 1}","[443, 2795, 3466, 502, 4110, 3670, 4819, 52, 2616, 126, 74, 1222, 4973, 37, 4996, 5418, 3608, 1426, 555, 5214, 3682, 3864, 1933, 1368, 4844, 56, 1724, 2601, 2098, 144, 2930, 2988, 2672, 5111, 4791, 4839, 1144, 3334, 276, 2956, 1963, 3169, 2415, 1868, 2363, 547, 1671, 1485, 4577, 2147]",223,50,2,False,50
152,description definition,description definition,24,True,True,True,"{8: 1, 35: 8, 39: 3, 42: 1, 29: 6, 5: 5, 41: 1, 26: 3, 38: 4, 24: 4, 32: 2, 33: 1, 47: 1, 30: 1, 18: 1, 21: 1, 0: 1, 28: 1, 27: 2, 31: 1, 44: 1, 13: 1}","[443, 2795, 3466, 502, 4110, 3670, 4819, 52, 2616, 126, 74, 1222, 4973, 37, 4996, 5418, 3608, 1426, 555, 5214, 3682, 3864, 1933, 1368, 4844, 56, 1724, 2601, 2098, 144, 2930, 2988, 2672, 5111, 4791, 4839, 1144, 3334, 276, 2956, 1963, 3169, 2415, 1868, 2363, 547, 1671, 1485, 4577, 2147]",152,50,2,False,50
399,location other,location mountain,34,False,False,True,"{8: 1, 35: 8, 39: 3, 42: 1, 29: 6, 5: 5, 41: 1, 26: 3, 38: 4, 24: 4, 32: 2, 33: 1, 47: 1, 30: 1, 18: 1, 21: 1, 0: 1, 28: 1, 27: 2, 31: 1, 44: 1, 13: 1}","[443, 2795, 3466, 502, 4110, 3670, 4819, 52, 2616, 126, 74, 1222, 4973, 37, 4996, 5418, 3608, 1426, 555, 5214, 3682, 3864, 1933, 1368, 4844, 56, 1724, 2601, 2098, 144, 2930, 2988, 2672, 5111, 4791, 4839, 1144, 3334, 276, 2956, 1963, 3169, 2415, 1868, 2363, 547, 1671, 1485, 4577, 2147]",399,50,2,False,50
215,location country,entity language,11,False,False,True,"{8: 1, 35: 8, 39: 3, 42: 1, 29: 6, 5: 5, 41: 1, 26: 3, 38: 4, 24: 4, 32: 2, 33: 1, 47: 1, 30: 1, 18: 1, 21: 1, 0: 1, 28: 1, 27: 2, 31: 1, 44: 1, 13: 1}","[443, 2795, 3466, 502, 4110, 3670, 4819, 52, 2616, 126, 74, 1222, 4973, 37, 4996, 5418, 3608, 1426, 555, 5214, 3682, 3864, 1933, 1368, 4844, 56, 1724, 2601, 2098, 144, 2930, 2988, 2672, 5111, 4791, 4839, 1144, 3334, 276, 2956, 1963, 3169, 2415, 1868, 2363, 547, 1671, 1485, 4577, 2147]",215,50,2,False,50
207,numeric temperature,numeric temperature,47,True,True,True,"{8: 1, 35: 8, 39: 3, 42: 1, 29: 6, 5: 5, 41: 1, 26: 3, 38: 4, 24: 4, 32: 2, 33: 1, 47: 1, 30: 1, 18: 1, 21: 1, 0: 1, 28: 1, 27: 2, 31: 1, 44: 1, 13: 1}","[443, 2795, 3466, 502, 4110, 3670, 4819, 52, 2616, 126, 74, 1222, 4973, 37, 4996, 5418, 3608, 1426, 555, 5214, 3682, 3864, 1933, 1368, 4844, 56, 1724, 2601, 2098, 144, 2930, 2988, 2672, 5111, 4791, 4839, 1144, 3334, 276, 2956, 1963, 3169, 2415, 1868, 2363, 547, 1671, 1485, 4577, 2147]",207,50,2,False,50
336,description definition,description definition,24,True,True,True,"{8: 1, 35: 8, 39: 3, 42: 1, 29: 6, 5: 5, 41: 1, 26: 3, 38: 4, 24: 4, 32: 2, 33: 1, 47: 1, 30: 1, 18: 1, 21: 1, 0: 1, 28: 1, 27: 2, 31: 1, 44: 1, 13: 1}","[443, 2795, 3466, 502, 4110, 3670, 4819, 52, 2616, 126, 74, 1222, 4973, 37, 4996, 5418, 3608, 1426, 555, 5214, 3682, 3864, 1933, 1368, 4844, 56, 1724, 2601, 2098, 144, 2930, 2988, 2672, 5111, 4791, 4839, 1144, 3334, 276, 2956, 1963, 3169, 2415, 1868, 2363, 547, 1671, 1485, 4577, 2147]",336,50,2,False,50
211,numeric speed,numeric speed,46,False,True,False,"{8: 1, 35: 8, 39: 3, 42: 1, 29: 6, 5: 5, 41: 1, 26: 3, 38: 4, 24: 4, 32: 2, 33: 1, 47: 1, 30: 1, 18: 1, 21: 1, 0: 1, 28: 1, 27: 2, 31: 1, 44: 1, 13: 1}","[443, 2795, 3466, 502, 4110, 3670, 4819, 52, 2616, 126, 74, 1222, 4973, 37, 4996, 5418, 3608, 1426, 555, 5214, 3682, 3864, 1933, 1368, 4844, 56, 1724, 2601, 2098, 144, 2930, 2988, 2672, 5111, 4791, 4839, 1144, 3334, 276, 2956, 1963, 3169, 2415, 1868, 2363, 547, 1671, 1485, 4577, 2147]",211,50,2,False,50
44,entity creation,entity animal,2,False,False,True,"{8: 1, 35: 8, 39: 3, 42: 1, 29: 6, 5: 5, 41: 1, 26: 3, 38: 4, 24: 4, 32: 2, 33: 1, 47: 1, 30: 1, 18: 1, 21: 1, 0: 1, 28: 1, 27: 2, 31: 1, 44: 1, 13: 1}","[443, 2795, 3466, 502, 4110, 3670, 4819, 52, 2616, 126, 74, 1222, 4973, 37, 4996, 5418, 3608, 1426, 555, 5214, 3682, 3864, 1933, 1368, 4844, 56, 1724, 2601, 2098, 144, 2930, 2988, 2672, 5111, 4791, 4839, 1144, 3334, 276, 2956, 1963, 3169, 2415, 1868, 2363, 547, 1671, 1485, 4577, 2147]",44,50,2,False,50
29,location other,location other,35,True,True,True,"{8: 1, 35: 8, 39: 3, 42: 1, 29: 6, 5: 5, 41: 1, 26: 3, 38: 4, 24: 4, 32: 2, 33: 1, 47: 1, 30: 1, 18: 1, 21: 1, 0: 1, 28: 1, 27: 2, 31: 1, 44: 1, 13: 1}","[443, 2795, 3466, 502, 4110, 3670, 4819, 52, 2616, 126, 74, 1222, 4973, 37, 4996, 5418, 3608, 1426, 555, 5214, 3682, 3864, 1933, 1368, 4844, 56, 1724, 2601, 2098, 144, 2930, 2988, 2672, 5111, 4791, 4839, 1144, 3334, 276, 2956, 1963, 3169, 2415, 1868, 2363, 547, 1671, 1485, 4577, 2147]",29,50,2,False,50
99,numeric count,entity other,13,True,False,True,"{8: 1, 35: 8, 39: 3, 42: 1, 29: 6, 5: 5, 41: 1, 26: 3, 38: 4, 24: 4, 32: 2, 33: 1, 47: 1, 30: 1, 18: 1, 21: 1, 0: 1, 28: 1, 27: 2, 31: 1, 44: 1, 13: 1}","[443, 2795, 3466, 502, 4110, 3670, 4819, 52, 2616, 126, 74, 1222, 4973, 37, 4996, 5418, 3608, 1426, 555, 5214, 3682, 3864, 1933, 1368, 4844, 56, 1724, 2601, 2098, 144, 2930, 2988, 2672, 5111, 4791, 4839, 1144, 3334, 276, 2956, 1963, 3169, 2415, 1868, 2363, 547, 1671, 1485, 4577, 2147]",99,50,2,False,50
122,description definition,description definition,24,True,True,True,"{8: 1, 35: 8, 39: 3, 42: 1, 29: 6, 5: 5, 41: 1, 26: 3, 38: 4, 24: 4, 32: 2, 33: 1, 47: 1, 30: 1, 18: 1, 21: 1, 0: 1, 28: 1, 27: 2, 31: 1, 44: 1, 13: 1}","[443, 2795, 3466, 502, 4110, 3670, 4819, 52, 2616, 126, 74, 1222, 4973, 37, 4996, 5418, 3608, 1426, 555, 5214, 3682, 3864, 1933, 1368, 4844, 56, 1724, 2601, 2098, 144, 2930, 2988, 2672, 5111, 4791, 4839, 1144, 3334, 276, 2956, 1963, 3169, 2415, 1868, 2363, 547, 1671, 1485, 4577, 2147]",122,50,2,False,50
421,location country,location other,35,True,False,True,"{8: 1, 35: 8, 39: 3, 42: 1, 29: 6, 5: 5, 41: 1, 26: 3, 38: 4, 24: 4, 32: 2, 33: 1, 47: 1, 30: 1, 18: 1, 21: 1, 0: 1, 28: 1, 27: 2, 31: 1, 44: 1, 13: 1}","[443, 2795, 3466, 502, 4110, 3670, 4819, 52, 2616, 126, 74, 1222, 4973, 37, 4996, 5418, 3608, 1426, 555, 5214, 3682, 3864, 1933, 1368, 4844, 56, 1724, 2601, 2098, 144, 2930, 2988, 2672, 5111, 4791, 4839, 1144, 3334, 276, 2956, 1963, 3169, 2415, 1868, 2363, 547, 1671, 1485, 4577, 2147]",421,50,2,False,50
477,location city,location city,32,True,True,True,"{8: 1, 35: 8, 39: 3, 42: 1, 29: 6, 5: 5, 41: 1, 26: 3, 38: 4, 24: 4, 32: 2, 33: 1, 47: 1, 30: 1, 18: 1, 21: 1, 0: 1, 28: 1, 27: 2, 31: 1, 44: 1, 13: 1}","[443, 2795, 3466, 502, 4110, 3670, 4819, 52, 2616, 126, 74, 1222, 4973, 37, 4996, 5418, 3608, 1426, 555, 5214, 3682, 3864, 1933, 1368, 4844, 56, 1724, 2601, 2098, 144, 2930, 2988, 2672, 5111, 4791, 4839, 1144, 3334, 276, 2956, 1963, 3169, 2415, 1868, 2363, 547, 1671, 1485, 4577, 2147]",477,50,2,False,50
378,abbreviation abbreviation,abbreviation expansion,1,False,False,False,"{8: 1, 35: 8, 39: 3, 42: 1, 29: 6, 5: 5, 41: 1, 26: 3, 38: 4, 24: 4, 32: 2, 33: 1, 47: 1, 30: 1, 18: 1, 21: 1, 0: 1, 28: 1, 27: 2, 31: 1, 44: 1, 13: 1}","[443, 2795, 3466, 502, 4110, 3670, 4819, 52, 2616, 126, 74, 1222, 4973, 37, 4996, 5418, 3608, 1426, 555, 5214, 3682, 3864, 1933, 1368, 4844, 56, 1724, 2601, 2098, 144, 2930, 2988, 2672, 5111, 4791, 4839, 1144, 3334, 276, 2956, 1963, 3169, 2415, 1868, 2363, 547, 1671, 1485, 4577, 2147]",378,50,2,False,50
357,numeric count,numeric distance,40,False,False,True,"{8: 1, 35: 8, 39: 3, 42: 1, 29: 6, 5: 5, 41: 1, 26: 3, 38: 4, 24: 4, 32: 2, 33: 1, 47: 1, 30: 1, 18: 1, 21: 1, 0: 1, 28: 1, 27: 2, 31: 1, 44: 1, 13: 1}","[443, 2795, 3466, 502, 4110, 3670, 4819, 52, 2616, 126, 74, 1222, 4973, 37, 4996, 5418, 3608, 1426, 555, 5214, 3682, 3864, 1933, 1368, 4844, 56, 1724, 2601, 2098, 144, 2930, 2988, 2672, 5111, 4791, 4839, 1144, 3334, 276, 2956, 1963, 3169, 2415, 1868, 2363, 547, 1671, 1485, 4577, 2147]",357,50,2,False,50
3,description definition,description definition,24,True,True,True,"{8: 1, 35: 8, 39: 3, 42: 1, 29: 6, 5: 5, 41: 1, 26: 3, 38: 4, 24: 4, 32: 2, 33: 1, 47: 1, 30: 1, 18: 1, 21: 1, 0: 1, 28: 1, 27: 2, 31: 1, 44: 1, 13: 1}","[443, 2795, 3466, 502, 4110, 3670, 4819, 52, 2616, 126, 74, 1222, 4973, 37, 4996, 5418, 3608, 1426, 555, 5214, 3682, 3864, 1933, 1368, 4844, 56, 1724, 2601, 2098, 144, 2930, 2988, 2672, 5111, 4791, 4839, 1144, 3334, 276, 2956, 1963, 3169, 2415, 1868, 2363, 547, 1671, 1485, 4577, 2147]",3,50,2,False,50
406,entity substance,description definition,24,True,False,False,"{8: 1, 35: 8, 39: 3, 42: 1, 29: 6, 5: 5, 41: 1, 26: 3, 38: 4, 24: 4, 32: 2, 33: 1, 47: 1, 30: 1, 18: 1, 21: 1, 0: 1, 28: 1, 27: 2, 31: 1, 44: 1, 13: 1}","[443, 2795, 3466, 502, 4110, 3670, 4819, 52, 2616, 126, 74, 1222, 4973, 37, 4996, 5418, 3608, 1426, 555, 5214, 3682, 3864, 1933, 1368, 4844, 56, 1724, 2601, 2098, 144, 2930, 2988, 2672, 5111, 4791, 4839, 1144, 3334, 276, 2956, 1963, 3169, 2415, 1868, 2363, 547, 1671, 1485, 4577, 2147]",406,50,2,False,50
127,numeric period,numeric date,39,True,False,True,"{8: 1, 35: 8, 39: 3, 42: 1, 29: 6, 5: 5, 41: 1, 26: 3, 38: 4, 24: 4, 32: 2, 33: 1, 47: 1, 30: 1, 18: 1, 21: 1, 0: 1, 28: 1, 27: 2, 31: 1, 44: 1, 13: 1}","[443, 2795, 3466, 502, 4110, 3670, 4819, 52, 2616, 126, 74, 1222, 4973, 37, 4996, 5418, 3608, 1426, 555, 5214, 3682, 3864, 1933, 1368, 4844, 56, 1724, 2601, 2098, 144, 2930, 2988, 2672, 5111, 4791, 4839, 1144, 3334, 276, 2956, 1963, 3169, 2415, 1868, 2363, 547, 1671, 1485, 4577, 2147]",127,50,2,False,50
50,description definition,description definition,24,True,True,True,"{8: 1, 35: 8, 39: 3, 42: 1, 29: 6, 5: 5, 41: 1, 26: 3, 38: 4, 24: 4, 32: 2, 33: 1, 47: 1, 30: 1, 18: 1, 21: 1, 0: 1, 28: 1, 27: 2, 31: 1, 44: 1, 13: 1}","[443, 2795, 3466, 502, 4110, 3670, 4819, 52, 2616, 126, 74, 1222, 4973, 37, 4996, 5418, 3608, 1426, 555, 5214, 3682, 3864, 1933, 1368, 4844, 56, 1724, 2601, 2098, 144, 2930, 2988, 2672, 5111, 4791, 4839, 1144, 3334, 276, 2956, 1963, 3169, 2415, 1868, 2363, 547, 1671, 1485, 4577, 2147]",50,50,2,False,50
253,entity creation,entity subst,18,True,False,True,"{8: 1, 35: 8, 39: 3, 42: 1, 29: 6, 5: 5, 41: 1, 26: 3, 38: 4, 24: 4, 32: 2, 33: 1, 47: 1, 30: 1, 18: 1, 21: 1, 0: 1, 28: 1, 27: 2, 31: 1, 44: 1, 13: 1}","[443, 2795, 3466, 502, 4110, 3670, 4819, 52, 2616, 126, 74, 1222, 4973, 37, 4996, 5418, 3608, 1426, 555, 5214, 3682, 3864, 1933, 1368, 4844, 56, 1724, 2601, 2098, 144, 2930, 2988, 2672, 5111, 4791, 4839, 1144, 3334, 276, 2956, 1963, 3169, 2415, 1868, 2363, 547, 1671, 1485, 4577, 2147]",253,50,2,False,50
262,numeric count,numeric count,38,True,True,True,"{8: 1, 35: 8, 39: 3, 42: 1, 29: 6, 5: 5, 41: 1, 26: 3, 38: 4, 24: 4, 32: 2, 33: 1, 47: 1, 30: 1, 18: 1, 21: 1, 0: 1, 28: 1, 27: 2, 31: 1, 44: 1, 13: 1}","[443, 2795, 3466, 502, 4110, 3670, 4819, 52, 2616, 126, 74, 1222, 4973, 37, 4996, 5418, 3608, 1426, 555, 5214, 3682, 3864, 1933, 1368, 4844, 56, 1724, 2601, 2098, 144, 2930, 2988, 2672, 5111, 4791, 4839, 1144, 3334, 276, 2956, 1963, 3169, 2415, 1868, 2363, 547, 1671, 1485, 4577, 2147]",262,50,2,False,50
41,entity substance,description definition,24,True,False,False,"{8: 1, 35: 8, 39: 3, 42: 1, 29: 6, 5: 5, 41: 1, 26: 3, 38: 4, 24: 4, 32: 2, 33: 1, 47: 1, 30: 1, 18: 1, 21: 1, 0: 1, 28: 1, 27: 2, 31: 1, 44: 1, 13: 1}","[443, 2795, 3466, 502, 4110, 3670, 4819, 52, 2616, 126, 74, 1222, 4973, 37, 4996, 5418, 3608, 1426, 555, 5214, 3682, 3864, 1933, 1368, 4844, 56, 1724, 2601, 2098, 144, 2930, 2988, 2672, 5111, 4791, 4839, 1144, 3334, 276, 2956, 1963, 3169, 2415, 1868, 2363, 547, 1671, 1485, 4577, 2147]",41,50,2,False,50
106,numeric temperature,numeric temperature,47,True,True,True,"{8: 1, 35: 8, 39: 3, 42: 1, 29: 6, 5: 5, 41: 1, 26: 3, 38: 4, 24: 4, 32: 2, 33: 1, 47: 1, 30: 1, 18: 1, 21: 1, 0: 1, 28: 1, 27: 2, 31: 1, 44: 1, 13: 1}","[443, 2795, 3466, 502, 4110, 3670, 4819, 52, 2616, 126, 74, 1222, 4973, 37, 4996, 5418, 3608, 1426, 555, 5214, 3682, 3864, 1933, 1368, 4844, 56, 1724, 2601, 2098, 144, 2930, 2988, 2672, 5111, 4791, 4839, 1144, 3334, 276, 2956, 1963, 3169, 2415, 1868, 2363, 547, 1671, 1485, 4577, 2147]",106,50,2,False,50
72,location city,location city,32,True,True,True,"{8: 1, 35: 8, 39: 3, 42: 1, 29: 6, 5: 5, 41: 1, 26: 3, 38: 4, 24: 4, 32: 2, 33: 1, 47: 1, 30: 1, 18: 1, 21: 1, 0: 1, 28: 1, 27: 2, 31: 1, 44: 1, 13: 1}","[443, 2795, 3466, 502, 4110, 3670, 4819, 52, 2616, 126, 74, 1222, 4973, 37, 4996, 5418, 3608, 1426, 555, 5214, 3682, 3864, 1933, 1368, 4844, 56, 1724, 2601, 2098, 144, 2930, 2988, 2672, 5111, 4791, 4839, 1144, 3334, 276, 2956, 1963, 3169, 2415, 1868, 2363, 547, 1671, 1485, 4577, 2147]",72,50,2,False,50
274,entity other,description definition,24,True,False,True,"{8: 1, 35: 8, 39: 3, 42: 1, 29: 6, 5: 5, 41: 1, 26: 3, 38: 4, 24: 4, 32: 2, 33: 1, 47: 1, 30: 1, 18: 1, 21: 1, 0: 1, 28: 1, 27: 2, 31: 1, 44: 1, 13: 1}","[443, 2795, 3466, 502, 4110, 3670, 4819, 52, 2616, 126, 74, 1222, 4973, 37, 4996, 5418, 3608, 1426, 555, 5214, 3682, 3864, 1933, 1368, 4844, 56, 1724, 2601, 2098, 144, 2930, 2988, 2672, 5111, 4791, 4839, 1144, 3334, 276, 2956, 1963, 3169, 2415, 1868, 2363, 547, 1671, 1485, 4577, 2147]",274,50,2,False,50
367,entity color,entity color,4,False,True,False,"{8: 1, 35: 8, 39: 3, 42: 1, 29: 6, 5: 5, 41: 1, 26: 3, 38: 4, 24: 4, 32: 2, 33: 1, 47: 1, 30: 1, 18: 1, 21: 1, 0: 1, 28: 1, 27: 2, 31: 1, 44: 1, 13: 1}","[443, 2795, 3466, 502, 4110, 3670, 4819, 52, 2616, 126, 74, 1222, 4973, 37, 4996, 5418, 3608, 1426, 555, 5214, 3682, 3864, 1933, 1368, 4844, 56, 1724, 2601, 2098, 144, 2930, 2988, 2672, 5111, 4791, 4839, 1144, 3334, 276, 2956, 1963, 3169, 2415, 1868, 2363, 547, 1671, 1485, 4577, 2147]",367,50,2,False,50
180,location other,location other,35,True,True,True,"{8: 1, 35: 8, 39: 3, 42: 1, 29: 6, 5: 5, 41: 1, 26: 3, 38: 4, 24: 4, 32: 2, 33: 1, 47: 1, 30: 1, 18: 1, 21: 1, 0: 1, 28: 1, 27: 2, 31: 1, 44: 1, 13: 1}","[443, 2795, 3466, 502, 4110, 3670, 4819, 52, 2616, 126, 74, 1222, 4973, 37, 4996, 5418, 3608, 1426, 555, 5214, 3682, 3864, 1933, 1368, 4844, 56, 1724, 2601, 2098, 144, 2930, 2988, 2672, 5111, 4791, 4839, 1144, 3334, 276, 2956, 1963, 3169, 2415, 1868, 2363, 547, 1671, 1485, 4577, 2147]",180,50,2,False,50
95,location other,location other,35,True,True,True,"{8: 1, 35: 8, 39: 3, 42: 1, 29: 6, 5: 5, 41: 1, 26: 3, 38: 4, 24: 4, 32: 2, 33: 1, 47: 1, 30: 1, 18: 1, 21: 1, 0: 1, 28: 1, 27: 2, 31: 1, 44: 1, 13: 1}","[443, 2795, 3466, 502, 4110, 3670, 4819, 52, 2616, 126, 74, 1222, 4973, 37, 4996, 5418, 3608, 1426, 555, 5214, 3682, 3864, 1933, 1368, 4844, 56, 1724, 2601, 2098, 144, 2930, 2988, 2672, 5111, 4791, 4839, 1144, 3334, 276, 2956, 1963, 3169, 2415, 1868, 2363, 547, 1671, 1485, 4577, 2147]",95,50,2,False,50
30,numeric speed,numeric speed,46,False,True,False,"{8: 1, 35: 8, 39: 3, 42: 1, 29: 6, 5: 5, 41: 1, 26: 3, 38: 4, 24: 4, 32: 2, 33: 1, 47: 1, 30: 1, 18: 1, 21: 1, 0: 1, 28: 1, 27: 2, 31: 1, 44: 1, 13: 1}","[443, 2795, 3466, 502, 4110, 3670, 4819, 52, 2616, 126, 74, 1222, 4973, 37, 4996, 5418, 3608, 1426, 555, 5214, 3682, 3864, 1933, 1368, 4844, 56, 1724, 2601, 2098, 144, 2930, 2988, 2672, 5111, 4791, 4839, 1144, 3334, 276, 2956, 1963, 3169, 2415, 1868, 2363, 547, 1671, 1485, 4577, 2147]",30,50,2,False,50
0,numeric distance,numeric distance,40,False,True,False,"{8: 1, 35: 8, 39: 3, 42: 1, 29: 6, 5: 5, 41: 1, 26: 3, 38: 4, 24: 4, 32: 2, 33: 1, 47: 1, 30: 1, 18: 1, 21: 1, 0: 1, 28: 1, 27: 2, 31: 1, 44: 1, 13: 1}","[443, 2795, 3466, 502, 4110, 3670, 4819, 52, 2616, 126, 74, 1222, 4973, 37, 4996, 5418, 3608, 1426, 555, 5214, 3682, 3864, 1933, 1368, 4844, 56, 1724, 2601, 2098, 144, 2930, 2988, 2672, 5111, 4791, 4839, 1144, 3334, 276, 2956, 1963, 3169, 2415, 1868, 2363, 547, 1671, 1485, 4577, 2147]",0,50,2,False,50
227,description definition,description description,25,False,False,True,"{8: 1, 35: 8, 39: 3, 42: 1, 29: 6, 5: 5, 41: 1, 26: 3, 38: 4, 24: 4, 32: 2, 33: 1, 47: 1, 30: 1, 18: 1, 21: 1, 0: 1, 28: 1, 27: 2, 31: 1, 44: 1, 13: 1}","[443, 2795, 3466, 502, 4110, 3670, 4819, 52, 2616, 126, 74, 1222, 4973, 37, 4996, 5418, 3608, 1426, 555, 5214, 3682, 3864, 1933, 1368, 4844, 56, 1724, 2601, 2098, 144, 2930, 2988, 2672, 5111, 4791, 4839, 1144, 3334, 276, 2956, 1963, 3169, 2415, 1868, 2363, 547, 1671, 1485, 4577, 2147]",227,50,2,False,50
333,entity creation,entity vehicle,22,False,False,True,"{8: 1, 35: 8, 39: 3, 42: 1, 29: 6, 5: 5, 41: 1, 26: 3, 38: 4, 24: 4, 32: 2, 33: 1, 47: 1, 30: 1, 18: 1, 21: 1, 0: 1, 28: 1, 27: 2, 31: 1, 44: 1, 13: 1}","[443, 2795, 3466, 502, 4110, 3670, 4819, 52, 2616, 126, 74, 1222, 4973, 37, 4996, 5418, 3608, 1426, 555, 5214, 3682, 3864, 1933, 1368, 4844, 56, 1724, 2601, 2098, 144, 2930, 2988, 2672, 5111, 4791, 4839, 1144, 3334, 276, 2956, 1963, 3169, 2415, 1868, 2363, 547, 1671, 1485, 4577, 2147]",333,50,2,False,50
218,numeric count,numeric count,38,True,True,True,"{8: 1, 35: 8, 39: 3, 42: 1, 29: 6, 5: 5, 41: 1, 26: 3, 38: 4, 24: 4, 32: 2, 33: 1, 47: 1, 30: 1, 18: 1, 21: 1, 0: 1, 28: 1, 27: 2, 31: 1, 44: 1, 13: 1}","[443, 2795, 3466, 502, 4110, 3670, 4819, 52, 2616, 126, 74, 1222, 4973, 37, 4996, 5418, 3608, 1426, 555, 5214, 3682, 3864, 1933, 1368, 4844, 56, 1724, 2601, 2098, 144, 2930, 2988, 2672, 5111, 4791, 4839, 1144, 3334, 276, 2956, 1963, 3169, 2415, 1868, 2363, 547, 1671, 1485, 4577, 2147]",218,50,2,False,50
225,entity substance,entity subst,18,True,True,False,"{8: 1, 35: 8, 39: 3, 42: 1, 29: 6, 5: 5, 41: 1, 26: 3, 38: 4, 24: 4, 32: 2, 33: 1, 47: 1, 30: 1, 18: 1, 21: 1, 0: 1, 28: 1, 27: 2, 31: 1, 44: 1, 13: 1}","[443, 2795, 3466, 502, 4110, 3670, 4819, 52, 2616, 126, 74, 1222, 4973, 37, 4996, 5418, 3608, 1426, 555, 5214, 3682, 3864, 1933, 1368, 4844, 56, 1724, 2601, 2098, 144, 2930, 2988, 2672, 5111, 4791, 4839, 1144, 3334, 276, 2956, 1963, 3169, 2415, 1868, 2363, 547, 1671, 1485, 4577, 2147]",225,50,2,False,50
460,human group,human group,28,True,True,True,"{8: 1, 35: 8, 39: 3, 42: 1, 29: 6, 5: 5, 41: 1, 26: 3, 38: 4, 24: 4, 32: 2, 33: 1, 47: 1, 30: 1, 18: 1, 21: 1, 0: 1, 28: 1, 27: 2, 31: 1, 44: 1, 13: 1}","[443, 2795, 3466, 502, 4110, 3670, 4819, 52, 2616, 126, 74, 1222, 4973, 37, 4996, 5418, 3608, 1426, 555, 5214, 3682, 3864, 1933, 1368, 4844, 56, 1724, 2601, 2098, 144, 2930, 2988, 2672, 5111, 4791, 4839, 1144, 3334, 276, 2956, 1963, 3169, 2415, 1868, 2363, 547, 1671, 1485, 4577, 2147]",460,50,2,False,50
36,location other,location other,35,True,True,True,"{8: 1, 35: 8, 39: 3, 42: 1, 29: 6, 5: 5, 41: 1, 26: 3, 38: 4, 24: 4, 32: 2, 33: 1, 47: 1, 30: 1, 18: 1, 21: 1, 0: 1, 28: 1, 27: 2, 31: 1, 44: 1, 13: 1}","[443, 2795, 3466, 502, 4110, 3670, 4819, 52, 2616, 126, 74, 1222, 4973, 37, 4996, 5418, 3608, 1426, 555, 5214, 3682, 3864, 1933, 1368, 4844, 56, 1724, 2601, 2098, 144, 2930, 2988, 2672, 5111, 4791, 4839, 1144, 3334, 276, 2956, 1963, 3169, 2415, 1868, 2363, 547, 1671, 1485, 4577, 2147]",36,50,2,False,50
461,location other,entity animal,2,False,False,True,"{8: 1, 35: 8, 39: 3, 42: 1, 29: 6, 5: 5, 41: 1, 26: 3, 38: 4, 24: 4, 32: 2, 33: 1, 47: 1, 30: 1, 18: 1, 21: 1, 0: 1, 28: 1, 27: 2, 31: 1, 44: 1, 13: 1}","[443, 2795, 3466, 502, 4110, 3670, 4819, 52, 2616, 126, 74, 1222, 4973, 37, 4996, 5418, 3608, 1426, 555, 5214, 3682, 3864, 1933, 1368, 4844, 56, 1724, 2601, 2098, 144, 2930, 2988, 2672, 5111, 4791, 4839, 1144, 3334, 276, 2956, 1963, 3169, 2415, 1868, 2363, 547, 1671, 1485, 4577, 2147]",461,50,2,False,50
232,entity substance,description definition,24,True,False,False,"{8: 1, 35: 8, 39: 3, 42: 1, 29: 6, 5: 5, 41: 1, 26: 3, 38: 4, 24: 4, 32: 2, 33: 1, 47: 1, 30: 1, 18: 1, 21: 1, 0: 1, 28: 1, 27: 2, 31: 1, 44: 1, 13: 1}","[443, 2795, 3466, 502, 4110, 3670, 4819, 52, 2616, 126, 74, 1222, 4973, 37, 4996, 5418, 3608, 1426, 555, 5214, 3682, 3864, 1933, 1368, 4844, 56, 1724, 2601, 2098, 144, 2930, 2988, 2672, 5111, 4791, 4839, 1144, 3334, 276, 2956, 1963, 3169, 2415, 1868, 2363, 547, 1671, 1485, 4577, 2147]",232,50,2,False,50
290,location city,location city,32,True,True,True,"{8: 1, 35: 8, 39: 3, 42: 1, 29: 6, 5: 5, 41: 1, 26: 3, 38: 4, 24: 4, 32: 2, 33: 1, 47: 1, 30: 1, 18: 1, 21: 1, 0: 1, 28: 1, 27: 2, 31: 1, 44: 1, 13: 1}","[443, 2795, 3466, 502, 4110, 3670, 4819, 52, 2616, 126, 74, 1222, 4973, 37, 4996, 5418, 3608, 1426, 555, 5214, 3682, 3864, 1933, 1368, 4844, 56, 1724, 2601, 2098, 144, 2930, 2988, 2672, 5111, 4791, 4839, 1144, 3334, 276, 2956, 1963, 3169, 2415, 1868, 2363, 547, 1671, 1485, 4577, 2147]",290,50,2,False,50
363,numeric count,numeric other,43,False,False,True,"{8: 1, 35: 8, 39: 3, 42: 1, 29: 6, 5: 5, 41: 1, 26: 3, 38: 4, 24: 4, 32: 2, 33: 1, 47: 1, 30: 1, 18: 1, 21: 1, 0: 1, 28: 1, 27: 2, 31: 1, 44: 1, 13: 1}","[443, 2795, 3466, 502, 4110, 3670, 4819, 52, 2616, 126, 74, 1222, 4973, 37, 4996, 5418, 3608, 1426, 555, 5214, 3682, 3864, 1933, 1368, 4844, 56, 1724, 2601, 2098, 144, 2930, 2988, 2672, 5111, 4791, 4839, 1144, 3334, 276, 2956, 1963, 3169, 2415, 1868, 2363, 547, 1671, 1485, 4577, 2147]",363,50,2,False,50
22,location other,location other,35,True,True,True,"{8: 1, 35: 8, 39: 3, 42: 1, 29: 6, 5: 5, 41: 1, 26: 3, 38: 4, 24: 4, 32: 2, 33: 1, 47: 1, 30: 1, 18: 1, 21: 1, 0: 1, 28: 1, 27: 2, 31: 1, 44: 1, 13: 1}","[443, 2795, 3466, 502, 4110, 3670, 4819, 52, 2616, 126, 74, 1222, 4973, 37, 4996, 5418, 3608, 1426, 555, 5214, 3682, 3864, 1933, 1368, 4844, 56, 1724, 2601, 2098, 144, 2930, 2988, 2672, 5111, 4791, 4839, 1144, 3334, 276, 2956, 1963, 3169, 2415, 1868, 2363, 547, 1671, 1485, 4577, 2147]",22,50,2,False,50
397,numeric money,numeric other,43,False,False,True,"{8: 1, 35: 8, 39: 3, 42: 1, 29: 6, 5: 5, 41: 1, 26: 3, 38: 4, 24: 4, 32: 2, 33: 1, 47: 1, 30: 1, 18: 1, 21: 1, 0: 1, 28: 1, 27: 2, 31: 1, 44: 1, 13: 1}","[443, 2795, 3466, 502, 4110, 3670, 4819, 52, 2616, 126, 74, 1222, 4973, 37, 4996, 5418, 3608, 1426, 555, 5214, 3682, 3864, 1933, 1368, 4844, 56, 1724, 2601, 2098, 144, 2930, 2988, 2672, 5111, 4791, 4839, 1144, 3334, 276, 2956, 1963, 3169, 2415, 1868, 2363, 547, 1671, 1485, 4577, 2147]",397,50,2,False,50
186,human individual,human individual,29,True,True,True,"{8: 1, 35: 8, 39: 3, 42: 1, 29: 6, 5: 5, 41: 1, 26: 3, 38: 4, 24: 4, 32: 2, 33: 1, 47: 1, 30: 1, 18: 1, 21: 1, 0: 1, 28: 1, 27: 2, 31: 1, 44: 1, 13: 1}","[443, 2795, 3466, 502, 4110, 3670, 4819, 52, 2616, 126, 74, 1222, 4973, 37, 4996, 5418, 3608, 1426, 555, 5214, 3682, 3864, 1933, 1368, 4844, 56, 1724, 2601, 2098, 144, 2930, 2988, 2672, 5111, 4791, 4839, 1144, 3334, 276, 2956, 1963, 3169, 2415, 1868, 2363, 547, 1671, 1485, 4577, 2147]",186,50,2,False,50
499,entity other,description definition,24,True,False,True,"{8: 1, 35: 8, 39: 3, 42: 1, 29: 6, 5: 5, 41: 1, 26: 3, 38: 4, 24: 4, 32: 2, 33: 1, 47: 1, 30: 1, 18: 1, 21: 1, 0: 1, 28: 1, 27: 2, 31: 1, 44: 1, 13: 1}","[443, 2795, 3466, 502, 4110, 3670, 4819, 52, 2616, 126, 74, 1222, 4973, 37, 4996, 5418, 3608, 1426, 555, 5214, 3682, 3864, 1933, 1368, 4844, 56, 1724, 2601, 2098, 144, 2930, 2988, 2672, 5111, 4791, 4839, 1144, 3334, 276, 2956, 1963, 3169, 2415, 1868, 2363, 547, 1671, 1485, 4577, 2147]",499,50,2,False,50
26,entity substance,description definition,24,True,False,False,"{8: 1, 35: 8, 39: 3, 42: 1, 29: 6, 5: 5, 41: 1, 26: 3, 38: 4, 24: 4, 32: 2, 33: 1, 47: 1, 30: 1, 18: 1, 21: 1, 0: 1, 28: 1, 27: 2, 31: 1, 44: 1, 13: 1}","[443, 2795, 3466, 502, 4110, 3670, 4819, 52, 2616, 126, 74, 1222, 4973, 37, 4996, 5418, 3608, 1426, 555, 5214, 3682, 3864, 1933, 1368, 4844, 56, 1724, 2601, 2098, 144, 2930, 2988, 2672, 5111, 4791, 4839, 1144, 3334, 276, 2956, 1963, 3169, 2415, 1868, 2363, 547, 1671, 1485, 4577, 2147]",26,50,2,False,50
246,description definition,description definition,24,True,True,True,"{8: 1, 35: 8, 39: 3, 42: 1, 29: 6, 5: 5, 41: 1, 26: 3, 38: 4, 24: 4, 32: 2, 33: 1, 47: 1, 30: 1, 18: 1, 21: 1, 0: 1, 28: 1, 27: 2, 31: 1, 44: 1, 13: 1}","[443, 2795, 3466, 502, 4110, 3670, 4819, 52, 2616, 126, 74, 1222, 4973, 37, 4996, 5418, 3608, 1426, 555, 5214, 3682, 3864, 1933, 1368, 4844, 56, 1724, 2601, 2098, 144, 2930, 2988, 2672, 5111, 4791, 4839, 1144, 3334, 276, 2956, 1963, 3169, 2415, 1868, 2363, 547, 1671, 1485, 4577, 2147]",246,50,2,False,50
355,human individual,human individual,29,True,True,True,"{8: 1, 35: 8, 39: 3, 42: 1, 29: 6, 5: 5, 41: 1, 26: 3, 38: 4, 24: 4, 32: 2, 33: 1, 47: 1, 30: 1, 18: 1, 21: 1, 0: 1, 28: 1, 27: 2, 31: 1, 44: 1, 13: 1}","[443, 2795, 3466, 502, 4110, 3670, 4819, 52, 2616, 126, 74, 1222, 4973, 37, 4996, 5418, 3608, 1426, 555, 5214, 3682, 3864, 1933, 1368, 4844, 56, 1724, 2601, 2098, 144, 2930, 2988, 2672, 5111, 4791, 4839, 1144, 3334, 276, 2956, 1963, 3169, 2415, 1868, 2363, 547, 1671, 1485, 4577, 2147]",355,50,2,False,50
214,description definition,description definition,24,True,True,True,"{8: 1, 35: 8, 39: 3, 42: 1, 29: 6, 5: 5, 41: 1, 26: 3, 38: 4, 24: 4, 32: 2, 33: 1, 47: 1, 30: 1, 18: 1, 21: 1, 0: 1, 28: 1, 27: 2, 31: 1, 44: 1, 13: 1}","[443, 2795, 3466, 502, 4110, 3670, 4819, 52, 2616, 126, 74, 1222, 4973, 37, 4996, 5418, 3608, 1426, 555, 5214, 3682, 3864, 1933, 1368, 4844, 56, 1724, 2601, 2098, 144, 2930, 2988, 2672, 5111, 4791, 4839, 1144, 3334, 276, 2956, 1963, 3169, 2415, 1868, 2363, 547, 1671, 1485, 4577, 2147]",214,50,2,False,50
196,location country,entity currency,6,False,False,True,"{8: 1, 35: 8, 39: 3, 42: 1, 29: 6, 5: 5, 41: 1, 26: 3, 38: 4, 24: 4, 32: 2, 33: 1, 47: 1, 30: 1, 18: 1, 21: 1, 0: 1, 28: 1, 27: 2, 31: 1, 44: 1, 13: 1}","[443, 2795, 3466, 502, 4110, 3670, 4819, 52, 2616, 126, 74, 1222, 4973, 37, 4996, 5418, 3608, 1426, 555, 5214, 3682, 3864, 1933, 1368, 4844, 56, 1724, 2601, 2098, 144, 2930, 2988, 2672, 5111, 4791, 4839, 1144, 3334, 276, 2956, 1963, 3169, 2415, 1868, 2363, 547, 1671, 1485, 4577, 2147]",196,50,2,False,50
212,location country,location state,36,False,False,True,"{8: 1, 35: 8, 39: 3, 42: 1, 29: 6, 5: 5, 41: 1, 26: 3, 38: 4, 24: 4, 32: 2, 33: 1, 47: 1, 30: 1, 18: 1, 21: 1, 0: 1, 28: 1, 27: 2, 31: 1, 44: 1, 13: 1}","[443, 2795, 3466, 502, 4110, 3670, 4819, 52, 2616, 126, 74, 1222, 4973, 37, 4996, 5418, 3608, 1426, 555, 5214, 3682, 3864, 1933, 1368, 4844, 56, 1724, 2601, 2098, 144, 2930, 2988, 2672, 5111, 4791, 4839, 1144, 3334, 276, 2956, 1963, 3169, 2415, 1868, 2363, 547, 1671, 1485, 4577, 2147]",212,50,2,False,50
120,numeric date,numeric date,39,True,True,True,"{8: 1, 35: 8, 39: 3, 42: 1, 29: 6, 5: 5, 41: 1, 26: 3, 38: 4, 24: 4, 32: 2, 33: 1, 47: 1, 30: 1, 18: 1, 21: 1, 0: 1, 28: 1, 27: 2, 31: 1, 44: 1, 13: 1}","[443, 2795, 3466, 502, 4110, 3670, 4819, 52, 2616, 126, 74, 1222, 4973, 37, 4996, 5418, 3608, 1426, 555, 5214, 3682, 3864, 1933, 1368, 4844, 56, 1724, 2601, 2098, 144, 2930, 2988, 2672, 5111, 4791, 4839, 1144, 3334, 276, 2956, 1963, 3169, 2415, 1868, 2363, 547, 1671, 1485, 4577, 2147]",120,50,2,False,50
365,numeric order,numeric distance,40,False,False,True,"{8: 1, 35: 8, 39: 3, 42: 1, 29: 6, 5: 5, 41: 1, 26: 3, 38: 4, 24: 4, 32: 2, 33: 1, 47: 1, 30: 1, 18: 1, 21: 1, 0: 1, 28: 1, 27: 2, 31: 1, 44: 1, 13: 1}","[443, 2795, 3466, 502, 4110, 3670, 4819, 52, 2616, 126, 74, 1222, 4973, 37, 4996, 5418, 3608, 1426, 555, 5214, 3682, 3864, 1933, 1368, 4844, 56, 1724, 2601, 2098, 144, 2930, 2988, 2672, 5111, 4791, 4839, 1144, 3334, 276, 2956, 1963, 3169, 2415, 1868, 2363, 547, 1671, 1485, 4577, 2147]",365,50,2,False,50
384,numeric count,numeric period,44,True,False,True,"{8: 1, 35: 8, 39: 3, 42: 1, 29: 6, 5: 5, 41: 1, 26: 3, 38: 4, 24: 4, 32: 2, 33: 1, 47: 1, 30: 1, 18: 1, 21: 1, 0: 1, 28: 1, 27: 2, 31: 1, 44: 1, 13: 1}","[443, 2795, 3466, 502, 4110, 3670, 4819, 52, 2616, 126, 74, 1222, 4973, 37, 4996, 5418, 3608, 1426, 555, 5214, 3682, 3864, 1933, 1368, 4844, 56, 1724, 2601, 2098, 144, 2930, 2988, 2672, 5111, 4791, 4839, 1144, 3334, 276, 2956, 1963, 3169, 2415, 1868, 2363, 547, 1671, 1485, 4577, 2147]",384,50,2,False,50
74,location city,location other,35,True,False,True,"{8: 1, 35: 8, 39: 3, 42: 1, 29: 6, 5: 5, 41: 1, 26: 3, 38: 4, 24: 4, 32: 2, 33: 1, 47: 1, 30: 1, 18: 1, 21: 1, 0: 1, 28: 1, 27: 2, 31: 1, 44: 1, 13: 1}","[443, 2795, 3466, 502, 4110, 3670, 4819, 52, 2616, 126, 74, 1222, 4973, 37, 4996, 5418, 3608, 1426, 555, 5214, 3682, 3864, 1933, 1368, 4844, 56, 1724, 2601, 2098, 144, 2930, 2988, 2672, 5111, 4791, 4839, 1144, 3334, 276, 2956, 1963, 3169, 2415, 1868, 2363, 547, 1671, 1485, 4577, 2147]",74,50,2,False,50
325,abbreviation abbreviation,abbreviation expansion,1,False,False,False,"{8: 1, 35: 8, 39: 3, 42: 1, 29: 6, 5: 5, 41: 1, 26: 3, 38: 4, 24: 4, 32: 2, 33: 1, 47: 1, 30: 1, 18: 1, 21: 1, 0: 1, 28: 1, 27: 2, 31: 1, 44: 1, 13: 1}","[443, 2795, 3466, 502, 4110, 3670, 4819, 52, 2616, 126, 74, 1222, 4973, 37, 4996, 5418, 3608, 1426, 555, 5214, 3682, 3864, 1933, 1368, 4844, 56, 1724, 2601, 2098, 144, 2930, 2988, 2672, 5111, 4791, 4839, 1144, 3334, 276, 2956, 1963, 3169, 2415, 1868, 2363, 547, 1671, 1485, 4577, 2147]",325,50,2,False,50
78,numeric weight,numeric weight,49,False,True,False,"{8: 1, 35: 8, 39: 3, 42: 1, 29: 6, 5: 5, 41: 1, 26: 3, 38: 4, 24: 4, 32: 2, 33: 1, 47: 1, 30: 1, 18: 1, 21: 1, 0: 1, 28: 1, 27: 2, 31: 1, 44: 1, 13: 1}","[443, 2795, 3466, 502, 4110, 3670, 4819, 52, 2616, 126, 74, 1222, 4973, 37, 4996, 5418, 3608, 1426, 555, 5214, 3682, 3864, 1933, 1368, 4844, 56, 1724, 2601, 2098, 144, 2930, 2988, 2672, 5111, 4791, 4839, 1144, 3334, 276, 2956, 1963, 3169, 2415, 1868, 2363, 547, 1671, 1485, 4577, 2147]",78,50,2,False,50
382,entity creation,entity subst,18,True,False,True,"{8: 1, 35: 8, 39: 3, 42: 1, 29: 6, 5: 5, 41: 1, 26: 3, 38: 4, 24: 4, 32: 2, 33: 1, 47: 1, 30: 1, 18: 1, 21: 1, 0: 1, 28: 1, 27: 2, 31: 1, 44: 1, 13: 1}","[443, 2795, 3466, 502, 4110, 3670, 4819, 52, 2616, 126, 74, 1222, 4973, 37, 4996, 5418, 3608, 1426, 555, 5214, 3682, 3864, 1933, 1368, 4844, 56, 1724, 2601, 2098, 144, 2930, 2988, 2672, 5111, 4791, 4839, 1144, 3334, 276, 2956, 1963, 3169, 2415, 1868, 2363, 547, 1671, 1485, 4577, 2147]",382,50,2,False,50
140,description manner,description definition,24,True,False,True,"{8: 1, 35: 8, 39: 3, 42: 1, 29: 6, 5: 5, 41: 1, 26: 3, 38: 4, 24: 4, 32: 2, 33: 1, 47: 1, 30: 1, 18: 1, 21: 1, 0: 1, 28: 1, 27: 2, 31: 1, 44: 1, 13: 1}","[443, 2795, 3466, 502, 4110, 3670, 4819, 52, 2616, 126, 74, 1222, 4973, 37, 4996, 5418, 3608, 1426, 555, 5214, 3682, 3864, 1933, 1368, 4844, 56, 1724, 2601, 2098, 144, 2930, 2988, 2672, 5111, 4791, 4839, 1144, 3334, 276, 2956, 1963, 3169, 2415, 1868, 2363, 547, 1671, 1485, 4577, 2147]",140,50,2,False,50
444,human individual,human individual,29,True,True,True,"{8: 1, 35: 8, 39: 3, 42: 1, 29: 6, 5: 5, 41: 1, 26: 3, 38: 4, 24: 4, 32: 2, 33: 1, 47: 1, 30: 1, 18: 1, 21: 1, 0: 1, 28: 1, 27: 2, 31: 1, 44: 1, 13: 1}","[443, 2795, 3466, 502, 4110, 3670, 4819, 52, 2616, 126, 74, 1222, 4973, 37, 4996, 5418, 3608, 1426, 555, 5214, 3682, 3864, 1933, 1368, 4844, 56, 1724, 2601, 2098, 144, 2930, 2988, 2672, 5111, 4791, 4839, 1144, 3334, 276, 2956, 1963, 3169, 2415, 1868, 2363, 547, 1671, 1485, 4577, 2147]",444,50,2,False,50
45,entity creation,entity animal,2,False,False,True,"{8: 1, 35: 8, 39: 3, 42: 1, 29: 6, 5: 5, 41: 1, 26: 3, 38: 4, 24: 4, 32: 2, 33: 1, 47: 1, 30: 1, 18: 1, 21: 1, 0: 1, 28: 1, 27: 2, 31: 1, 44: 1, 13: 1}","[443, 2795, 3466, 502, 4110, 3670, 4819, 52, 2616, 126, 74, 1222, 4973, 37, 4996, 5418, 3608, 1426, 555, 5214, 3682, 3864, 1933, 1368, 4844, 56, 1724, 2601, 2098, 144, 2930, 2988, 2672, 5111, 4791, 4839, 1144, 3334, 276, 2956, 1963, 3169, 2415, 1868, 2363, 547, 1671, 1485, 4577, 2147]",45,50,2,False,50
94,location other,human group,28,True,False,True,"{8: 1, 35: 8, 39: 3, 42: 1, 29: 6, 5: 5, 41: 1, 26: 3, 38: 4, 24: 4, 32: 2, 33: 1, 47: 1, 30: 1, 18: 1, 21: 1, 0: 1, 28: 1, 27: 2, 31: 1, 44: 1, 13: 1}","[443, 2795, 3466, 502, 4110, 3670, 4819, 52, 2616, 126, 74, 1222, 4973, 37, 4996, 5418, 3608, 1426, 555, 5214, 3682, 3864, 1933, 1368, 4844, 56, 1724, 2601, 2098, 144, 2930, 2988, 2672, 5111, 4791, 4839, 1144, 3334, 276, 2956, 1963, 3169, 2415, 1868, 2363, 547, 1671, 1485, 4577, 2147]",94,50,2,False,50
300,abbreviation abbreviation,abbreviation expansion,1,False,False,False,"{8: 1, 35: 8, 39: 3, 42: 1, 29: 6, 5: 5, 41: 1, 26: 3, 38: 4, 24: 4, 32: 2, 33: 1, 47: 1, 30: 1, 18: 1, 21: 1, 0: 1, 28: 1, 27: 2, 31: 1, 44: 1, 13: 1}","[443, 2795, 3466, 502, 4110, 3670, 4819, 52, 2616, 126, 74, 1222, 4973, 37, 4996, 5418, 3608, 1426, 555, 5214, 3682, 3864, 1933, 1368, 4844, 56, 1724, 2601, 2098, 144, 2930, 2988, 2672, 5111, 4791, 4839, 1144, 3334, 276, 2956, 1963, 3169, 2415, 1868, 2363, 547, 1671, 1485, 4577, 2147]",300,50,2,False,50
344,numeric count,numeric other,43,False,False,True,"{8: 1, 35: 8, 39: 3, 42: 1, 29: 6, 5: 5, 41: 1, 26: 3, 38: 4, 24: 4, 32: 2, 33: 1, 47: 1, 30: 1, 18: 1, 21: 1, 0: 1, 28: 1, 27: 2, 31: 1, 44: 1, 13: 1}","[443, 2795, 3466, 502, 4110, 3670, 4819, 52, 2616, 126, 74, 1222, 4973, 37, 4996, 5418, 3608, 1426, 555, 5214, 3682, 3864, 1933, 1368, 4844, 56, 1724, 2601, 2098, 144, 2930, 2988, 2672, 5111, 4791, 4839, 1144, 3334, 276, 2956, 1963, 3169, 2415, 1868, 2363, 547, 1671, 1485, 4577, 2147]",344,50,2,False,50
68,numeric date,numeric date,39,True,True,True,"{8: 1, 35: 8, 39: 3, 42: 1, 29: 6, 5: 5, 41: 1, 26: 3, 38: 4, 24: 4, 32: 2, 33: 1, 47: 1, 30: 1, 18: 1, 21: 1, 0: 1, 28: 1, 27: 2, 31: 1, 44: 1, 13: 1}","[443, 2795, 3466, 502, 4110, 3670, 4819, 52, 2616, 126, 74, 1222, 4973, 37, 4996, 5418, 3608, 1426, 555, 5214, 3682, 3864, 1933, 1368, 4844, 56, 1724, 2601, 2098, 144, 2930, 2988, 2672, 5111, 4791, 4839, 1144, 3334, 276, 2956, 1963, 3169, 2415, 1868, 2363, 547, 1671, 1485, 4577, 2147]",68,50,2,False,50
472,location country,entity currency,6,False,False,True,"{8: 1, 35: 8, 39: 3, 42: 1, 29: 6, 5: 5, 41: 1, 26: 3, 38: 4, 24: 4, 32: 2, 33: 1, 47: 1, 30: 1, 18: 1, 21: 1, 0: 1, 28: 1, 27: 2, 31: 1, 44: 1, 13: 1}","[443, 2795, 3466, 502, 4110, 3670, 4819, 52, 2616, 126, 74, 1222, 4973, 37, 4996, 5418, 3608, 1426, 555, 5214, 3682, 3864, 1933, 1368, 4844, 56, 1724, 2601, 2098, 144, 2930, 2988, 2672, 5111, 4791, 4839, 1144, 3334, 276, 2956, 1963, 3169, 2415, 1868, 2363, 547, 1671, 1485, 4577, 2147]",472,50,2,False,50
24,entity substance,description definition,24,True,False,False,"{8: 1, 35: 8, 39: 3, 42: 1, 29: 6, 5: 5, 41: 1, 26: 3, 38: 4, 24: 4, 32: 2, 33: 1, 47: 1, 30: 1, 18: 1, 21: 1, 0: 1, 28: 1, 27: 2, 31: 1, 44: 1, 13: 1}","[443, 2795, 3466, 502, 4110, 3670, 4819, 52, 2616, 126, 74, 1222, 4973, 37, 4996, 5418, 3608, 1426, 555, 5214, 3682, 3864, 1933, 1368, 4844, 56, 1724, 2601, 2098, 144, 2930, 2988, 2672, 5111, 4791, 4839, 1144, 3334, 276, 2956, 1963, 3169, 2415, 1868, 2363, 547, 1671, 1485, 4577, 2147]",24,50,2,False,50
427,location other,location other,35,True,True,True,"{8: 1, 35: 8, 39: 3, 42: 1, 29: 6, 5: 5, 41: 1, 26: 3, 38: 4, 24: 4, 32: 2, 33: 1, 47: 1, 30: 1, 18: 1, 21: 1, 0: 1, 28: 1, 27: 2, 31: 1, 44: 1, 13: 1}","[443, 2795, 3466, 502, 4110, 3670, 4819, 52, 2616, 126, 74, 1222, 4973, 37, 4996, 5418, 3608, 1426, 555, 5214, 3682, 3864, 1933, 1368, 4844, 56, 1724, 2601, 2098, 144, 2930, 2988, 2672, 5111, 4791, 4839, 1144, 3334, 276, 2956, 1963, 3169, 2415, 1868, 2363, 547, 1671, 1485, 4577, 2147]",427,50,2,False,50
474,entity substance,entity other,13,True,False,False,"{8: 1, 35: 8, 39: 3, 42: 1, 29: 6, 5: 5, 41: 1, 26: 3, 38: 4, 24: 4, 32: 2, 33: 1, 47: 1, 30: 1, 18: 1, 21: 1, 0: 1, 28: 1, 27: 2, 31: 1, 44: 1, 13: 1}","[443, 2795, 3466, 502, 4110, 3670, 4819, 52, 2616, 126, 74, 1222, 4973, 37, 4996, 5418, 3608, 1426, 555, 5214, 3682, 3864, 1933, 1368, 4844, 56, 1724, 2601, 2098, 144, 2930, 2988, 2672, 5111, 4791, 4839, 1144, 3334, 276, 2956, 1963, 3169, 2415, 1868, 2363, 547, 1671, 1485, 4577, 2147]",474,50,2,False,50
312,numeric count,numeric count,38,True,True,True,"{8: 1, 35: 8, 39: 3, 42: 1, 29: 6, 5: 5, 41: 1, 26: 3, 38: 4, 24: 4, 32: 2, 33: 1, 47: 1, 30: 1, 18: 1, 21: 1, 0: 1, 28: 1, 27: 2, 31: 1, 44: 1, 13: 1}","[443, 2795, 3466, 502, 4110, 3670, 4819, 52, 2616, 126, 74, 1222, 4973, 37, 4996, 5418, 3608, 1426, 555, 5214, 3682, 3864, 1933, 1368, 4844, 56, 1724, 2601, 2098, 144, 2930, 2988, 2672, 5111, 4791, 4839, 1144, 3334, 276, 2956, 1963, 3169, 2415, 1868, 2363, 547, 1671, 1485, 4577, 2147]",312,50,2,False,50
315,description definition,description definition,24,True,True,True,"{8: 1, 35: 8, 39: 3, 42: 1, 29: 6, 5: 5, 41: 1, 26: 3, 38: 4, 24: 4, 32: 2, 33: 1, 47: 1, 30: 1, 18: 1, 21: 1, 0: 1, 28: 1, 27: 2, 31: 1, 44: 1, 13: 1}","[443, 2795, 3466, 502, 4110, 3670, 4819, 52, 2616, 126, 74, 1222, 4973, 37, 4996, 5418, 3608, 1426, 555, 5214, 3682, 3864, 1933, 1368, 4844, 56, 1724, 2601, 2098, 144, 2930, 2988, 2672, 5111, 4791, 4839, 1144, 3334, 276, 2956, 1963, 3169, 2415, 1868, 2363, 547, 1671, 1485, 4577, 2147]",315,50,2,False,50
138,entity creation,human title,30,True,False,True,"{8: 1, 35: 8, 39: 3, 42: 1, 29: 6, 5: 5, 41: 1, 26: 3, 38: 4, 24: 4, 32: 2, 33: 1, 47: 1, 30: 1, 18: 1, 21: 1, 0: 1, 28: 1, 27: 2, 31: 1, 44: 1, 13: 1}","[443, 2795, 3466, 502, 4110, 3670, 4819, 52, 2616, 126, 74, 1222, 4973, 37, 4996, 5418, 3608, 1426, 555, 5214, 3682, 3864, 1933, 1368, 4844, 56, 1724, 2601, 2098, 144, 2930, 2988, 2672, 5111, 4791, 4839, 1144, 3334, 276, 2956, 1963, 3169, 2415, 1868, 2363, 547, 1671, 1485, 4577, 2147]",138,50,2,False,50
297,numeric count,numeric period,44,True,False,True,"{8: 1, 35: 8, 39: 3, 42: 1, 29: 6, 5: 5, 41: 1, 26: 3, 38: 4, 24: 4, 32: 2, 33: 1, 47: 1, 30: 1, 18: 1, 21: 1, 0: 1, 28: 1, 27: 2, 31: 1, 44: 1, 13: 1}","[443, 2795, 3466, 502, 4110, 3670, 4819, 52, 2616, 126, 74, 1222, 4973, 37, 4996, 5418, 3608, 1426, 555, 5214, 3682, 3864, 1933, 1368, 4844, 56, 1724, 2601, 2098, 144, 2930, 2988, 2672, 5111, 4791, 4839, 1144, 3334, 276, 2956, 1963, 3169, 2415, 1868, 2363, 547, 1671, 1485, 4577, 2147]",297,50,2,False,50
255,entity creation,location other,35,True,False,True,"{8: 1, 35: 8, 39: 3, 42: 1, 29: 6, 5: 5, 41: 1, 26: 3, 38: 4, 24: 4, 32: 2, 33: 1, 47: 1, 30: 1, 18: 1, 21: 1, 0: 1, 28: 1, 27: 2, 31: 1, 44: 1, 13: 1}","[443, 2795, 3466, 502, 4110, 3670, 4819, 52, 2616, 126, 74, 1222, 4973, 37, 4996, 5418, 3608, 1426, 555, 5214, 3682, 3864, 1933, 1368, 4844, 56, 1724, 2601, 2098, 144, 2930, 2988, 2672, 5111, 4791, 4839, 1144, 3334, 276, 2956, 1963, 3169, 2415, 1868, 2363, 547, 1671, 1485, 4577, 2147]",255,50,2,False,50
166,numeric date,numeric date,39,True,True,True,"{8: 1, 35: 8, 39: 3, 42: 1, 29: 6, 5: 5, 41: 1, 26: 3, 38: 4, 24: 4, 32: 2, 33: 1, 47: 1, 30: 1, 18: 1, 21: 1, 0: 1, 28: 1, 27: 2, 31: 1, 44: 1, 13: 1}","[443, 2795, 3466, 502, 4110, 3670, 4819, 52, 2616, 126, 74, 1222, 4973, 37, 4996, 5418, 3608, 1426, 555, 5214, 3682, 3864, 1933, 1368, 4844, 56, 1724, 2601, 2098, 144, 2930, 2988, 2672, 5111, 4791, 4839, 1144, 3334, 276, 2956, 1963, 3169, 2415, 1868, 2363, 547, 1671, 1485, 4577, 2147]",166,50,2,False,50
6,entity creation,human group,28,True,False,True,"{8: 1, 35: 8, 39: 3, 42: 1, 29: 6, 5: 5, 41: 1, 26: 3, 38: 4, 24: 4, 32: 2, 33: 1, 47: 1, 30: 1, 18: 1, 21: 1, 0: 1, 28: 1, 27: 2, 31: 1, 44: 1, 13: 1}","[443, 2795, 3466, 502, 4110, 3670, 4819, 52, 2616, 126, 74, 1222, 4973, 37, 4996, 5418, 3608, 1426, 555, 5214, 3682, 3864, 1933, 1368, 4844, 56, 1724, 2601, 2098, 144, 2930, 2988, 2672, 5111, 4791, 4839, 1144, 3334, 276, 2956, 1963, 3169, 2415, 1868, 2363, 547, 1671, 1485, 4577, 2147]",6,50,2,False,50
248,description manner,description description,25,False,False,True,"{8: 1, 35: 8, 39: 3, 42: 1, 29: 6, 5: 5, 41: 1, 26: 3, 38: 4, 24: 4, 32: 2, 33: 1, 47: 1, 30: 1, 18: 1, 21: 1, 0: 1, 28: 1, 27: 2, 31: 1, 44: 1, 13: 1}","[443, 2795, 3466, 502, 4110, 3670, 4819, 52, 2616, 126, 74, 1222, 4973, 37, 4996, 5418, 3608, 1426, 555, 5214, 3682, 3864, 1933, 1368, 4844, 56, 1724, 2601, 2098, 144, 2930, 2988, 2672, 5111, 4791, 4839, 1144, 3334, 276, 2956, 1963, 3169, 2415, 1868, 2363, 547, 1671, 1485, 4577, 2147]",248,50,2,False,50
240,location other,location state,36,False,False,True,"{8: 1, 35: 8, 39: 3, 42: 1, 29: 6, 5: 5, 41: 1, 26: 3, 38: 4, 24: 4, 32: 2, 33: 1, 47: 1, 30: 1, 18: 1, 21: 1, 0: 1, 28: 1, 27: 2, 31: 1, 44: 1, 13: 1}","[443, 2795, 3466, 502, 4110, 3670, 4819, 52, 2616, 126, 74, 1222, 4973, 37, 4996, 5418, 3608, 1426, 555, 5214, 3682, 3864, 1933, 1368, 4844, 56, 1724, 2601, 2098, 144, 2930, 2988, 2672, 5111, 4791, 4839, 1144, 3334, 276, 2956, 1963, 3169, 2415, 1868, 2363, 547, 1671, 1485, 4577, 2147]",240,50,2,False,50
299,entity color,entity color,4,False,True,False,"{8: 1, 35: 8, 39: 3, 42: 1, 29: 6, 5: 5, 41: 1, 26: 3, 38: 4, 24: 4, 32: 2, 33: 1, 47: 1, 30: 1, 18: 1, 21: 1, 0: 1, 28: 1, 27: 2, 31: 1, 44: 1, 13: 1}","[443, 2795, 3466, 502, 4110, 3670, 4819, 52, 2616, 126, 74, 1222, 4973, 37, 4996, 5418, 3608, 1426, 555, 5214, 3682, 3864, 1933, 1368, 4844, 56, 1724, 2601, 2098, 144, 2930, 2988, 2672, 5111, 4791, 4839, 1144, 3334, 276, 2956, 1963, 3169, 2415, 1868, 2363, 547, 1671, 1485, 4577, 2147]",299,50,2,False,50
1,location other,location city,32,True,False,True,"{8: 1, 35: 8, 39: 3, 42: 1, 29: 6, 5: 5, 41: 1, 26: 3, 38: 4, 24: 4, 32: 2, 33: 1, 47: 1, 30: 1, 18: 1, 21: 1, 0: 1, 28: 1, 27: 2, 31: 1, 44: 1, 13: 1}","[443, 2795, 3466, 502, 4110, 3670, 4819, 52, 2616, 126, 74, 1222, 4973, 37, 4996, 5418, 3608, 1426, 555, 5214, 3682, 3864, 1933, 1368, 4844, 56, 1724, 2601, 2098, 144, 2930, 2988, 2672, 5111, 4791, 4839, 1144, 3334, 276, 2956, 1963, 3169, 2415, 1868, 2363, 547, 1671, 1485, 4577, 2147]",1,50,2,False,50
403,abbreviation abbreviation,abbreviation expansion,1,False,False,False,"{8: 1, 35: 8, 39: 3, 42: 1, 29: 6, 5: 5, 41: 1, 26: 3, 38: 4, 24: 4, 32: 2, 33: 1, 47: 1, 30: 1, 18: 1, 21: 1, 0: 1, 28: 1, 27: 2, 31: 1, 44: 1, 13: 1}","[443, 2795, 3466, 502, 4110, 3670, 4819, 52, 2616, 126, 74, 1222, 4973, 37, 4996, 5418, 3608, 1426, 555, 5214, 3682, 3864, 1933, 1368, 4844, 56, 1724, 2601, 2098, 144, 2930, 2988, 2672, 5111, 4791, 4839, 1144, 3334, 276, 2956, 1963, 3169, 2415, 1868, 2363, 547, 1671, 1485, 4577, 2147]",403,50,2,False,50
316,human individual,human individual,29,True,True,True,"{8: 1, 35: 8, 39: 3, 42: 1, 29: 6, 5: 5, 41: 1, 26: 3, 38: 4, 24: 4, 32: 2, 33: 1, 47: 1, 30: 1, 18: 1, 21: 1, 0: 1, 28: 1, 27: 2, 31: 1, 44: 1, 13: 1}","[443, 2795, 3466, 502, 4110, 3670, 4819, 52, 2616, 126, 74, 1222, 4973, 37, 4996, 5418, 3608, 1426, 555, 5214, 3682, 3864, 1933, 1368, 4844, 56, 1724, 2601, 2098, 144, 2930, 2988, 2672, 5111, 4791, 4839, 1144, 3334, 276, 2956, 1963, 3169, 2415, 1868, 2363, 547, 1671, 1485, 4577, 2147]",316,50,2,False,50
115,human individual,human individual,29,True,True,True,"{8: 1, 35: 8, 39: 3, 42: 1, 29: 6, 5: 5, 41: 1, 26: 3, 38: 4, 24: 4, 32: 2, 33: 1, 47: 1, 30: 1, 18: 1, 21: 1, 0: 1, 28: 1, 27: 2, 31: 1, 44: 1, 13: 1}","[443, 2795, 3466, 502, 4110, 3670, 4819, 52, 2616, 126, 74, 1222, 4973, 37, 4996, 5418, 3608, 1426, 555, 5214, 3682, 3864, 1933, 1368, 4844, 56, 1724, 2601, 2098, 144, 2930, 2988, 2672, 5111, 4791, 4839, 1144, 3334, 276, 2956, 1963, 3169, 2415, 1868, 2363, 547, 1671, 1485, 4577, 2147]",115,50,2,False,50
356,numeric speed,numeric speed,46,False,True,False,"{8: 1, 35: 8, 39: 3, 42: 1, 29: 6, 5: 5, 41: 1, 26: 3, 38: 4, 24: 4, 32: 2, 33: 1, 47: 1, 30: 1, 18: 1, 21: 1, 0: 1, 28: 1, 27: 2, 31: 1, 44: 1, 13: 1}","[443, 2795, 3466, 502, 4110, 3670, 4819, 52, 2616, 126, 74, 1222, 4973, 37, 4996, 5418, 3608, 1426, 555, 5214, 3682, 3864, 1933, 1368, 4844, 56, 1724, 2601, 2098, 144, 2930, 2988, 2672, 5111, 4791, 4839, 1144, 3334, 276, 2956, 1963, 3169, 2415, 1868, 2363, 547, 1671, 1485, 4577, 2147]",356,50,2,False,50
341,entity creation,entity event,8,True,False,True,"{8: 1, 35: 8, 39: 3, 42: 1, 29: 6, 5: 5, 41: 1, 26: 3, 38: 4, 24: 4, 32: 2, 33: 1, 47: 1, 30: 1, 18: 1, 21: 1, 0: 1, 28: 1, 27: 2, 31: 1, 44: 1, 13: 1}","[443, 2795, 3466, 502, 4110, 3670, 4819, 52, 2616, 126, 74, 1222, 4973, 37, 4996, 5418, 3608, 1426, 555, 5214, 3682, 3864, 1933, 1368, 4844, 56, 1724, 2601, 2098, 144, 2930, 2988, 2672, 5111, 4791, 4839, 1144, 3334, 276, 2956, 1963, 3169, 2415, 1868, 2363, 547, 1671, 1485, 4577, 2147]",341,50,2,False,50
13,human individual,human individual,29,True,True,True,"{8: 1, 35: 8, 39: 3, 42: 1, 29: 6, 5: 5, 41: 1, 26: 3, 38: 4, 24: 4, 32: 2, 33: 1, 47: 1, 30: 1, 18: 1, 21: 1, 0: 1, 28: 1, 27: 2, 31: 1, 44: 1, 13: 1}","[443, 2795, 3466, 502, 4110, 3670, 4819, 52, 2616, 126, 74, 1222, 4973, 37, 4996, 5418, 3608, 1426, 555, 5214, 3682, 3864, 1933, 1368, 4844, 56, 1724, 2601, 2098, 144, 2930, 2988, 2672, 5111, 4791, 4839, 1144, 3334, 276, 2956, 1963, 3169, 2415, 1868, 2363, 547, 1671, 1485, 4577, 2147]",13,50,2,False,50
465,description definition,entity term,21,True,False,True,"{8: 1, 35: 8, 39: 3, 42: 1, 29: 6, 5: 5, 41: 1, 26: 3, 38: 4, 24: 4, 32: 2, 33: 1, 47: 1, 30: 1, 18: 1, 21: 1, 0: 1, 28: 1, 27: 2, 31: 1, 44: 1, 13: 1}","[443, 2795, 3466, 502, 4110, 3670, 4819, 52, 2616, 126, 74, 1222, 4973, 37, 4996, 5418, 3608, 1426, 555, 5214, 3682, 3864, 1933, 1368, 4844, 56, 1724, 2601, 2098, 144, 2930, 2988, 2672, 5111, 4791, 4839, 1144, 3334, 276, 2956, 1963, 3169, 2415, 1868, 2363, 547, 1671, 1485, 4577, 2147]",465,50,2,False,50
133,entity creation,entity product,15,False,False,True,"{8: 1, 35: 8, 39: 3, 42: 1, 29: 6, 5: 5, 41: 1, 26: 3, 38: 4, 24: 4, 32: 2, 33: 1, 47: 1, 30: 1, 18: 1, 21: 1, 0: 1, 28: 1, 27: 2, 31: 1, 44: 1, 13: 1}","[443, 2795, 3466, 502, 4110, 3670, 4819, 52, 2616, 126, 74, 1222, 4973, 37, 4996, 5418, 3608, 1426, 555, 5214, 3682, 3864, 1933, 1368, 4844, 56, 1724, 2601, 2098, 144, 2930, 2988, 2672, 5111, 4791, 4839, 1144, 3334, 276, 2956, 1963, 3169, 2415, 1868, 2363, 547, 1671, 1485, 4577, 2147]",133,50,2,False,50
392,entity creation,entity animal,2,False,False,True,"{8: 1, 35: 8, 39: 3, 42: 1, 29: 6, 5: 5, 41: 1, 26: 3, 38: 4, 24: 4, 32: 2, 33: 1, 47: 1, 30: 1, 18: 1, 21: 1, 0: 1, 28: 1, 27: 2, 31: 1, 44: 1, 13: 1}","[443, 2795, 3466, 502, 4110, 3670, 4819, 52, 2616, 126, 74, 1222, 4973, 37, 4996, 5418, 3608, 1426, 555, 5214, 3682, 3864, 1933, 1368, 4844, 56, 1724, 2601, 2098, 144, 2930, 2988, 2672, 5111, 4791, 4839, 1144, 3334, 276, 2956, 1963, 3169, 2415, 1868, 2363, 547, 1671, 1485, 4577, 2147]",392,50,2,False,50
56,numeric date,numeric date,39,True,True,True,"{8: 1, 35: 8, 39: 3, 42: 1, 29: 6, 5: 5, 41: 1, 26: 3, 38: 4, 24: 4, 32: 2, 33: 1, 47: 1, 30: 1, 18: 1, 21: 1, 0: 1, 28: 1, 27: 2, 31: 1, 44: 1, 13: 1}","[443, 2795, 3466, 502, 4110, 3670, 4819, 52, 2616, 126, 74, 1222, 4973, 37, 4996, 5418, 3608, 1426, 555, 5214, 3682, 3864, 1933, 1368, 4844, 56, 1724, 2601, 2098, 144, 2930, 2988, 2672, 5111, 4791, 4839, 1144, 3334, 276, 2956, 1963, 3169, 2415, 1868, 2363, 547, 1671, 1485, 4577, 2147]",56,50,2,False,50
91,description definition,description definition,24,True,True,True,"{8: 1, 35: 8, 39: 3, 42: 1, 29: 6, 5: 5, 41: 1, 26: 3, 38: 4, 24: 4, 32: 2, 33: 1, 47: 1, 30: 1, 18: 1, 21: 1, 0: 1, 28: 1, 27: 2, 31: 1, 44: 1, 13: 1}","[443, 2795, 3466, 502, 4110, 3670, 4819, 52, 2616, 126, 74, 1222, 4973, 37, 4996, 5418, 3608, 1426, 555, 5214, 3682, 3864, 1933, 1368, 4844, 56, 1724, 2601, 2098, 144, 2930, 2988, 2672, 5111, 4791, 4839, 1144, 3334, 276, 2956, 1963, 3169, 2415, 1868, 2363, 547, 1671, 1485, 4577, 2147]",91,50,2,False,50
314,location other,location other,35,True,True,True,"{8: 1, 35: 8, 39: 3, 42: 1, 29: 6, 5: 5, 41: 1, 26: 3, 38: 4, 24: 4, 32: 2, 33: 1, 47: 1, 30: 1, 18: 1, 21: 1, 0: 1, 28: 1, 27: 2, 31: 1, 44: 1, 13: 1}","[443, 2795, 3466, 502, 4110, 3670, 4819, 52, 2616, 126, 74, 1222, 4973, 37, 4996, 5418, 3608, 1426, 555, 5214, 3682, 3864, 1933, 1368, 4844, 56, 1724, 2601, 2098, 144, 2930, 2988, 2672, 5111, 4791, 4839, 1144, 3334, 276, 2956, 1963, 3169, 2415, 1868, 2363, 547, 1671, 1485, 4577, 2147]",314,50,2,False,50
488,entity creation,entity other,13,True,False,True,"{8: 1, 35: 8, 39: 3, 42: 1, 29: 6, 5: 5, 41: 1, 26: 3, 38: 4, 24: 4, 32: 2, 33: 1, 47: 1, 30: 1, 18: 1, 21: 1, 0: 1, 28: 1, 27: 2, 31: 1, 44: 1, 13: 1}","[443, 2795, 3466, 502, 4110, 3670, 4819, 52, 2616, 126, 74, 1222, 4973, 37, 4996, 5418, 3608, 1426, 555, 5214, 3682, 3864, 1933, 1368, 4844, 56, 1724, 2601, 2098, 144, 2930, 2988, 2672, 5111, 4791, 4839, 1144, 3334, 276, 2956, 1963, 3169, 2415, 1868, 2363, 547, 1671, 1485, 4577, 2147]",488,50,2,False,50
65,human individual,human description,31,True,False,True,"{8: 1, 35: 8, 39: 3, 42: 1, 29: 6, 5: 5, 41: 1, 26: 3, 38: 4, 24: 4, 32: 2, 33: 1, 47: 1, 30: 1, 18: 1, 21: 1, 0: 1, 28: 1, 27: 2, 31: 1, 44: 1, 13: 1}","[443, 2795, 3466, 502, 4110, 3670, 4819, 52, 2616, 126, 74, 1222, 4973, 37, 4996, 5418, 3608, 1426, 555, 5214, 3682, 3864, 1933, 1368, 4844, 56, 1724, 2601, 2098, 144, 2930, 2988, 2672, 5111, 4791, 4839, 1144, 3334, 276, 2956, 1963, 3169, 2415, 1868, 2363, 547, 1671, 1485, 4577, 2147]",65,50,2,False,50
179,numeric distance,numeric distance,40,False,True,False,"{8: 1, 35: 8, 39: 3, 42: 1, 29: 6, 5: 5, 41: 1, 26: 3, 38: 4, 24: 4, 32: 2, 33: 1, 47: 1, 30: 1, 18: 1, 21: 1, 0: 1, 28: 1, 27: 2, 31: 1, 44: 1, 13: 1}","[443, 2795, 3466, 502, 4110, 3670, 4819, 52, 2616, 126, 74, 1222, 4973, 37, 4996, 5418, 3608, 1426, 555, 5214, 3682, 3864, 1933, 1368, 4844, 56, 1724, 2601, 2098, 144, 2930, 2988, 2672, 5111, 4791, 4839, 1144, 3334, 276, 2956, 1963, 3169, 2415, 1868, 2363, 547, 1671, 1485, 4577, 2147]",179,50,2,False,50
317,location other,location other,35,True,True,True,"{8: 1, 35: 8, 39: 3, 42: 1, 29: 6, 5: 5, 41: 1, 26: 3, 38: 4, 24: 4, 32: 2, 33: 1, 47: 1, 30: 1, 18: 1, 21: 1, 0: 1, 28: 1, 27: 2, 31: 1, 44: 1, 13: 1}","[443, 2795, 3466, 502, 4110, 3670, 4819, 52, 2616, 126, 74, 1222, 4973, 37, 4996, 5418, 3608, 1426, 555, 5214, 3682, 3864, 1933, 1368, 4844, 56, 1724, 2601, 2098, 144, 2930, 2988, 2672, 5111, 4791, 4839, 1144, 3334, 276, 2956, 1963, 3169, 2415, 1868, 2363, 547, 1671, 1485, 4577, 2147]",317,50,2,False,50
404,numeric count,numeric distance,40,False,False,True,"{8: 1, 35: 8, 39: 3, 42: 1, 29: 6, 5: 5, 41: 1, 26: 3, 38: 4, 24: 4, 32: 2, 33: 1, 47: 1, 30: 1, 18: 1, 21: 1, 0: 1, 28: 1, 27: 2, 31: 1, 44: 1, 13: 1}","[443, 2795, 3466, 502, 4110, 3670, 4819, 52, 2616, 126, 74, 1222, 4973, 37, 4996, 5418, 3608, 1426, 555, 5214, 3682, 3864, 1933, 1368, 4844, 56, 1724, 2601, 2098, 144, 2930, 2988, 2672, 5111, 4791, 4839, 1144, 3334, 276, 2956, 1963, 3169, 2415, 1868, 2363, 547, 1671, 1485, 4577, 2147]",404,50,2,False,50
11,human individual,human individual,29,True,True,True,"{8: 1, 35: 8, 39: 3, 42: 1, 29: 6, 5: 5, 41: 1, 26: 3, 38: 4, 24: 4, 32: 2, 33: 1, 47: 1, 30: 1, 18: 1, 21: 1, 0: 1, 28: 1, 27: 2, 31: 1, 44: 1, 13: 1}","[443, 2795, 3466, 502, 4110, 3670, 4819, 52, 2616, 126, 74, 1222, 4973, 37, 4996, 5418, 3608, 1426, 555, 5214, 3682, 3864, 1933, 1368, 4844, 56, 1724, 2601, 2098, 144, 2930, 2988, 2672, 5111, 4791, 4839, 1144, 3334, 276, 2956, 1963, 3169, 2415, 1868, 2363, 547, 1671, 1485, 4577, 2147]",11,50,2,False,50
358,description reason,description reason,27,True,True,True,"{8: 1, 35: 8, 39: 3, 42: 1, 29: 6, 5: 5, 41: 1, 26: 3, 38: 4, 24: 4, 32: 2, 33: 1, 47: 1, 30: 1, 18: 1, 21: 1, 0: 1, 28: 1, 27: 2, 31: 1, 44: 1, 13: 1}","[443, 2795, 3466, 502, 4110, 3670, 4819, 52, 2616, 126, 74, 1222, 4973, 37, 4996, 5418, 3608, 1426, 555, 5214, 3682, 3864, 1933, 1368, 4844, 56, 1724, 2601, 2098, 144, 2930, 2988, 2672, 5111, 4791, 4839, 1144, 3334, 276, 2956, 1963, 3169, 2415, 1868, 2363, 547, 1671, 1485, 4577, 2147]",358,50,2,False,50
98,description definition,description definition,24,True,True,True,"{8: 1, 35: 8, 39: 3, 42: 1, 29: 6, 5: 5, 41: 1, 26: 3, 38: 4, 24: 4, 32: 2, 33: 1, 47: 1, 30: 1, 18: 1, 21: 1, 0: 1, 28: 1, 27: 2, 31: 1, 44: 1, 13: 1}","[443, 2795, 3466, 502, 4110, 3670, 4819, 52, 2616, 126, 74, 1222, 4973, 37, 4996, 5418, 3608, 1426, 555, 5214, 3682, 3864, 1933, 1368, 4844, 56, 1724, 2601, 2098, 144, 2930, 2988, 2672, 5111, 4791, 4839, 1144, 3334, 276, 2956, 1963, 3169, 2415, 1868, 2363, 547, 1671, 1485, 4577, 2147]",98,50,2,False,50
292,numeric count,numeric other,43,False,False,True,"{8: 1, 35: 8, 39: 3, 42: 1, 29: 6, 5: 5, 41: 1, 26: 3, 38: 4, 24: 4, 32: 2, 33: 1, 47: 1, 30: 1, 18: 1, 21: 1, 0: 1, 28: 1, 27: 2, 31: 1, 44: 1, 13: 1}","[443, 2795, 3466, 502, 4110, 3670, 4819, 52, 2616, 126, 74, 1222, 4973, 37, 4996, 5418, 3608, 1426, 555, 5214, 3682, 3864, 1933, 1368, 4844, 56, 1724, 2601, 2098, 144, 2930, 2988, 2672, 5111, 4791, 4839, 1144, 3334, 276, 2956, 1963, 3169, 2415, 1868, 2363, 547, 1671, 1485, 4577, 2147]",292,50,2,False,50
114,entity creation,entity plant,14,False,False,True,"{8: 1, 35: 8, 39: 3, 42: 1, 29: 6, 5: 5, 41: 1, 26: 3, 38: 4, 24: 4, 32: 2, 33: 1, 47: 1, 30: 1, 18: 1, 21: 1, 0: 1, 28: 1, 27: 2, 31: 1, 44: 1, 13: 1}","[443, 2795, 3466, 502, 4110, 3670, 4819, 52, 2616, 126, 74, 1222, 4973, 37, 4996, 5418, 3608, 1426, 555, 5214, 3682, 3864, 1933, 1368, 4844, 56, 1724, 2601, 2098, 144, 2930, 2988, 2672, 5111, 4791, 4839, 1144, 3334, 276, 2956, 1963, 3169, 2415, 1868, 2363, 547, 1671, 1485, 4577, 2147]",114,50,2,False,50
432,location other,location other,35,True,True,True,"{8: 1, 35: 8, 39: 3, 42: 1, 29: 6, 5: 5, 41: 1, 26: 3, 38: 4, 24: 4, 32: 2, 33: 1, 47: 1, 30: 1, 18: 1, 21: 1, 0: 1, 28: 1, 27: 2, 31: 1, 44: 1, 13: 1}","[443, 2795, 3466, 502, 4110, 3670, 4819, 52, 2616, 126, 74, 1222, 4973, 37, 4996, 5418, 3608, 1426, 555, 5214, 3682, 3864, 1933, 1368, 4844, 56, 1724, 2601, 2098, 144, 2930, 2988, 2672, 5111, 4791, 4839, 1144, 3334, 276, 2956, 1963, 3169, 2415, 1868, 2363, 547, 1671, 1485, 4577, 2147]",432,50,2,False,50
261,human individual,human individual,29,True,True,True,"{8: 1, 35: 8, 39: 3, 42: 1, 29: 6, 5: 5, 41: 1, 26: 3, 38: 4, 24: 4, 32: 2, 33: 1, 47: 1, 30: 1, 18: 1, 21: 1, 0: 1, 28: 1, 27: 2, 31: 1, 44: 1, 13: 1}","[443, 2795, 3466, 502, 4110, 3670, 4819, 52, 2616, 126, 74, 1222, 4973, 37, 4996, 5418, 3608, 1426, 555, 5214, 3682, 3864, 1933, 1368, 4844, 56, 1724, 2601, 2098, 144, 2930, 2988, 2672, 5111, 4791, 4839, 1144, 3334, 276, 2956, 1963, 3169, 2415, 1868, 2363, 547, 1671, 1485, 4577, 2147]",261,50,2,False,50
234,entity creation,entity other,13,True,False,True,"{8: 1, 35: 8, 39: 3, 42: 1, 29: 6, 5: 5, 41: 1, 26: 3, 38: 4, 24: 4, 32: 2, 33: 1, 47: 1, 30: 1, 18: 1, 21: 1, 0: 1, 28: 1, 27: 2, 31: 1, 44: 1, 13: 1}","[443, 2795, 3466, 502, 4110, 3670, 4819, 52, 2616, 126, 74, 1222, 4973, 37, 4996, 5418, 3608, 1426, 555, 5214, 3682, 3864, 1933, 1368, 4844, 56, 1724, 2601, 2098, 144, 2930, 2988, 2672, 5111, 4791, 4839, 1144, 3334, 276, 2956, 1963, 3169, 2415, 1868, 2363, 547, 1671, 1485, 4577, 2147]",234,50,2,False,50
264,numeric date,numeric period,44,True,False,True,"{8: 1, 35: 8, 39: 3, 42: 1, 29: 6, 5: 5, 41: 1, 26: 3, 38: 4, 24: 4, 32: 2, 33: 1, 47: 1, 30: 1, 18: 1, 21: 1, 0: 1, 28: 1, 27: 2, 31: 1, 44: 1, 13: 1}","[443, 2795, 3466, 502, 4110, 3670, 4819, 52, 2616, 126, 74, 1222, 4973, 37, 4996, 5418, 3608, 1426, 555, 5214, 3682, 3864, 1933, 1368, 4844, 56, 1724, 2601, 2098, 144, 2930, 2988, 2672, 5111, 4791, 4839, 1144, 3334, 276, 2956, 1963, 3169, 2415, 1868, 2363, 547, 1671, 1485, 4577, 2147]",264,50,2,False,50
473,numeric count,numeric other,43,False,False,True,"{8: 1, 35: 8, 39: 3, 42: 1, 29: 6, 5: 5, 41: 1, 26: 3, 38: 4, 24: 4, 32: 2, 33: 1, 47: 1, 30: 1, 18: 1, 21: 1, 0: 1, 28: 1, 27: 2, 31: 1, 44: 1, 13: 1}","[443, 2795, 3466, 502, 4110, 3670, 4819, 52, 2616, 126, 74, 1222, 4973, 37, 4996, 5418, 3608, 1426, 555, 5214, 3682, 3864, 1933, 1368, 4844, 56, 1724, 2601, 2098, 144, 2930, 2988, 2672, 5111, 4791, 4839, 1144, 3334, 276, 2956, 1963, 3169, 2415, 1868, 2363, 547, 1671, 1485, 4577, 2147]",473,50,2,False,50
267,location country,location city,32,True,False,True,"{8: 1, 35: 8, 39: 3, 42: 1, 29: 6, 5: 5, 41: 1, 26: 3, 38: 4, 24: 4, 32: 2, 33: 1, 47: 1, 30: 1, 18: 1, 21: 1, 0: 1, 28: 1, 27: 2, 31: 1, 44: 1, 13: 1}","[443, 2795, 3466, 502, 4110, 3670, 4819, 52, 2616, 126, 74, 1222, 4973, 37, 4996, 5418, 3608, 1426, 555, 5214, 3682, 3864, 1933, 1368, 4844, 56, 1724, 2601, 2098, 144, 2930, 2988, 2672, 5111, 4791, 4839, 1144, 3334, 276, 2956, 1963, 3169, 2415, 1868, 2363, 547, 1671, 1485, 4577, 2147]",267,50,2,False,50
428,description definition,description definition,24,True,True,True,"{8: 1, 35: 8, 39: 3, 42: 1, 29: 6, 5: 5, 41: 1, 26: 3, 38: 4, 24: 4, 32: 2, 33: 1, 47: 1, 30: 1, 18: 1, 21: 1, 0: 1, 28: 1, 27: 2, 31: 1, 44: 1, 13: 1}","[443, 2795, 3466, 502, 4110, 3670, 4819, 52, 2616, 126, 74, 1222, 4973, 37, 4996, 5418, 3608, 1426, 555, 5214, 3682, 3864, 1933, 1368, 4844, 56, 1724, 2601, 2098, 144, 2930, 2988, 2672, 5111, 4791, 4839, 1144, 3334, 276, 2956, 1963, 3169, 2415, 1868, 2363, 547, 1671, 1485, 4577, 2147]",428,50,2,False,50
47,entity substance,description definition,24,True,False,False,"{8: 1, 35: 8, 39: 3, 42: 1, 29: 6, 5: 5, 41: 1, 26: 3, 38: 4, 24: 4, 32: 2, 33: 1, 47: 1, 30: 1, 18: 1, 21: 1, 0: 1, 28: 1, 27: 2, 31: 1, 44: 1, 13: 1}","[443, 2795, 3466, 502, 4110, 3670, 4819, 52, 2616, 126, 74, 1222, 4973, 37, 4996, 5418, 3608, 1426, 555, 5214, 3682, 3864, 1933, 1368, 4844, 56, 1724, 2601, 2098, 144, 2930, 2988, 2672, 5111, 4791, 4839, 1144, 3334, 276, 2956, 1963, 3169, 2415, 1868, 2363, 547, 1671, 1485, 4577, 2147]",47,50,2,False,50
10,location city,location city,32,True,True,True,"{8: 1, 35: 8, 39: 3, 42: 1, 29: 6, 5: 5, 41: 1, 26: 3, 38: 4, 24: 4, 32: 2, 33: 1, 47: 1, 30: 1, 18: 1, 21: 1, 0: 1, 28: 1, 27: 2, 31: 1, 44: 1, 13: 1}","[443, 2795, 3466, 502, 4110, 3670, 4819, 52, 2616, 126, 74, 1222, 4973, 37, 4996, 5418, 3608, 1426, 555, 5214, 3682, 3864, 1933, 1368, 4844, 56, 1724, 2601, 2098, 144, 2930, 2988, 2672, 5111, 4791, 4839, 1144, 3334, 276, 2956, 1963, 3169, 2415, 1868, 2363, 547, 1671, 1485, 4577, 2147]",10,50,2,False,50
352,location other,entity plant,14,False,False,True,"{8: 1, 35: 8, 39: 3, 42: 1, 29: 6, 5: 5, 41: 1, 26: 3, 38: 4, 24: 4, 32: 2, 33: 1, 47: 1, 30: 1, 18: 1, 21: 1, 0: 1, 28: 1, 27: 2, 31: 1, 44: 1, 13: 1}","[443, 2795, 3466, 502, 4110, 3670, 4819, 52, 2616, 126, 74, 1222, 4973, 37, 4996, 5418, 3608, 1426, 555, 5214, 3682, 3864, 1933, 1368, 4844, 56, 1724, 2601, 2098, 144, 2930, 2988, 2672, 5111, 4791, 4839, 1144, 3334, 276, 2956, 1963, 3169, 2415, 1868, 2363, 547, 1671, 1485, 4577, 2147]",352,50,2,False,50
275,description definition,description reason,27,True,False,True,"{8: 1, 35: 8, 39: 3, 42: 1, 29: 6, 5: 5, 41: 1, 26: 3, 38: 4, 24: 4, 32: 2, 33: 1, 47: 1, 30: 1, 18: 1, 21: 1, 0: 1, 28: 1, 27: 2, 31: 1, 44: 1, 13: 1}","[443, 2795, 3466, 502, 4110, 3670, 4819, 52, 2616, 126, 74, 1222, 4973, 37, 4996, 5418, 3608, 1426, 555, 5214, 3682, 3864, 1933, 1368, 4844, 56, 1724, 2601, 2098, 144, 2930, 2988, 2672, 5111, 4791, 4839, 1144, 3334, 276, 2956, 1963, 3169, 2415, 1868, 2363, 547, 1671, 1485, 4577, 2147]",275,50,2,False,50
277,numeric date,numeric date,39,True,True,True,"{8: 1, 35: 8, 39: 3, 42: 1, 29: 6, 5: 5, 41: 1, 26: 3, 38: 4, 24: 4, 32: 2, 33: 1, 47: 1, 30: 1, 18: 1, 21: 1, 0: 1, 28: 1, 27: 2, 31: 1, 44: 1, 13: 1}","[443, 2795, 3466, 502, 4110, 3670, 4819, 52, 2616, 126, 74, 1222, 4973, 37, 4996, 5418, 3608, 1426, 555, 5214, 3682, 3864, 1933, 1368, 4844, 56, 1724, 2601, 2098, 144, 2930, 2988, 2672, 5111, 4791, 4839, 1144, 3334, 276, 2956, 1963, 3169, 2415, 1868, 2363, 547, 1671, 1485, 4577, 2147]",277,50,2,False,50
327,numeric money,numeric money,41,True,True,True,"{8: 1, 35: 8, 39: 3, 42: 1, 29: 6, 5: 5, 41: 1, 26: 3, 38: 4, 24: 4, 32: 2, 33: 1, 47: 1, 30: 1, 18: 1, 21: 1, 0: 1, 28: 1, 27: 2, 31: 1, 44: 1, 13: 1}","[443, 2795, 3466, 502, 4110, 3670, 4819, 52, 2616, 126, 74, 1222, 4973, 37, 4996, 5418, 3608, 1426, 555, 5214, 3682, 3864, 1933, 1368, 4844, 56, 1724, 2601, 2098, 144, 2930, 2988, 2672, 5111, 4791, 4839, 1144, 3334, 276, 2956, 1963, 3169, 2415, 1868, 2363, 547, 1671, 1485, 4577, 2147]",327,50,2,False,50
151,human individual,human individual,29,True,True,True,"{8: 1, 35: 8, 39: 3, 42: 1, 29: 6, 5: 5, 41: 1, 26: 3, 38: 4, 24: 4, 32: 2, 33: 1, 47: 1, 30: 1, 18: 1, 21: 1, 0: 1, 28: 1, 27: 2, 31: 1, 44: 1, 13: 1}","[443, 2795, 3466, 502, 4110, 3670, 4819, 52, 2616, 126, 74, 1222, 4973, 37, 4996, 5418, 3608, 1426, 555, 5214, 3682, 3864, 1933, 1368, 4844, 56, 1724, 2601, 2098, 144, 2930, 2988, 2672, 5111, 4791, 4839, 1144, 3334, 276, 2956, 1963, 3169, 2415, 1868, 2363, 547, 1671, 1485, 4577, 2147]",151,50,2,False,50
222,description manner,description definition,24,True,False,True,"{8: 1, 35: 8, 39: 3, 42: 1, 29: 6, 5: 5, 41: 1, 26: 3, 38: 4, 24: 4, 32: 2, 33: 1, 47: 1, 30: 1, 18: 1, 21: 1, 0: 1, 28: 1, 27: 2, 31: 1, 44: 1, 13: 1}","[443, 2795, 3466, 502, 4110, 3670, 4819, 52, 2616, 126, 74, 1222, 4973, 37, 4996, 5418, 3608, 1426, 555, 5214, 3682, 3864, 1933, 1368, 4844, 56, 1724, 2601, 2098, 144, 2930, 2988, 2672, 5111, 4791, 4839, 1144, 3334, 276, 2956, 1963, 3169, 2415, 1868, 2363, 547, 1671, 1485, 4577, 2147]",222,50,2,False,50
75,entity other,description definition,24,True,False,True,"{8: 1, 35: 8, 39: 3, 42: 1, 29: 6, 5: 5, 41: 1, 26: 3, 38: 4, 24: 4, 32: 2, 33: 1, 47: 1, 30: 1, 18: 1, 21: 1, 0: 1, 28: 1, 27: 2, 31: 1, 44: 1, 13: 1}","[443, 2795, 3466, 502, 4110, 3670, 4819, 52, 2616, 126, 74, 1222, 4973, 37, 4996, 5418, 3608, 1426, 555, 5214, 3682, 3864, 1933, 1368, 4844, 56, 1724, 2601, 2098, 144, 2930, 2988, 2672, 5111, 4791, 4839, 1144, 3334, 276, 2956, 1963, 3169, 2415, 1868, 2363, 547, 1671, 1485, 4577, 2147]",75,50,2,False,50
76,location country,entity currency,6,False,False,True,"{8: 1, 35: 8, 39: 3, 42: 1, 29: 6, 5: 5, 41: 1, 26: 3, 38: 4, 24: 4, 32: 2, 33: 1, 47: 1, 30: 1, 18: 1, 21: 1, 0: 1, 28: 1, 27: 2, 31: 1, 44: 1, 13: 1}","[443, 2795, 3466, 502, 4110, 3670, 4819, 52, 2616, 126, 74, 1222, 4973, 37, 4996, 5418, 3608, 1426, 555, 5214, 3682, 3864, 1933, 1368, 4844, 56, 1724, 2601, 2098, 144, 2930, 2988, 2672, 5111, 4791, 4839, 1144, 3334, 276, 2956, 1963, 3169, 2415, 1868, 2363, 547, 1671, 1485, 4577, 2147]",76,50,2,False,50
123,human individual,human individual,29,True,True,True,"{8: 1, 35: 8, 39: 3, 42: 1, 29: 6, 5: 5, 41: 1, 26: 3, 38: 4, 24: 4, 32: 2, 33: 1, 47: 1, 30: 1, 18: 1, 21: 1, 0: 1, 28: 1, 27: 2, 31: 1, 44: 1, 13: 1}","[443, 2795, 3466, 502, 4110, 3670, 4819, 52, 2616, 126, 74, 1222, 4973, 37, 4996, 5418, 3608, 1426, 555, 5214, 3682, 3864, 1933, 1368, 4844, 56, 1724, 2601, 2098, 144, 2930, 2988, 2672, 5111, 4791, 4839, 1144, 3334, 276, 2956, 1963, 3169, 2415, 1868, 2363, 547, 1671, 1485, 4577, 2147]",123,50,2,False,50
102,description manner,description manner,26,True,True,True,"{8: 1, 35: 8, 39: 3, 42: 1, 29: 6, 5: 5, 41: 1, 26: 3, 38: 4, 24: 4, 32: 2, 33: 1, 47: 1, 30: 1, 18: 1, 21: 1, 0: 1, 28: 1, 27: 2, 31: 1, 44: 1, 13: 1}","[443, 2795, 3466, 502, 4110, 3670, 4819, 52, 2616, 126, 74, 1222, 4973, 37, 4996, 5418, 3608, 1426, 555, 5214, 3682, 3864, 1933, 1368, 4844, 56, 1724, 2601, 2098, 144, 2930, 2988, 2672, 5111, 4791, 4839, 1144, 3334, 276, 2956, 1963, 3169, 2415, 1868, 2363, 547, 1671, 1485, 4577, 2147]",102,50,2,False,50
426,description definition,description definition,24,True,True,True,"{8: 1, 35: 8, 39: 3, 42: 1, 29: 6, 5: 5, 41: 1, 26: 3, 38: 4, 24: 4, 32: 2, 33: 1, 47: 1, 30: 1, 18: 1, 21: 1, 0: 1, 28: 1, 27: 2, 31: 1, 44: 1, 13: 1}","[443, 2795, 3466, 502, 4110, 3670, 4819, 52, 2616, 126, 74, 1222, 4973, 37, 4996, 5418, 3608, 1426, 555, 5214, 3682, 3864, 1933, 1368, 4844, 56, 1724, 2601, 2098, 144, 2930, 2988, 2672, 5111, 4791, 4839, 1144, 3334, 276, 2956, 1963, 3169, 2415, 1868, 2363, 547, 1671, 1485, 4577, 2147]",426,50,2,False,50
390,human individual,human individual,29,True,True,True,"{8: 1, 35: 8, 39: 3, 42: 1, 29: 6, 5: 5, 41: 1, 26: 3, 38: 4, 24: 4, 32: 2, 33: 1, 47: 1, 30: 1, 18: 1, 21: 1, 0: 1, 28: 1, 27: 2, 31: 1, 44: 1, 13: 1}","[443, 2795, 3466, 502, 4110, 3670, 4819, 52, 2616, 126, 74, 1222, 4973, 37, 4996, 5418, 3608, 1426, 555, 5214, 3682, 3864, 1933, 1368, 4844, 56, 1724, 2601, 2098, 144, 2930, 2988, 2672, 5111, 4791, 4839, 1144, 3334, 276, 2956, 1963, 3169, 2415, 1868, 2363, 547, 1671, 1485, 4577, 2147]",390,50,2,False,50
265,description definition,description definition,24,True,True,True,"{8: 1, 35: 8, 39: 3, 42: 1, 29: 6, 5: 5, 41: 1, 26: 3, 38: 4, 24: 4, 32: 2, 33: 1, 47: 1, 30: 1, 18: 1, 21: 1, 0: 1, 28: 1, 27: 2, 31: 1, 44: 1, 13: 1}","[443, 2795, 3466, 502, 4110, 3670, 4819, 52, 2616, 126, 74, 1222, 4973, 37, 4996, 5418, 3608, 1426, 555, 5214, 3682, 3864, 1933, 1368, 4844, 56, 1724, 2601, 2098, 144, 2930, 2988, 2672, 5111, 4791, 4839, 1144, 3334, 276, 2956, 1963, 3169, 2415, 1868, 2363, 547, 1671, 1485, 4577, 2147]",265,50,2,False,50
135,location other,entity other,13,True,False,True,"{8: 1, 35: 8, 39: 3, 42: 1, 29: 6, 5: 5, 41: 1, 26: 3, 38: 4, 24: 4, 32: 2, 33: 1, 47: 1, 30: 1, 18: 1, 21: 1, 0: 1, 28: 1, 27: 2, 31: 1, 44: 1, 13: 1}","[443, 2795, 3466, 502, 4110, 3670, 4819, 52, 2616, 126, 74, 1222, 4973, 37, 4996, 5418, 3608, 1426, 555, 5214, 3682, 3864, 1933, 1368, 4844, 56, 1724, 2601, 2098, 144, 2930, 2988, 2672, 5111, 4791, 4839, 1144, 3334, 276, 2956, 1963, 3169, 2415, 1868, 2363, 547, 1671, 1485, 4577, 2147]",135,50,2,False,50
37,numeric distance,numeric distance,40,False,True,False,"{8: 1, 35: 8, 39: 3, 42: 1, 29: 6, 5: 5, 41: 1, 26: 3, 38: 4, 24: 4, 32: 2, 33: 1, 47: 1, 30: 1, 18: 1, 21: 1, 0: 1, 28: 1, 27: 2, 31: 1, 44: 1, 13: 1}","[443, 2795, 3466, 502, 4110, 3670, 4819, 52, 2616, 126, 74, 1222, 4973, 37, 4996, 5418, 3608, 1426, 555, 5214, 3682, 3864, 1933, 1368, 4844, 56, 1724, 2601, 2098, 144, 2930, 2988, 2672, 5111, 4791, 4839, 1144, 3334, 276, 2956, 1963, 3169, 2415, 1868, 2363, 547, 1671, 1485, 4577, 2147]",37,50,2,False,50
209,description manner,description description,25,False,False,True,"{8: 1, 35: 8, 39: 3, 42: 1, 29: 6, 5: 5, 41: 1, 26: 3, 38: 4, 24: 4, 32: 2, 33: 1, 47: 1, 30: 1, 18: 1, 21: 1, 0: 1, 28: 1, 27: 2, 31: 1, 44: 1, 13: 1}","[443, 2795, 3466, 502, 4110, 3670, 4819, 52, 2616, 126, 74, 1222, 4973, 37, 4996, 5418, 3608, 1426, 555, 5214, 3682, 3864, 1933, 1368, 4844, 56, 1724, 2601, 2098, 144, 2930, 2988, 2672, 5111, 4791, 4839, 1144, 3334, 276, 2956, 1963, 3169, 2415, 1868, 2363, 547, 1671, 1485, 4577, 2147]",209,50,2,False,50
482,entity substance,entity subst,18,True,True,False,"{8: 1, 35: 8, 39: 3, 42: 1, 29: 6, 5: 5, 41: 1, 26: 3, 38: 4, 24: 4, 32: 2, 33: 1, 47: 1, 30: 1, 18: 1, 21: 1, 0: 1, 28: 1, 27: 2, 31: 1, 44: 1, 13: 1}","[443, 2795, 3466, 502, 4110, 3670, 4819, 52, 2616, 126, 74, 1222, 4973, 37, 4996, 5418, 3608, 1426, 555, 5214, 3682, 3864, 1933, 1368, 4844, 56, 1724, 2601, 2098, 144, 2930, 2988, 2672, 5111, 4791, 4839, 1144, 3334, 276, 2956, 1963, 3169, 2415, 1868, 2363, 547, 1671, 1485, 4577, 2147]",482,50,2,False,50
48,numeric count,numeric count,38,True,True,True,"{8: 1, 35: 8, 39: 3, 42: 1, 29: 6, 5: 5, 41: 1, 26: 3, 38: 4, 24: 4, 32: 2, 33: 1, 47: 1, 30: 1, 18: 1, 21: 1, 0: 1, 28: 1, 27: 2, 31: 1, 44: 1, 13: 1}","[443, 2795, 3466, 502, 4110, 3670, 4819, 52, 2616, 126, 74, 1222, 4973, 37, 4996, 5418, 3608, 1426, 555, 5214, 3682, 3864, 1933, 1368, 4844, 56, 1724, 2601, 2098, 144, 2930, 2988, 2672, 5111, 4791, 4839, 1144, 3334, 276, 2956, 1963, 3169, 2415, 1868, 2363, 547, 1671, 1485, 4577, 2147]",48,50,2,False,50
241,description definition,description definition,24,True,True,True,"{8: 1, 35: 8, 39: 3, 42: 1, 29: 6, 5: 5, 41: 1, 26: 3, 38: 4, 24: 4, 32: 2, 33: 1, 47: 1, 30: 1, 18: 1, 21: 1, 0: 1, 28: 1, 27: 2, 31: 1, 44: 1, 13: 1}","[443, 2795, 3466, 502, 4110, 3670, 4819, 52, 2616, 126, 74, 1222, 4973, 37, 4996, 5418, 3608, 1426, 555, 5214, 3682, 3864, 1933, 1368, 4844, 56, 1724, 2601, 2098, 144, 2930, 2988, 2672, 5111, 4791, 4839, 1144, 3334, 276, 2956, 1963, 3169, 2415, 1868, 2363, 547, 1671, 1485, 4577, 2147]",241,50,2,False,50
2,human individual,human description,31,True,False,True,"{8: 1, 35: 8, 39: 3, 42: 1, 29: 6, 5: 5, 41: 1, 26: 3, 38: 4, 24: 4, 32: 2, 33: 1, 47: 1, 30: 1, 18: 1, 21: 1, 0: 1, 28: 1, 27: 2, 31: 1, 44: 1, 13: 1}","[443, 2795, 3466, 502, 4110, 3670, 4819, 52, 2616, 126, 74, 1222, 4973, 37, 4996, 5418, 3608, 1426, 555, 5214, 3682, 3864, 1933, 1368, 4844, 56, 1724, 2601, 2098, 144, 2930, 2988, 2672, 5111, 4791, 4839, 1144, 3334, 276, 2956, 1963, 3169, 2415, 1868, 2363, 547, 1671, 1485, 4577, 2147]",2,50,2,False,50
116,numeric date,numeric date,39,True,True,True,"{8: 1, 35: 8, 39: 3, 42: 1, 29: 6, 5: 5, 41: 1, 26: 3, 38: 4, 24: 4, 32: 2, 33: 1, 47: 1, 30: 1, 18: 1, 21: 1, 0: 1, 28: 1, 27: 2, 31: 1, 44: 1, 13: 1}","[443, 2795, 3466, 502, 4110, 3670, 4819, 52, 2616, 126, 74, 1222, 4973, 37, 4996, 5418, 3608, 1426, 555, 5214, 3682, 3864, 1933, 1368, 4844, 56, 1724, 2601, 2098, 144, 2930, 2988, 2672, 5111, 4791, 4839, 1144, 3334, 276, 2956, 1963, 3169, 2415, 1868, 2363, 547, 1671, 1485, 4577, 2147]",116,50,2,False,50
154,entity creation,human group,28,True,False,True,"{8: 1, 35: 8, 39: 3, 42: 1, 29: 6, 5: 5, 41: 1, 26: 3, 38: 4, 24: 4, 32: 2, 33: 1, 47: 1, 30: 1, 18: 1, 21: 1, 0: 1, 28: 1, 27: 2, 31: 1, 44: 1, 13: 1}","[443, 2795, 3466, 502, 4110, 3670, 4819, 52, 2616, 126, 74, 1222, 4973, 37, 4996, 5418, 3608, 1426, 555, 5214, 3682, 3864, 1933, 1368, 4844, 56, 1724, 2601, 2098, 144, 2930, 2988, 2672, 5111, 4791, 4839, 1144, 3334, 276, 2956, 1963, 3169, 2415, 1868, 2363, 547, 1671, 1485, 4577, 2147]",154,50,2,False,50
233,numeric count,numeric count,38,True,True,True,"{8: 1, 35: 8, 39: 3, 42: 1, 29: 6, 5: 5, 41: 1, 26: 3, 38: 4, 24: 4, 32: 2, 33: 1, 47: 1, 30: 1, 18: 1, 21: 1, 0: 1, 28: 1, 27: 2, 31: 1, 44: 1, 13: 1}","[443, 2795, 3466, 502, 4110, 3670, 4819, 52, 2616, 126, 74, 1222, 4973, 37, 4996, 5418, 3608, 1426, 555, 5214, 3682, 3864, 1933, 1368, 4844, 56, 1724, 2601, 2098, 144, 2930, 2988, 2672, 5111, 4791, 4839, 1144, 3334, 276, 2956, 1963, 3169, 2415, 1868, 2363, 547, 1671, 1485, 4577, 2147]",233,50,2,False,50
409,description definition,description definition,24,True,True,True,"{8: 1, 35: 8, 39: 3, 42: 1, 29: 6, 5: 5, 41: 1, 26: 3, 38: 4, 24: 4, 32: 2, 33: 1, 47: 1, 30: 1, 18: 1, 21: 1, 0: 1, 28: 1, 27: 2, 31: 1, 44: 1, 13: 1}","[443, 2795, 3466, 502, 4110, 3670, 4819, 52, 2616, 126, 74, 1222, 4973, 37, 4996, 5418, 3608, 1426, 555, 5214, 3682, 3864, 1933, 1368, 4844, 56, 1724, 2601, 2098, 144, 2930, 2988, 2672, 5111, 4791, 4839, 1144, 3334, 276, 2956, 1963, 3169, 2415, 1868, 2363, 547, 1671, 1485, 4577, 2147]",409,50,2,False,50
410,human individual,human individual,29,True,True,True,"{8: 1, 35: 8, 39: 3, 42: 1, 29: 6, 5: 5, 41: 1, 26: 3, 38: 4, 24: 4, 32: 2, 33: 1, 47: 1, 30: 1, 18: 1, 21: 1, 0: 1, 28: 1, 27: 2, 31: 1, 44: 1, 13: 1}","[443, 2795, 3466, 502, 4110, 3670, 4819, 52, 2616, 126, 74, 1222, 4973, 37, 4996, 5418, 3608, 1426, 555, 5214, 3682, 3864, 1933, 1368, 4844, 56, 1724, 2601, 2098, 144, 2930, 2988, 2672, 5111, 4791, 4839, 1144, 3334, 276, 2956, 1963, 3169, 2415, 1868, 2363, 547, 1671, 1485, 4577, 2147]",410,50,2,False,50
193,numeric date,numeric date,39,True,True,True,"{8: 1, 35: 8, 39: 3, 42: 1, 29: 6, 5: 5, 41: 1, 26: 3, 38: 4, 24: 4, 32: 2, 33: 1, 47: 1, 30: 1, 18: 1, 21: 1, 0: 1, 28: 1, 27: 2, 31: 1, 44: 1, 13: 1}","[443, 2795, 3466, 502, 4110, 3670, 4819, 52, 2616, 126, 74, 1222, 4973, 37, 4996, 5418, 3608, 1426, 555, 5214, 3682, 3864, 1933, 1368, 4844, 56, 1724, 2601, 2098, 144, 2930, 2988, 2672, 5111, 4791, 4839, 1144, 3334, 276, 2956, 1963, 3169, 2415, 1868, 2363, 547, 1671, 1485, 4577, 2147]",193,50,2,False,50
329,description definition,description definition,24,True,True,True,"{8: 1, 35: 8, 39: 3, 42: 1, 29: 6, 5: 5, 41: 1, 26: 3, 38: 4, 24: 4, 32: 2, 33: 1, 47: 1, 30: 1, 18: 1, 21: 1, 0: 1, 28: 1, 27: 2, 31: 1, 44: 1, 13: 1}","[443, 2795, 3466, 502, 4110, 3670, 4819, 52, 2616, 126, 74, 1222, 4973, 37, 4996, 5418, 3608, 1426, 555, 5214, 3682, 3864, 1933, 1368, 4844, 56, 1724, 2601, 2098, 144, 2930, 2988, 2672, 5111, 4791, 4839, 1144, 3334, 276, 2956, 1963, 3169, 2415, 1868, 2363, 547, 1671, 1485, 4577, 2147]",329,50,2,False,50
483,description definition,description definition,24,True,True,True,"{8: 1, 35: 8, 39: 3, 42: 1, 29: 6, 5: 5, 41: 1, 26: 3, 38: 4, 24: 4, 32: 2, 33: 1, 47: 1, 30: 1, 18: 1, 21: 1, 0: 1, 28: 1, 27: 2, 31: 1, 44: 1, 13: 1}","[443, 2795, 3466, 502, 4110, 3670, 4819, 52, 2616, 126, 74, 1222, 4973, 37, 4996, 5418, 3608, 1426, 555, 5214, 3682, 3864, 1933, 1368, 4844, 56, 1724, 2601, 2098, 144, 2930, 2988, 2672, 5111, 4791, 4839, 1144, 3334, 276, 2956, 1963, 3169, 2415, 1868, 2363, 547, 1671, 1485, 4577, 2147]",483,50,2,False,50
57,location country,location city,32,True,False,True,"{8: 1, 35: 8, 39: 3, 42: 1, 29: 6, 5: 5, 41: 1, 26: 3, 38: 4, 24: 4, 32: 2, 33: 1, 47: 1, 30: 1, 18: 1, 21: 1, 0: 1, 28: 1, 27: 2, 31: 1, 44: 1, 13: 1}","[443, 2795, 3466, 502, 4110, 3670, 4819, 52, 2616, 126, 74, 1222, 4973, 37, 4996, 5418, 3608, 1426, 555, 5214, 3682, 3864, 1933, 1368, 4844, 56, 1724, 2601, 2098, 144, 2930, 2988, 2672, 5111, 4791, 4839, 1144, 3334, 276, 2956, 1963, 3169, 2415, 1868, 2363, 547, 1671, 1485, 4577, 2147]",57,50,2,False,50
221,numeric date,numeric date,39,True,True,True,"{8: 1, 35: 8, 39: 3, 42: 1, 29: 6, 5: 5, 41: 1, 26: 3, 38: 4, 24: 4, 32: 2, 33: 1, 47: 1, 30: 1, 18: 1, 21: 1, 0: 1, 28: 1, 27: 2, 31: 1, 44: 1, 13: 1}","[443, 2795, 3466, 502, 4110, 3670, 4819, 52, 2616, 126, 74, 1222, 4973, 37, 4996, 5418, 3608, 1426, 555, 5214, 3682, 3864, 1933, 1368, 4844, 56, 1724, 2601, 2098, 144, 2930, 2988, 2672, 5111, 4791, 4839, 1144, 3334, 276, 2956, 1963, 3169, 2415, 1868, 2363, 547, 1671, 1485, 4577, 2147]",221,50,2,False,50
270,location country,entity language,11,False,False,True,"{8: 1, 35: 8, 39: 3, 42: 1, 29: 6, 5: 5, 41: 1, 26: 3, 38: 4, 24: 4, 32: 2, 33: 1, 47: 1, 30: 1, 18: 1, 21: 1, 0: 1, 28: 1, 27: 2, 31: 1, 44: 1, 13: 1}","[443, 2795, 3466, 502, 4110, 3670, 4819, 52, 2616, 126, 74, 1222, 4973, 37, 4996, 5418, 3608, 1426, 555, 5214, 3682, 3864, 1933, 1368, 4844, 56, 1724, 2601, 2098, 144, 2930, 2988, 2672, 5111, 4791, 4839, 1144, 3334, 276, 2956, 1963, 3169, 2415, 1868, 2363, 547, 1671, 1485, 4577, 2147]",270,50,2,False,50
