,outputs,label_tokens,true_numeric_labels,true_label_present_in_prompt,correct,predicted_label_present_in_prompt,prompt_labels,prompt_example_indices,id,n_shots,run_number,unlimiformer,nspw
903,supported cards and currencies,supported,54,True,True,False,"{44: 1, 51: 1, 55: 3, 62: 1, 11: 1, 74: 1, 12: 2, 66: 1, 48: 1, 54: 1, 26: 3, 60: 1, 15: 1, 67: 1, 45: 2, 61: 1, 46: 2, 71: 1, 20: 1, 58: 2, 17: 1, 59: 1, 68: 1, 64: 1}","[8990, 5890, 5954, 3194, 8063, 9362, 42, 7687, 3138, 2262, 8836, 1181, 652, 8458, 7029, 5371, 5136, 2333, 8587, 2246, 711, 3870, 2468, 3956, 887, 2844, 8941, 627, 7112, 2904, 1497, 3458]",903,32,0,False,32
1003,top up failed,top up revert,61,True,False,True,"{44: 1, 51: 1, 55: 3, 62: 1, 11: 1, 74: 1, 12: 2, 66: 1, 48: 1, 54: 1, 26: 3, 60: 1, 15: 1, 67: 1, 45: 2, 61: 1, 46: 2, 71: 1, 20: 1, 58: 2, 17: 1, 59: 1, 68: 1, 64: 1}","[8990, 5890, 5954, 3194, 8063, 9362, 42, 7687, 3138, 2262, 8836, 1181, 652, 8458, 7029, 5371, 5136, 2333, 8587, 2246, 711, 3870, 2468, 3956, 887, 2844, 8941, 627, 7112, 2904, 1497, 3458]",1003,32,0,False,32
2953,card about to expire,card about,9,False,True,False,"{44: 1, 51: 1, 55: 3, 62: 1, 11: 1, 74: 1, 12: 2, 66: 1, 48: 1, 54: 1, 26: 3, 60: 1, 15: 1, 67: 1, 45: 2, 61: 1, 46: 2, 71: 1, 20: 1, 58: 2, 17: 1, 59: 1, 68: 1, 64: 1}","[8990, 5890, 5954, 3194, 8063, 9362, 42, 7687, 3138, 2262, 8836, 1181, 652, 8458, 7029, 5371, 5136, 2333, 8587, 2246, 711, 3870, 2468, 3956, 887, 2844, 8941, 627, 7112, 2904, 1497, 3458]",2953,32,0,False,32
2979,apple pay or google pay,apple,2,False,True,False,"{44: 1, 51: 1, 55: 3, 62: 1, 11: 1, 74: 1, 12: 2, 66: 1, 48: 1, 54: 1, 26: 3, 60: 1, 15: 1, 67: 1, 45: 2, 61: 1, 46: 2, 71: 1, 20: 1, 58: 2, 17: 1, 59: 1, 68: 1, 64: 1}","[8990, 5890, 5954, 3194, 8063, 9362, 42, 7687, 3138, 2262, 8836, 1181, 652, 8458, 7029, 5371, 5136, 2333, 8587, 2246, 711, 3870, 2468, 3956, 887, 2844, 8941, 627, 7112, 2904, 1497, 3458]",2979,32,0,False,32
1926,card swallowed,card sw,18,False,True,False,"{44: 1, 51: 1, 55: 3, 62: 1, 11: 1, 74: 1, 12: 2, 66: 1, 48: 1, 54: 1, 26: 3, 60: 1, 15: 1, 67: 1, 45: 2, 61: 1, 46: 2, 71: 1, 20: 1, 58: 2, 17: 1, 59: 1, 68: 1, 64: 1}","[8990, 5890, 5954, 3194, 8063, 9362, 42, 7687, 3138, 2262, 8836, 1181, 652, 8458, 7029, 5371, 5136, 2333, 8587, 2246, 711, 3870, 2468, 3956, 887, 2844, 8941, 627, 7112, 2904, 1497, 3458]",1926,32,0,False,32
2137,change pin,change,21,False,True,False,"{44: 1, 51: 1, 55: 3, 62: 1, 11: 1, 74: 1, 12: 2, 66: 1, 48: 1, 54: 1, 26: 3, 60: 1, 15: 1, 67: 1, 45: 2, 61: 1, 46: 2, 71: 1, 20: 1, 58: 2, 17: 1, 59: 1, 68: 1, 64: 1}","[8990, 5890, 5954, 3194, 8063, 9362, 42, 7687, 3138, 2262, 8836, 1181, 652, 8458, 7029, 5371, 5136, 2333, 8587, 2246, 711, 3870, 2468, 3956, 887, 2844, 8941, 627, 7112, 2904, 1497, 3458]",2137,32,0,False,32
2980,apple pay or google pay,apple,2,False,True,False,"{44: 1, 51: 1, 55: 3, 62: 1, 11: 1, 74: 1, 12: 2, 66: 1, 48: 1, 54: 1, 26: 3, 60: 1, 15: 1, 67: 1, 45: 2, 61: 1, 46: 2, 71: 1, 20: 1, 58: 2, 17: 1, 59: 1, 68: 1, 64: 1}","[8990, 5890, 5954, 3194, 8063, 9362, 42, 7687, 3138, 2262, 8836, 1181, 652, 8458, 7029, 5371, 5136, 2333, 8587, 2246, 711, 3870, 2468, 3956, 887, 2844, 8941, 627, 7112, 2904, 1497, 3458]",2980,32,0,False,32
702,cancel transfer,cancel,8,False,True,False,"{44: 1, 51: 1, 55: 3, 62: 1, 11: 1, 74: 1, 12: 2, 66: 1, 48: 1, 54: 1, 26: 3, 60: 1, 15: 1, 67: 1, 45: 2, 61: 1, 46: 2, 71: 1, 20: 1, 58: 2, 17: 1, 59: 1, 68: 1, 64: 1}","[8990, 5890, 5954, 3194, 8063, 9362, 42, 7687, 3138, 2262, 8836, 1181, 652, 8458, 7029, 5371, 5136, 2333, 8587, 2246, 711, 3870, 2468, 3956, 887, 2844, 8941, 627, 7112, 2904, 1497, 3458]",702,32,0,False,32
2493,order physical card,order,43,False,True,False,"{44: 1, 51: 1, 55: 3, 62: 1, 11: 1, 74: 1, 12: 2, 66: 1, 48: 1, 54: 1, 26: 3, 60: 1, 15: 1, 67: 1, 45: 2, 61: 1, 46: 2, 71: 1, 20: 1, 58: 2, 17: 1, 59: 1, 68: 1, 64: 1}","[8990, 5890, 5954, 3194, 8063, 9362, 42, 7687, 3138, 2262, 8836, 1181, 652, 8458, 7029, 5371, 5136, 2333, 8587, 2246, 711, 3870, 2468, 3956, 887, 2844, 8941, 627, 7112, 2904, 1497, 3458]",2493,32,0,False,32
2210,transfer fee charged,transfer fee,64,True,True,False,"{44: 1, 51: 1, 55: 3, 62: 1, 11: 1, 74: 1, 12: 2, 66: 1, 48: 1, 54: 1, 26: 3, 60: 1, 15: 1, 67: 1, 45: 2, 61: 1, 46: 2, 71: 1, 20: 1, 58: 2, 17: 1, 59: 1, 68: 1, 64: 1}","[8990, 5890, 5954, 3194, 8063, 9362, 42, 7687, 3138, 2262, 8836, 1181, 652, 8458, 7029, 5371, 5136, 2333, 8587, 2246, 711, 3870, 2468, 3956, 887, 2844, 8941, 627, 7112, 2904, 1497, 3458]",2210,32,0,False,32
112,exchange rate,exchange rate,32,False,True,False,"{44: 1, 51: 1, 55: 3, 62: 1, 11: 1, 74: 1, 12: 2, 66: 1, 48: 1, 54: 1, 26: 3, 60: 1, 15: 1, 67: 1, 45: 2, 61: 1, 46: 2, 71: 1, 20: 1, 58: 2, 17: 1, 59: 1, 68: 1, 64: 1}","[8990, 5890, 5954, 3194, 8063, 9362, 42, 7687, 3138, 2262, 8836, 1181, 652, 8458, 7029, 5371, 5136, 2333, 8587, 2246, 711, 3870, 2468, 3956, 887, 2844, 8941, 627, 7112, 2904, 1497, 3458]",112,32,0,False,32
2909,cash withdrawal charge,cash withdrawal charge,19,False,True,False,"{44: 1, 51: 1, 55: 3, 62: 1, 11: 1, 74: 1, 12: 2, 66: 1, 48: 1, 54: 1, 26: 3, 60: 1, 15: 1, 67: 1, 45: 2, 61: 1, 46: 2, 71: 1, 20: 1, 58: 2, 17: 1, 59: 1, 68: 1, 64: 1}","[8990, 5890, 5954, 3194, 8063, 9362, 42, 7687, 3138, 2262, 8836, 1181, 652, 8458, 7029, 5371, 5136, 2333, 8587, 2246, 711, 3870, 2468, 3956, 887, 2844, 8941, 627, 7112, 2904, 1497, 3458]",2909,32,0,False,32
1987,transaction charged twice,transaction,63,False,True,False,"{44: 1, 51: 1, 55: 3, 62: 1, 11: 1, 74: 1, 12: 2, 66: 1, 48: 1, 54: 1, 26: 3, 60: 1, 15: 1, 67: 1, 45: 2, 61: 1, 46: 2, 71: 1, 20: 1, 58: 2, 17: 1, 59: 1, 68: 1, 64: 1}","[8990, 5890, 5954, 3194, 8063, 9362, 42, 7687, 3138, 2262, 8836, 1181, 652, 8458, 7029, 5371, 5136, 2333, 8587, 2246, 711, 3870, 2468, 3956, 887, 2844, 8941, 627, 7112, 2904, 1497, 3458]",1987,32,0,False,32
1283,supported cards and currencies,vis,73,False,False,False,"{44: 1, 51: 1, 55: 3, 62: 1, 11: 1, 74: 1, 12: 2, 66: 1, 48: 1, 54: 1, 26: 3, 60: 1, 15: 1, 67: 1, 45: 2, 61: 1, 46: 2, 71: 1, 20: 1, 58: 2, 17: 1, 59: 1, 68: 1, 64: 1}","[8990, 5890, 5954, 3194, 8063, 9362, 42, 7687, 3138, 2262, 8836, 1181, 652, 8458, 7029, 5371, 5136, 2333, 8587, 2246, 711, 3870, 2468, 3956, 887, 2844, 8941, 627, 7112, 2904, 1497, 3458]",1283,32,0,False,32
1539,passcode forgotten,pass,44,True,True,False,"{44: 1, 51: 1, 55: 3, 62: 1, 11: 1, 74: 1, 12: 2, 66: 1, 48: 1, 54: 1, 26: 3, 60: 1, 15: 1, 67: 1, 45: 2, 61: 1, 46: 2, 71: 1, 20: 1, 58: 2, 17: 1, 59: 1, 68: 1, 64: 1}","[8990, 5890, 5954, 3194, 8063, 9362, 42, 7687, 3138, 2262, 8836, 1181, 652, 8458, 7029, 5371, 5136, 2333, 8587, 2246, 711, 3870, 2468, 3956, 887, 2844, 8941, 627, 7112, 2904, 1497, 3458]",1539,32,0,False,32
2879,activate my card,activ,0,False,True,False,"{44: 1, 51: 1, 55: 3, 62: 1, 11: 1, 74: 1, 12: 2, 66: 1, 48: 1, 54: 1, 26: 3, 60: 1, 15: 1, 67: 1, 45: 2, 61: 1, 46: 2, 71: 1, 20: 1, 58: 2, 17: 1, 59: 1, 68: 1, 64: 1}","[8990, 5890, 5954, 3194, 8063, 9362, 42, 7687, 3138, 2262, 8836, 1181, 652, 8458, 7029, 5371, 5136, 2333, 8587, 2246, 711, 3870, 2468, 3956, 887, 2844, 8941, 627, 7112, 2904, 1497, 3458]",2879,32,0,False,32
1158,edit personal details,edit,30,False,True,False,"{44: 1, 51: 1, 55: 3, 62: 1, 11: 1, 74: 1, 12: 2, 66: 1, 48: 1, 54: 1, 26: 3, 60: 1, 15: 1, 67: 1, 45: 2, 61: 1, 46: 2, 71: 1, 20: 1, 58: 2, 17: 1, 59: 1, 68: 1, 64: 1}","[8990, 5890, 5954, 3194, 8063, 9362, 42, 7687, 3138, 2262, 8836, 1181, 652, 8458, 7029, 5371, 5136, 2333, 8587, 2246, 711, 3870, 2468, 3956, 887, 2844, 8941, 627, 7112, 2904, 1497, 3458]",1158,32,0,False,32
1376,disposable card limits,dispos,29,False,True,False,"{44: 1, 51: 1, 55: 3, 62: 1, 11: 1, 74: 1, 12: 2, 66: 1, 48: 1, 54: 1, 26: 3, 60: 1, 15: 1, 67: 1, 45: 2, 61: 1, 46: 2, 71: 1, 20: 1, 58: 2, 17: 1, 59: 1, 68: 1, 64: 1}","[8990, 5890, 5954, 3194, 8063, 9362, 42, 7687, 3138, 2262, 8836, 1181, 652, 8458, 7029, 5371, 5136, 2333, 8587, 2246, 711, 3870, 2468, 3956, 887, 2844, 8941, 627, 7112, 2904, 1497, 3458]",1376,32,0,False,32
1517,card payment not recognised,direct,28,False,False,False,"{44: 1, 51: 1, 55: 3, 62: 1, 11: 1, 74: 1, 12: 2, 66: 1, 48: 1, 54: 1, 26: 3, 60: 1, 15: 1, 67: 1, 45: 2, 61: 1, 46: 2, 71: 1, 20: 1, 58: 2, 17: 1, 59: 1, 68: 1, 64: 1}","[8990, 5890, 5954, 3194, 8063, 9362, 42, 7687, 3138, 2262, 8836, 1181, 652, 8458, 7029, 5371, 5136, 2333, 8587, 2246, 711, 3870, 2468, 3956, 887, 2844, 8941, 627, 7112, 2904, 1497, 3458]",1517,32,0,False,32
1171,why verify identity,why,74,True,True,False,"{44: 1, 51: 1, 55: 3, 62: 1, 11: 1, 74: 1, 12: 2, 66: 1, 48: 1, 54: 1, 26: 3, 60: 1, 15: 1, 67: 1, 45: 2, 61: 1, 46: 2, 71: 1, 20: 1, 58: 2, 17: 1, 59: 1, 68: 1, 64: 1}","[8990, 5890, 5954, 3194, 8063, 9362, 42, 7687, 3138, 2262, 8836, 1181, 652, 8458, 7029, 5371, 5136, 2333, 8587, 2246, 711, 3870, 2468, 3956, 887, 2844, 8941, 627, 7112, 2904, 1497, 3458]",1171,32,0,False,32
2242,receiving money,receiving,50,False,True,False,"{44: 1, 51: 1, 55: 3, 62: 1, 11: 1, 74: 1, 12: 2, 66: 1, 48: 1, 54: 1, 26: 3, 60: 1, 15: 1, 67: 1, 45: 2, 61: 1, 46: 2, 71: 1, 20: 1, 58: 2, 17: 1, 59: 1, 68: 1, 64: 1}","[8990, 5890, 5954, 3194, 8063, 9362, 42, 7687, 3138, 2262, 8836, 1181, 652, 8458, 7029, 5371, 5136, 2333, 8587, 2246, 711, 3870, 2468, 3956, 887, 2844, 8941, 627, 7112, 2904, 1497, 3458]",2242,32,0,False,32
1476,atm support,at,3,False,True,False,"{44: 1, 51: 1, 55: 3, 62: 1, 11: 1, 74: 1, 12: 2, 66: 1, 48: 1, 54: 1, 26: 3, 60: 1, 15: 1, 67: 1, 45: 2, 61: 1, 46: 2, 71: 1, 20: 1, 58: 2, 17: 1, 59: 1, 68: 1, 64: 1}","[8990, 5890, 5954, 3194, 8063, 9362, 42, 7687, 3138, 2262, 8836, 1181, 652, 8458, 7029, 5371, 5136, 2333, 8587, 2246, 711, 3870, 2468, 3956, 887, 2844, 8941, 627, 7112, 2904, 1497, 3458]",1476,32,0,False,32
237,pending cash withdrawal,pending c,46,True,True,False,"{44: 1, 51: 1, 55: 3, 62: 1, 11: 1, 74: 1, 12: 2, 66: 1, 48: 1, 54: 1, 26: 3, 60: 1, 15: 1, 67: 1, 45: 2, 61: 1, 46: 2, 71: 1, 20: 1, 58: 2, 17: 1, 59: 1, 68: 1, 64: 1}","[8990, 5890, 5954, 3194, 8063, 9362, 42, 7687, 3138, 2262, 8836, 1181, 652, 8458, 7029, 5371, 5136, 2333, 8587, 2246, 711, 3870, 2468, 3956, 887, 2844, 8941, 627, 7112, 2904, 1497, 3458]",237,32,0,False,32
1650,lost or stolen phone,lost or stolen phone,42,False,True,False,"{44: 1, 51: 1, 55: 3, 62: 1, 11: 1, 74: 1, 12: 2, 66: 1, 48: 1, 54: 1, 26: 3, 60: 1, 15: 1, 67: 1, 45: 2, 61: 1, 46: 2, 71: 1, 20: 1, 58: 2, 17: 1, 59: 1, 68: 1, 64: 1}","[8990, 5890, 5954, 3194, 8063, 9362, 42, 7687, 3138, 2262, 8836, 1181, 652, 8458, 7029, 5371, 5136, 2333, 8587, 2246, 711, 3870, 2468, 3956, 887, 2844, 8941, 627, 7112, 2904, 1497, 3458]",1650,32,0,False,32
2484,order physical card,order,43,False,True,False,"{44: 1, 51: 1, 55: 3, 62: 1, 11: 1, 74: 1, 12: 2, 66: 1, 48: 1, 54: 1, 26: 3, 60: 1, 15: 1, 67: 1, 45: 2, 61: 1, 46: 2, 71: 1, 20: 1, 58: 2, 17: 1, 59: 1, 68: 1, 64: 1}","[8990, 5890, 5954, 3194, 8063, 9362, 42, 7687, 3138, 2262, 8836, 1181, 652, 8458, 7029, 5371, 5136, 2333, 8587, 2246, 711, 3870, 2468, 3956, 887, 2844, 8941, 627, 7112, 2904, 1497, 3458]",2484,32,0,False,32
2105,reverted card payment?,revert,53,False,True,False,"{44: 1, 51: 1, 55: 3, 62: 1, 11: 1, 74: 1, 12: 2, 66: 1, 48: 1, 54: 1, 26: 3, 60: 1, 15: 1, 67: 1, 45: 2, 61: 1, 46: 2, 71: 1, 20: 1, 58: 2, 17: 1, 59: 1, 68: 1, 64: 1}","[8990, 5890, 5954, 3194, 8063, 9362, 42, 7687, 3138, 2262, 8836, 1181, 652, 8458, 7029, 5371, 5136, 2333, 8587, 2246, 711, 3870, 2468, 3956, 887, 2844, 8941, 627, 7112, 2904, 1497, 3458]",2105,32,0,False,32
2121,change pin,change,21,False,True,False,"{44: 1, 51: 1, 55: 3, 62: 1, 11: 1, 74: 1, 12: 2, 66: 1, 48: 1, 54: 1, 26: 3, 60: 1, 15: 1, 67: 1, 45: 2, 61: 1, 46: 2, 71: 1, 20: 1, 58: 2, 17: 1, 59: 1, 68: 1, 64: 1}","[8990, 5890, 5954, 3194, 8063, 9362, 42, 7687, 3138, 2262, 8836, 1181, 652, 8458, 7029, 5371, 5136, 2333, 8587, 2246, 711, 3870, 2468, 3956, 887, 2844, 8941, 627, 7112, 2904, 1497, 3458]",2121,32,0,False,32
1452,atm support,at,3,False,True,False,"{44: 1, 51: 1, 55: 3, 62: 1, 11: 1, 74: 1, 12: 2, 66: 1, 48: 1, 54: 1, 26: 3, 60: 1, 15: 1, 67: 1, 45: 2, 61: 1, 46: 2, 71: 1, 20: 1, 58: 2, 17: 1, 59: 1, 68: 1, 64: 1}","[8990, 5890, 5954, 3194, 8063, 9362, 42, 7687, 3138, 2262, 8836, 1181, 652, 8458, 7029, 5371, 5136, 2333, 8587, 2246, 711, 3870, 2468, 3956, 887, 2844, 8941, 627, 7112, 2904, 1497, 3458]",1452,32,0,False,32
274,fiat currency support,fi,36,False,True,False,"{44: 1, 51: 1, 55: 3, 62: 1, 11: 1, 74: 1, 12: 2, 66: 1, 48: 1, 54: 1, 26: 3, 60: 1, 15: 1, 67: 1, 45: 2, 61: 1, 46: 2, 71: 1, 20: 1, 58: 2, 17: 1, 59: 1, 68: 1, 64: 1}","[8990, 5890, 5954, 3194, 8063, 9362, 42, 7687, 3138, 2262, 8836, 1181, 652, 8458, 7029, 5371, 5136, 2333, 8587, 2246, 711, 3870, 2468, 3956, 887, 2844, 8941, 627, 7112, 2904, 1497, 3458]",274,32,0,False,32
564,contactless not working,contact,23,False,True,False,"{44: 1, 51: 1, 55: 3, 62: 1, 11: 1, 74: 1, 12: 2, 66: 1, 48: 1, 54: 1, 26: 3, 60: 1, 15: 1, 67: 1, 45: 2, 61: 1, 46: 2, 71: 1, 20: 1, 58: 2, 17: 1, 59: 1, 68: 1, 64: 1}","[8990, 5890, 5954, 3194, 8063, 9362, 42, 7687, 3138, 2262, 8836, 1181, 652, 8458, 7029, 5371, 5136, 2333, 8587, 2246, 711, 3870, 2468, 3956, 887, 2844, 8941, 627, 7112, 2904, 1497, 3458]",564,32,0,False,32
905,supported cards and currencies,supported,54,True,True,False,"{44: 1, 51: 1, 55: 3, 62: 1, 11: 1, 74: 1, 12: 2, 66: 1, 48: 1, 54: 1, 26: 3, 60: 1, 15: 1, 67: 1, 45: 2, 61: 1, 46: 2, 71: 1, 20: 1, 58: 2, 17: 1, 59: 1, 68: 1, 64: 1}","[8990, 5890, 5954, 3194, 8063, 9362, 42, 7687, 3138, 2262, 8836, 1181, 652, 8458, 7029, 5371, 5136, 2333, 8587, 2246, 711, 3870, 2468, 3956, 887, 2844, 8941, 627, 7112, 2904, 1497, 3458]",905,32,0,False,32
1535,passcode forgotten,pass,44,True,True,False,"{44: 1, 51: 1, 55: 3, 62: 1, 11: 1, 74: 1, 12: 2, 66: 1, 48: 1, 54: 1, 26: 3, 60: 1, 15: 1, 67: 1, 45: 2, 61: 1, 46: 2, 71: 1, 20: 1, 58: 2, 17: 1, 59: 1, 68: 1, 64: 1}","[8990, 5890, 5954, 3194, 8063, 9362, 42, 7687, 3138, 2262, 8836, 1181, 652, 8458, 7029, 5371, 5136, 2333, 8587, 2246, 711, 3870, 2468, 3956, 887, 2844, 8941, 627, 7112, 2904, 1497, 3458]",1535,32,0,False,32
2113,reverted card payment?,revert,53,False,True,False,"{44: 1, 51: 1, 55: 3, 62: 1, 11: 1, 74: 1, 12: 2, 66: 1, 48: 1, 54: 1, 26: 3, 60: 1, 15: 1, 67: 1, 45: 2, 61: 1, 46: 2, 71: 1, 20: 1, 58: 2, 17: 1, 59: 1, 68: 1, 64: 1}","[8990, 5890, 5954, 3194, 8063, 9362, 42, 7687, 3138, 2262, 8836, 1181, 652, 8458, 7029, 5371, 5136, 2333, 8587, 2246, 711, 3870, 2468, 3956, 887, 2844, 8941, 627, 7112, 2904, 1497, 3458]",2113,32,0,False,32
2142,change pin,change,21,False,True,False,"{44: 1, 51: 1, 55: 3, 62: 1, 11: 1, 74: 1, 12: 2, 66: 1, 48: 1, 54: 1, 26: 3, 60: 1, 15: 1, 67: 1, 45: 2, 61: 1, 46: 2, 71: 1, 20: 1, 58: 2, 17: 1, 59: 1, 68: 1, 64: 1}","[8990, 5890, 5954, 3194, 8063, 9362, 42, 7687, 3138, 2262, 8836, 1181, 652, 8458, 7029, 5371, 5136, 2333, 8587, 2246, 711, 3870, 2468, 3956, 887, 2844, 8941, 627, 7112, 2904, 1497, 3458]",2142,32,0,False,32
2965,apple pay or google pay,apple,2,False,True,False,"{44: 1, 51: 1, 55: 3, 62: 1, 11: 1, 74: 1, 12: 2, 66: 1, 48: 1, 54: 1, 26: 3, 60: 1, 15: 1, 67: 1, 45: 2, 61: 1, 46: 2, 71: 1, 20: 1, 58: 2, 17: 1, 59: 1, 68: 1, 64: 1}","[8990, 5890, 5954, 3194, 8063, 9362, 42, 7687, 3138, 2262, 8836, 1181, 652, 8458, 7029, 5371, 5136, 2333, 8587, 2246, 711, 3870, 2468, 3956, 887, 2844, 8941, 627, 7112, 2904, 1497, 3458]",2965,32,0,False,32
1834,failed transfer,declined card,25,False,False,False,"{44: 1, 51: 1, 55: 3, 62: 1, 11: 1, 74: 1, 12: 2, 66: 1, 48: 1, 54: 1, 26: 3, 60: 1, 15: 1, 67: 1, 45: 2, 61: 1, 46: 2, 71: 1, 20: 1, 58: 2, 17: 1, 59: 1, 68: 1, 64: 1}","[8990, 5890, 5954, 3194, 8063, 9362, 42, 7687, 3138, 2262, 8836, 1181, 652, 8458, 7029, 5371, 5136, 2333, 8587, 2246, 711, 3870, 2468, 3956, 887, 2844, 8941, 627, 7112, 2904, 1497, 3458]",1834,32,0,False,32
1549,passcode forgotten,pass,44,True,True,False,"{44: 1, 51: 1, 55: 3, 62: 1, 11: 1, 74: 1, 12: 2, 66: 1, 48: 1, 54: 1, 26: 3, 60: 1, 15: 1, 67: 1, 45: 2, 61: 1, 46: 2, 71: 1, 20: 1, 58: 2, 17: 1, 59: 1, 68: 1, 64: 1}","[8990, 5890, 5954, 3194, 8063, 9362, 42, 7687, 3138, 2262, 8836, 1181, 652, 8458, 7029, 5371, 5136, 2333, 8587, 2246, 711, 3870, 2468, 3956, 887, 2844, 8941, 627, 7112, 2904, 1497, 3458]",1549,32,0,False,32
1320,supported cards and currencies,to,62,True,False,False,"{44: 1, 51: 1, 55: 3, 62: 1, 11: 1, 74: 1, 12: 2, 66: 1, 48: 1, 54: 1, 26: 3, 60: 1, 15: 1, 67: 1, 45: 2, 61: 1, 46: 2, 71: 1, 20: 1, 58: 2, 17: 1, 59: 1, 68: 1, 64: 1}","[8990, 5890, 5954, 3194, 8063, 9362, 42, 7687, 3138, 2262, 8836, 1181, 652, 8458, 7029, 5371, 5136, 2333, 8587, 2246, 711, 3870, 2468, 3956, 887, 2844, 8941, 627, 7112, 2904, 1497, 3458]",1320,32,0,False,32
2421,getting spare card,getting spare,39,False,True,False,"{44: 1, 51: 1, 55: 3, 62: 1, 11: 1, 74: 1, 12: 2, 66: 1, 48: 1, 54: 1, 26: 3, 60: 1, 15: 1, 67: 1, 45: 2, 61: 1, 46: 2, 71: 1, 20: 1, 58: 2, 17: 1, 59: 1, 68: 1, 64: 1}","[8990, 5890, 5954, 3194, 8063, 9362, 42, 7687, 3138, 2262, 8836, 1181, 652, 8458, 7029, 5371, 5136, 2333, 8587, 2246, 711, 3870, 2468, 3956, 887, 2844, 8941, 627, 7112, 2904, 1497, 3458]",2421,32,0,False,32
2784,exchange via app,exchange charge,31,False,False,False,"{44: 1, 51: 1, 55: 3, 62: 1, 11: 1, 74: 1, 12: 2, 66: 1, 48: 1, 54: 1, 26: 3, 60: 1, 15: 1, 67: 1, 45: 2, 61: 1, 46: 2, 71: 1, 20: 1, 58: 2, 17: 1, 59: 1, 68: 1, 64: 1}","[8990, 5890, 5954, 3194, 8063, 9362, 42, 7687, 3138, 2262, 8836, 1181, 652, 8458, 7029, 5371, 5136, 2333, 8587, 2246, 711, 3870, 2468, 3956, 887, 2844, 8941, 627, 7112, 2904, 1497, 3458]",2784,32,0,False,32
768,wrong amount of cash received,wrong amount,75,False,True,False,"{44: 1, 51: 1, 55: 3, 62: 1, 11: 1, 74: 1, 12: 2, 66: 1, 48: 1, 54: 1, 26: 3, 60: 1, 15: 1, 67: 1, 45: 2, 61: 1, 46: 2, 71: 1, 20: 1, 58: 2, 17: 1, 59: 1, 68: 1, 64: 1}","[8990, 5890, 5954, 3194, 8063, 9362, 42, 7687, 3138, 2262, 8836, 1181, 652, 8458, 7029, 5371, 5136, 2333, 8587, 2246, 711, 3870, 2468, 3956, 887, 2844, 8941, 627, 7112, 2904, 1497, 3458]",768,32,0,False,32
2472,top up by cash or cheque,top up by c,58,True,True,False,"{44: 1, 51: 1, 55: 3, 62: 1, 11: 1, 74: 1, 12: 2, 66: 1, 48: 1, 54: 1, 26: 3, 60: 1, 15: 1, 67: 1, 45: 2, 61: 1, 46: 2, 71: 1, 20: 1, 58: 2, 17: 1, 59: 1, 68: 1, 64: 1}","[8990, 5890, 5954, 3194, 8063, 9362, 42, 7687, 3138, 2262, 8836, 1181, 652, 8458, 7029, 5371, 5136, 2333, 8587, 2246, 711, 3870, 2468, 3956, 887, 2844, 8941, 627, 7112, 2904, 1497, 3458]",2472,32,0,False,32
2154,change pin,change,21,False,True,False,"{44: 1, 51: 1, 55: 3, 62: 1, 11: 1, 74: 1, 12: 2, 66: 1, 48: 1, 54: 1, 26: 3, 60: 1, 15: 1, 67: 1, 45: 2, 61: 1, 46: 2, 71: 1, 20: 1, 58: 2, 17: 1, 59: 1, 68: 1, 64: 1}","[8990, 5890, 5954, 3194, 8063, 9362, 42, 7687, 3138, 2262, 8836, 1181, 652, 8458, 7029, 5371, 5136, 2333, 8587, 2246, 711, 3870, 2468, 3956, 887, 2844, 8941, 627, 7112, 2904, 1497, 3458]",2154,32,0,False,32
795,wrong amount of cash received,wrong amount,75,False,True,False,"{44: 1, 51: 1, 55: 3, 62: 1, 11: 1, 74: 1, 12: 2, 66: 1, 48: 1, 54: 1, 26: 3, 60: 1, 15: 1, 67: 1, 45: 2, 61: 1, 46: 2, 71: 1, 20: 1, 58: 2, 17: 1, 59: 1, 68: 1, 64: 1}","[8990, 5890, 5954, 3194, 8063, 9362, 42, 7687, 3138, 2262, 8836, 1181, 652, 8458, 7029, 5371, 5136, 2333, 8587, 2246, 711, 3870, 2468, 3956, 887, 2844, 8941, 627, 7112, 2904, 1497, 3458]",795,32,0,False,32
1278,get physical card,get physical,38,False,True,False,"{44: 1, 51: 1, 55: 3, 62: 1, 11: 1, 74: 1, 12: 2, 66: 1, 48: 1, 54: 1, 26: 3, 60: 1, 15: 1, 67: 1, 45: 2, 61: 1, 46: 2, 71: 1, 20: 1, 58: 2, 17: 1, 59: 1, 68: 1, 64: 1}","[8990, 5890, 5954, 3194, 8063, 9362, 42, 7687, 3138, 2262, 8836, 1181, 652, 8458, 7029, 5371, 5136, 2333, 8587, 2246, 711, 3870, 2468, 3956, 887, 2844, 8941, 627, 7112, 2904, 1497, 3458]",1278,32,0,False,32
1494,direct debit payment not recognised,direct,28,False,True,False,"{44: 1, 51: 1, 55: 3, 62: 1, 11: 1, 74: 1, 12: 2, 66: 1, 48: 1, 54: 1, 26: 3, 60: 1, 15: 1, 67: 1, 45: 2, 61: 1, 46: 2, 71: 1, 20: 1, 58: 2, 17: 1, 59: 1, 68: 1, 64: 1}","[8990, 5890, 5954, 3194, 8063, 9362, 42, 7687, 3138, 2262, 8836, 1181, 652, 8458, 7029, 5371, 5136, 2333, 8587, 2246, 711, 3870, 2468, 3956, 887, 2844, 8941, 627, 7112, 2904, 1497, 3458]",1494,32,0,False,32
241,fiat currency support,fi,36,False,True,False,"{44: 1, 51: 1, 55: 3, 62: 1, 11: 1, 74: 1, 12: 2, 66: 1, 48: 1, 54: 1, 26: 3, 60: 1, 15: 1, 67: 1, 45: 2, 61: 1, 46: 2, 71: 1, 20: 1, 58: 2, 17: 1, 59: 1, 68: 1, 64: 1}","[8990, 5890, 5954, 3194, 8063, 9362, 42, 7687, 3138, 2262, 8836, 1181, 652, 8458, 7029, 5371, 5136, 2333, 8587, 2246, 711, 3870, 2468, 3956, 887, 2844, 8941, 627, 7112, 2904, 1497, 3458]",241,32,0,False,32
3060,country support,country,24,False,True,False,"{44: 1, 51: 1, 55: 3, 62: 1, 11: 1, 74: 1, 12: 2, 66: 1, 48: 1, 54: 1, 26: 3, 60: 1, 15: 1, 67: 1, 45: 2, 61: 1, 46: 2, 71: 1, 20: 1, 58: 2, 17: 1, 59: 1, 68: 1, 64: 1}","[8990, 5890, 5954, 3194, 8063, 9362, 42, 7687, 3138, 2262, 8836, 1181, 652, 8458, 7029, 5371, 5136, 2333, 8587, 2246, 711, 3870, 2468, 3956, 887, 2844, 8941, 627, 7112, 2904, 1497, 3458]",3060,32,0,False,32
494,age limit,age,1,False,True,False,"{44: 1, 51: 1, 55: 3, 62: 1, 11: 1, 74: 1, 12: 2, 66: 1, 48: 1, 54: 1, 26: 3, 60: 1, 15: 1, 67: 1, 45: 2, 61: 1, 46: 2, 71: 1, 20: 1, 58: 2, 17: 1, 59: 1, 68: 1, 64: 1}","[8990, 5890, 5954, 3194, 8063, 9362, 42, 7687, 3138, 2262, 8836, 1181, 652, 8458, 7029, 5371, 5136, 2333, 8587, 2246, 711, 3870, 2468, 3956, 887, 2844, 8941, 627, 7112, 2904, 1497, 3458]",494,32,0,False,32
327,automatic top up,automatic,4,False,True,False,"{44: 1, 51: 1, 55: 3, 62: 1, 11: 1, 74: 1, 12: 2, 66: 1, 48: 1, 54: 1, 26: 3, 60: 1, 15: 1, 67: 1, 45: 2, 61: 1, 46: 2, 71: 1, 20: 1, 58: 2, 17: 1, 59: 1, 68: 1, 64: 1}","[8990, 5890, 5954, 3194, 8063, 9362, 42, 7687, 3138, 2262, 8836, 1181, 652, 8458, 7029, 5371, 5136, 2333, 8587, 2246, 711, 3870, 2468, 3956, 887, 2844, 8941, 627, 7112, 2904, 1497, 3458]",327,32,0,False,32
458,lost or stolen card,lost or stolen card,41,False,True,False,"{44: 1, 51: 1, 55: 3, 62: 1, 11: 1, 74: 1, 12: 2, 66: 1, 48: 1, 54: 1, 26: 3, 60: 1, 15: 1, 67: 1, 45: 2, 61: 1, 46: 2, 71: 1, 20: 1, 58: 2, 17: 1, 59: 1, 68: 1, 64: 1}","[8990, 5890, 5954, 3194, 8063, 9362, 42, 7687, 3138, 2262, 8836, 1181, 652, 8458, 7029, 5371, 5136, 2333, 8587, 2246, 711, 3870, 2468, 3956, 887, 2844, 8941, 627, 7112, 2904, 1497, 3458]",458,32,0,False,32
428,exchange via app,exchange via,33,False,True,False,"{44: 1, 51: 1, 55: 3, 62: 1, 11: 1, 74: 1, 12: 2, 66: 1, 48: 1, 54: 1, 26: 3, 60: 1, 15: 1, 67: 1, 45: 2, 61: 1, 46: 2, 71: 1, 20: 1, 58: 2, 17: 1, 59: 1, 68: 1, 64: 1}","[8990, 5890, 5954, 3194, 8063, 9362, 42, 7687, 3138, 2262, 8836, 1181, 652, 8458, 7029, 5371, 5136, 2333, 8587, 2246, 711, 3870, 2468, 3956, 887, 2844, 8941, 627, 7112, 2904, 1497, 3458]",428,32,0,False,32
2862,activate my card,activ,0,False,True,False,"{44: 1, 51: 1, 55: 3, 62: 1, 11: 1, 74: 1, 12: 2, 66: 1, 48: 1, 54: 1, 26: 3, 60: 1, 15: 1, 67: 1, 45: 2, 61: 1, 46: 2, 71: 1, 20: 1, 58: 2, 17: 1, 59: 1, 68: 1, 64: 1}","[8990, 5890, 5954, 3194, 8063, 9362, 42, 7687, 3138, 2262, 8836, 1181, 652, 8458, 7029, 5371, 5136, 2333, 8587, 2246, 711, 3870, 2468, 3956, 887, 2844, 8941, 627, 7112, 2904, 1497, 3458]",2862,32,0,False,32
2164,transfer not received by recipient,benef,7,False,False,False,"{44: 1, 51: 1, 55: 3, 62: 1, 11: 1, 74: 1, 12: 2, 66: 1, 48: 1, 54: 1, 26: 3, 60: 1, 15: 1, 67: 1, 45: 2, 61: 1, 46: 2, 71: 1, 20: 1, 58: 2, 17: 1, 59: 1, 68: 1, 64: 1}","[8990, 5890, 5954, 3194, 8063, 9362, 42, 7687, 3138, 2262, 8836, 1181, 652, 8458, 7029, 5371, 5136, 2333, 8587, 2246, 711, 3870, 2468, 3956, 887, 2844, 8941, 627, 7112, 2904, 1497, 3458]",2164,32,0,False,32
2897,cash withdrawal charge,cash withdrawal charge,19,False,True,False,"{44: 1, 51: 1, 55: 3, 62: 1, 11: 1, 74: 1, 12: 2, 66: 1, 48: 1, 54: 1, 26: 3, 60: 1, 15: 1, 67: 1, 45: 2, 61: 1, 46: 2, 71: 1, 20: 1, 58: 2, 17: 1, 59: 1, 68: 1, 64: 1}","[8990, 5890, 5954, 3194, 8063, 9362, 42, 7687, 3138, 2262, 8836, 1181, 652, 8458, 7029, 5371, 5136, 2333, 8587, 2246, 711, 3870, 2468, 3956, 887, 2844, 8941, 627, 7112, 2904, 1497, 3458]",2897,32,0,False,32
2440,top up by cash or cheque,top up by c,58,True,True,False,"{44: 1, 51: 1, 55: 3, 62: 1, 11: 1, 74: 1, 12: 2, 66: 1, 48: 1, 54: 1, 26: 3, 60: 1, 15: 1, 67: 1, 45: 2, 61: 1, 46: 2, 71: 1, 20: 1, 58: 2, 17: 1, 59: 1, 68: 1, 64: 1}","[8990, 5890, 5954, 3194, 8063, 9362, 42, 7687, 3138, 2262, 8836, 1181, 652, 8458, 7029, 5371, 5136, 2333, 8587, 2246, 711, 3870, 2468, 3956, 887, 2844, 8941, 627, 7112, 2904, 1497, 3458]",2440,32,0,False,32
1663,lost or stolen phone,lost or stolen phone,42,False,True,False,"{44: 1, 51: 1, 55: 3, 62: 1, 11: 1, 74: 1, 12: 2, 66: 1, 48: 1, 54: 1, 26: 3, 60: 1, 15: 1, 67: 1, 45: 2, 61: 1, 46: 2, 71: 1, 20: 1, 58: 2, 17: 1, 59: 1, 68: 1, 64: 1}","[8990, 5890, 5954, 3194, 8063, 9362, 42, 7687, 3138, 2262, 8836, 1181, 652, 8458, 7029, 5371, 5136, 2333, 8587, 2246, 711, 3870, 2468, 3956, 887, 2844, 8941, 627, 7112, 2904, 1497, 3458]",1663,32,0,False,32
2700,balance not updated after bank transfer,balance not updated after bank,5,False,True,False,"{44: 1, 51: 1, 55: 3, 62: 1, 11: 1, 74: 1, 12: 2, 66: 1, 48: 1, 54: 1, 26: 3, 60: 1, 15: 1, 67: 1, 45: 2, 61: 1, 46: 2, 71: 1, 20: 1, 58: 2, 17: 1, 59: 1, 68: 1, 64: 1}","[8990, 5890, 5954, 3194, 8063, 9362, 42, 7687, 3138, 2262, 8836, 1181, 652, 8458, 7029, 5371, 5136, 2333, 8587, 2246, 711, 3870, 2468, 3956, 887, 2844, 8941, 627, 7112, 2904, 1497, 3458]",2700,32,0,False,32
2955,card about to expire,card about,9,False,True,False,"{44: 1, 51: 1, 55: 3, 62: 1, 11: 1, 74: 1, 12: 2, 66: 1, 48: 1, 54: 1, 26: 3, 60: 1, 15: 1, 67: 1, 45: 2, 61: 1, 46: 2, 71: 1, 20: 1, 58: 2, 17: 1, 59: 1, 68: 1, 64: 1}","[8990, 5890, 5954, 3194, 8063, 9362, 42, 7687, 3138, 2262, 8836, 1181, 652, 8458, 7029, 5371, 5136, 2333, 8587, 2246, 711, 3870, 2468, 3956, 887, 2844, 8941, 627, 7112, 2904, 1497, 3458]",2955,32,0,False,32
522,pin blocked,pin,49,False,True,False,"{44: 1, 51: 1, 55: 3, 62: 1, 11: 1, 74: 1, 12: 2, 66: 1, 48: 1, 54: 1, 26: 3, 60: 1, 15: 1, 67: 1, 45: 2, 61: 1, 46: 2, 71: 1, 20: 1, 58: 2, 17: 1, 59: 1, 68: 1, 64: 1}","[8990, 5890, 5954, 3194, 8063, 9362, 42, 7687, 3138, 2262, 8836, 1181, 652, 8458, 7029, 5371, 5136, 2333, 8587, 2246, 711, 3870, 2468, 3956, 887, 2844, 8941, 627, 7112, 2904, 1497, 3458]",522,32,0,False,32
1788,Refund not showing up,Ref,51,True,True,False,"{44: 1, 51: 1, 55: 3, 62: 1, 11: 1, 74: 1, 12: 2, 66: 1, 48: 1, 54: 1, 26: 3, 60: 1, 15: 1, 67: 1, 45: 2, 61: 1, 46: 2, 71: 1, 20: 1, 58: 2, 17: 1, 59: 1, 68: 1, 64: 1}","[8990, 5890, 5954, 3194, 8063, 9362, 42, 7687, 3138, 2262, 8836, 1181, 652, 8458, 7029, 5371, 5136, 2333, 8587, 2246, 711, 3870, 2468, 3956, 887, 2844, 8941, 627, 7112, 2904, 1497, 3458]",1788,32,0,False,32
1055,balance not updated after cheque or cash deposit,balance not updated after che,6,False,True,False,"{44: 1, 51: 1, 55: 3, 62: 1, 11: 1, 74: 1, 12: 2, 66: 1, 48: 1, 54: 1, 26: 3, 60: 1, 15: 1, 67: 1, 45: 2, 61: 1, 46: 2, 71: 1, 20: 1, 58: 2, 17: 1, 59: 1, 68: 1, 64: 1}","[8990, 5890, 5954, 3194, 8063, 9362, 42, 7687, 3138, 2262, 8836, 1181, 652, 8458, 7029, 5371, 5136, 2333, 8587, 2246, 711, 3870, 2468, 3956, 887, 2844, 8941, 627, 7112, 2904, 1497, 3458]",1055,32,0,False,32
2992,apple pay or google pay,apple,2,False,True,False,"{44: 1, 51: 1, 55: 3, 62: 1, 11: 1, 74: 1, 12: 2, 66: 1, 48: 1, 54: 1, 26: 3, 60: 1, 15: 1, 67: 1, 45: 2, 61: 1, 46: 2, 71: 1, 20: 1, 58: 2, 17: 1, 59: 1, 68: 1, 64: 1}","[8990, 5890, 5954, 3194, 8063, 9362, 42, 7687, 3138, 2262, 8836, 1181, 652, 8458, 7029, 5371, 5136, 2333, 8587, 2246, 711, 3870, 2468, 3956, 887, 2844, 8941, 627, 7112, 2904, 1497, 3458]",2992,32,0,False,32
1093,card payment not recognised,card payment not,16,False,True,False,"{44: 1, 51: 1, 55: 3, 62: 1, 11: 1, 74: 1, 12: 2, 66: 1, 48: 1, 54: 1, 26: 3, 60: 1, 15: 1, 67: 1, 45: 2, 61: 1, 46: 2, 71: 1, 20: 1, 58: 2, 17: 1, 59: 1, 68: 1, 64: 1}","[8990, 5890, 5954, 3194, 8063, 9362, 42, 7687, 3138, 2262, 8836, 1181, 652, 8458, 7029, 5371, 5136, 2333, 8587, 2246, 711, 3870, 2468, 3956, 887, 2844, 8941, 627, 7112, 2904, 1497, 3458]",1093,32,0,False,32
791,wrong amount of cash received,wrong amount,75,False,True,False,"{44: 1, 51: 1, 55: 3, 62: 1, 11: 1, 74: 1, 12: 2, 66: 1, 48: 1, 54: 1, 26: 3, 60: 1, 15: 1, 67: 1, 45: 2, 61: 1, 46: 2, 71: 1, 20: 1, 58: 2, 17: 1, 59: 1, 68: 1, 64: 1}","[8990, 5890, 5954, 3194, 8063, 9362, 42, 7687, 3138, 2262, 8836, 1181, 652, 8458, 7029, 5371, 5136, 2333, 8587, 2246, 711, 3870, 2468, 3956, 887, 2844, 8941, 627, 7112, 2904, 1497, 3458]",791,32,0,False,32
894,supported cards and currencies,supported,54,True,True,False,"{44: 1, 51: 1, 55: 3, 62: 1, 11: 1, 74: 1, 12: 2, 66: 1, 48: 1, 54: 1, 26: 3, 60: 1, 15: 1, 67: 1, 45: 2, 61: 1, 46: 2, 71: 1, 20: 1, 58: 2, 17: 1, 59: 1, 68: 1, 64: 1}","[8990, 5890, 5954, 3194, 8063, 9362, 42, 7687, 3138, 2262, 8836, 1181, 652, 8458, 7029, 5371, 5136, 2333, 8587, 2246, 711, 3870, 2468, 3956, 887, 2844, 8941, 627, 7112, 2904, 1497, 3458]",894,32,0,False,32
897,supported cards and currencies,supported,54,True,True,False,"{44: 1, 51: 1, 55: 3, 62: 1, 11: 1, 74: 1, 12: 2, 66: 1, 48: 1, 54: 1, 26: 3, 60: 1, 15: 1, 67: 1, 45: 2, 61: 1, 46: 2, 71: 1, 20: 1, 58: 2, 17: 1, 59: 1, 68: 1, 64: 1}","[8990, 5890, 5954, 3194, 8063, 9362, 42, 7687, 3138, 2262, 8836, 1181, 652, 8458, 7029, 5371, 5136, 2333, 8587, 2246, 711, 3870, 2468, 3956, 887, 2844, 8941, 627, 7112, 2904, 1497, 3458]",897,32,0,False,32
1175,why verify identity,why,74,True,True,False,"{44: 1, 51: 1, 55: 3, 62: 1, 11: 1, 74: 1, 12: 2, 66: 1, 48: 1, 54: 1, 26: 3, 60: 1, 15: 1, 67: 1, 45: 2, 61: 1, 46: 2, 71: 1, 20: 1, 58: 2, 17: 1, 59: 1, 68: 1, 64: 1}","[8990, 5890, 5954, 3194, 8063, 9362, 42, 7687, 3138, 2262, 8836, 1181, 652, 8458, 7029, 5371, 5136, 2333, 8587, 2246, 711, 3870, 2468, 3956, 887, 2844, 8941, 627, 7112, 2904, 1497, 3458]",1175,32,0,False,32
68,card linking,card linking,13,False,True,False,"{44: 1, 51: 1, 55: 3, 62: 1, 11: 1, 74: 1, 12: 2, 66: 1, 48: 1, 54: 1, 26: 3, 60: 1, 15: 1, 67: 1, 45: 2, 61: 1, 46: 2, 71: 1, 20: 1, 58: 2, 17: 1, 59: 1, 68: 1, 64: 1}","[8990, 5890, 5954, 3194, 8063, 9362, 42, 7687, 3138, 2262, 8836, 1181, 652, 8458, 7029, 5371, 5136, 2333, 8587, 2246, 711, 3870, 2468, 3956, 887, 2844, 8941, 627, 7112, 2904, 1497, 3458]",68,32,0,False,32
1551,passcode forgotten,pass,44,True,True,False,"{44: 1, 51: 1, 55: 3, 62: 1, 11: 1, 74: 1, 12: 2, 66: 1, 48: 1, 54: 1, 26: 3, 60: 1, 15: 1, 67: 1, 45: 2, 61: 1, 46: 2, 71: 1, 20: 1, 58: 2, 17: 1, 59: 1, 68: 1, 64: 1}","[8990, 5890, 5954, 3194, 8063, 9362, 42, 7687, 3138, 2262, 8836, 1181, 652, 8458, 7029, 5371, 5136, 2333, 8587, 2246, 711, 3870, 2468, 3956, 887, 2844, 8941, 627, 7112, 2904, 1497, 3458]",1551,32,0,False,32
1508,direct debit payment not recognised,direct,28,False,True,False,"{44: 1, 51: 1, 55: 3, 62: 1, 11: 1, 74: 1, 12: 2, 66: 1, 48: 1, 54: 1, 26: 3, 60: 1, 15: 1, 67: 1, 45: 2, 61: 1, 46: 2, 71: 1, 20: 1, 58: 2, 17: 1, 59: 1, 68: 1, 64: 1}","[8990, 5890, 5954, 3194, 8063, 9362, 42, 7687, 3138, 2262, 8836, 1181, 652, 8458, 7029, 5371, 5136, 2333, 8587, 2246, 711, 3870, 2468, 3956, 887, 2844, 8941, 627, 7112, 2904, 1497, 3458]",1508,32,0,False,32
2250,receiving money,receiving,50,False,True,False,"{44: 1, 51: 1, 55: 3, 62: 1, 11: 1, 74: 1, 12: 2, 66: 1, 48: 1, 54: 1, 26: 3, 60: 1, 15: 1, 67: 1, 45: 2, 61: 1, 46: 2, 71: 1, 20: 1, 58: 2, 17: 1, 59: 1, 68: 1, 64: 1}","[8990, 5890, 5954, 3194, 8063, 9362, 42, 7687, 3138, 2262, 8836, 1181, 652, 8458, 7029, 5371, 5136, 2333, 8587, 2246, 711, 3870, 2468, 3956, 887, 2844, 8941, 627, 7112, 2904, 1497, 3458]",2250,32,0,False,32
519,age limit,age,1,False,True,False,"{44: 1, 51: 1, 55: 3, 62: 1, 11: 1, 74: 1, 12: 2, 66: 1, 48: 1, 54: 1, 26: 3, 60: 1, 15: 1, 67: 1, 45: 2, 61: 1, 46: 2, 71: 1, 20: 1, 58: 2, 17: 1, 59: 1, 68: 1, 64: 1}","[8990, 5890, 5954, 3194, 8063, 9362, 42, 7687, 3138, 2262, 8836, 1181, 652, 8458, 7029, 5371, 5136, 2333, 8587, 2246, 711, 3870, 2468, 3956, 887, 2844, 8941, 627, 7112, 2904, 1497, 3458]",519,32,0,False,32
1731,declined transfer,declined transfer,27,False,True,False,"{44: 1, 51: 1, 55: 3, 62: 1, 11: 1, 74: 1, 12: 2, 66: 1, 48: 1, 54: 1, 26: 3, 60: 1, 15: 1, 67: 1, 45: 2, 61: 1, 46: 2, 71: 1, 20: 1, 58: 2, 17: 1, 59: 1, 68: 1, 64: 1}","[8990, 5890, 5954, 3194, 8063, 9362, 42, 7687, 3138, 2262, 8836, 1181, 652, 8458, 7029, 5371, 5136, 2333, 8587, 2246, 711, 3870, 2468, 3956, 887, 2844, 8941, 627, 7112, 2904, 1497, 3458]",1731,32,0,False,32
1210,unable to verify identity,unable,68,True,True,False,"{44: 1, 51: 1, 55: 3, 62: 1, 11: 1, 74: 1, 12: 2, 66: 1, 48: 1, 54: 1, 26: 3, 60: 1, 15: 1, 67: 1, 45: 2, 61: 1, 46: 2, 71: 1, 20: 1, 58: 2, 17: 1, 59: 1, 68: 1, 64: 1}","[8990, 5890, 5954, 3194, 8063, 9362, 42, 7687, 3138, 2262, 8836, 1181, 652, 8458, 7029, 5371, 5136, 2333, 8587, 2246, 711, 3870, 2468, 3956, 887, 2844, 8941, 627, 7112, 2904, 1497, 3458]",1210,32,0,False,32
1750,declined transfer,declined transfer,27,False,True,False,"{44: 1, 51: 1, 55: 3, 62: 1, 11: 1, 74: 1, 12: 2, 66: 1, 48: 1, 54: 1, 26: 3, 60: 1, 15: 1, 67: 1, 45: 2, 61: 1, 46: 2, 71: 1, 20: 1, 58: 2, 17: 1, 59: 1, 68: 1, 64: 1}","[8990, 5890, 5954, 3194, 8063, 9362, 42, 7687, 3138, 2262, 8836, 1181, 652, 8458, 7029, 5371, 5136, 2333, 8587, 2246, 711, 3870, 2468, 3956, 887, 2844, 8941, 627, 7112, 2904, 1497, 3458]",1750,32,0,False,32
1687,request refund,request,52,False,True,False,"{44: 1, 51: 1, 55: 3, 62: 1, 11: 1, 74: 1, 12: 2, 66: 1, 48: 1, 54: 1, 26: 3, 60: 1, 15: 1, 67: 1, 45: 2, 61: 1, 46: 2, 71: 1, 20: 1, 58: 2, 17: 1, 59: 1, 68: 1, 64: 1}","[8990, 5890, 5954, 3194, 8063, 9362, 42, 7687, 3138, 2262, 8836, 1181, 652, 8458, 7029, 5371, 5136, 2333, 8587, 2246, 711, 3870, 2468, 3956, 887, 2844, 8941, 627, 7112, 2904, 1497, 3458]",1687,32,0,False,32
891,supported cards and currencies,supported,54,True,True,False,"{44: 1, 51: 1, 55: 3, 62: 1, 11: 1, 74: 1, 12: 2, 66: 1, 48: 1, 54: 1, 26: 3, 60: 1, 15: 1, 67: 1, 45: 2, 61: 1, 46: 2, 71: 1, 20: 1, 58: 2, 17: 1, 59: 1, 68: 1, 64: 1}","[8990, 5890, 5954, 3194, 8063, 9362, 42, 7687, 3138, 2262, 8836, 1181, 652, 8458, 7029, 5371, 5136, 2333, 8587, 2246, 711, 3870, 2468, 3956, 887, 2844, 8941, 627, 7112, 2904, 1497, 3458]",891,32,0,False,32
1061,balance not updated after cheque or cash deposit,balance not updated after che,6,False,True,False,"{44: 1, 51: 1, 55: 3, 62: 1, 11: 1, 74: 1, 12: 2, 66: 1, 48: 1, 54: 1, 26: 3, 60: 1, 15: 1, 67: 1, 45: 2, 61: 1, 46: 2, 71: 1, 20: 1, 58: 2, 17: 1, 59: 1, 68: 1, 64: 1}","[8990, 5890, 5954, 3194, 8063, 9362, 42, 7687, 3138, 2262, 8836, 1181, 652, 8458, 7029, 5371, 5136, 2333, 8587, 2246, 711, 3870, 2468, 3956, 887, 2844, 8941, 627, 7112, 2904, 1497, 3458]",1061,32,0,False,32
2403,getting spare card,getting spare,39,False,True,False,"{44: 1, 51: 1, 55: 3, 62: 1, 11: 1, 74: 1, 12: 2, 66: 1, 48: 1, 54: 1, 26: 3, 60: 1, 15: 1, 67: 1, 45: 2, 61: 1, 46: 2, 71: 1, 20: 1, 58: 2, 17: 1, 59: 1, 68: 1, 64: 1}","[8990, 5890, 5954, 3194, 8063, 9362, 42, 7687, 3138, 2262, 8836, 1181, 652, 8458, 7029, 5371, 5136, 2333, 8587, 2246, 711, 3870, 2468, 3956, 887, 2844, 8941, 627, 7112, 2904, 1497, 3458]",2403,32,0,False,32
1898,terminate account,terminate,55,True,True,False,"{44: 1, 51: 1, 55: 3, 62: 1, 11: 1, 74: 1, 12: 2, 66: 1, 48: 1, 54: 1, 26: 3, 60: 1, 15: 1, 67: 1, 45: 2, 61: 1, 46: 2, 71: 1, 20: 1, 58: 2, 17: 1, 59: 1, 68: 1, 64: 1}","[8990, 5890, 5954, 3194, 8063, 9362, 42, 7687, 3138, 2262, 8836, 1181, 652, 8458, 7029, 5371, 5136, 2333, 8587, 2246, 711, 3870, 2468, 3956, 887, 2844, 8941, 627, 7112, 2904, 1497, 3458]",1898,32,0,False,32
2978,apple pay or google pay,apple,2,False,True,False,"{44: 1, 51: 1, 55: 3, 62: 1, 11: 1, 74: 1, 12: 2, 66: 1, 48: 1, 54: 1, 26: 3, 60: 1, 15: 1, 67: 1, 45: 2, 61: 1, 46: 2, 71: 1, 20: 1, 58: 2, 17: 1, 59: 1, 68: 1, 64: 1}","[8990, 5890, 5954, 3194, 8063, 9362, 42, 7687, 3138, 2262, 8836, 1181, 652, 8458, 7029, 5371, 5136, 2333, 8587, 2246, 711, 3870, 2468, 3956, 887, 2844, 8941, 627, 7112, 2904, 1497, 3458]",2978,32,0,False,32
1427,compromised card,comprom,22,False,True,False,"{44: 1, 51: 1, 55: 3, 62: 1, 11: 1, 74: 1, 12: 2, 66: 1, 48: 1, 54: 1, 26: 3, 60: 1, 15: 1, 67: 1, 45: 2, 61: 1, 46: 2, 71: 1, 20: 1, 58: 2, 17: 1, 59: 1, 68: 1, 64: 1}","[8990, 5890, 5954, 3194, 8063, 9362, 42, 7687, 3138, 2262, 8836, 1181, 652, 8458, 7029, 5371, 5136, 2333, 8587, 2246, 711, 3870, 2468, 3956, 887, 2844, 8941, 627, 7112, 2904, 1497, 3458]",1427,32,0,False,32
1526,passcode forgotten,pass,44,True,True,False,"{44: 1, 51: 1, 55: 3, 62: 1, 11: 1, 74: 1, 12: 2, 66: 1, 48: 1, 54: 1, 26: 3, 60: 1, 15: 1, 67: 1, 45: 2, 61: 1, 46: 2, 71: 1, 20: 1, 58: 2, 17: 1, 59: 1, 68: 1, 64: 1}","[8990, 5890, 5954, 3194, 8063, 9362, 42, 7687, 3138, 2262, 8836, 1181, 652, 8458, 7029, 5371, 5136, 2333, 8587, 2246, 711, 3870, 2468, 3956, 887, 2844, 8941, 627, 7112, 2904, 1497, 3458]",1526,32,0,False,32
824,card payment fee charged,card payment fee,15,True,True,False,"{44: 1, 51: 1, 55: 3, 62: 1, 11: 1, 74: 1, 12: 2, 66: 1, 48: 1, 54: 1, 26: 3, 60: 1, 15: 1, 67: 1, 45: 2, 61: 1, 46: 2, 71: 1, 20: 1, 58: 2, 17: 1, 59: 1, 68: 1, 64: 1}","[8990, 5890, 5954, 3194, 8063, 9362, 42, 7687, 3138, 2262, 8836, 1181, 652, 8458, 7029, 5371, 5136, 2333, 8587, 2246, 711, 3870, 2468, 3956, 887, 2844, 8941, 627, 7112, 2904, 1497, 3458]",824,32,0,False,32
1983,transaction charged twice,transaction,63,False,True,False,"{44: 1, 51: 1, 55: 3, 62: 1, 11: 1, 74: 1, 12: 2, 66: 1, 48: 1, 54: 1, 26: 3, 60: 1, 15: 1, 67: 1, 45: 2, 61: 1, 46: 2, 71: 1, 20: 1, 58: 2, 17: 1, 59: 1, 68: 1, 64: 1}","[8990, 5890, 5954, 3194, 8063, 9362, 42, 7687, 3138, 2262, 8836, 1181, 652, 8458, 7029, 5371, 5136, 2333, 8587, 2246, 711, 3870, 2468, 3956, 887, 2844, 8941, 627, 7112, 2904, 1497, 3458]",1983,32,0,False,32
2132,change pin,change,21,False,True,False,"{44: 1, 51: 1, 55: 3, 62: 1, 11: 1, 74: 1, 12: 2, 66: 1, 48: 1, 54: 1, 26: 3, 60: 1, 15: 1, 67: 1, 45: 2, 61: 1, 46: 2, 71: 1, 20: 1, 58: 2, 17: 1, 59: 1, 68: 1, 64: 1}","[8990, 5890, 5954, 3194, 8063, 9362, 42, 7687, 3138, 2262, 8836, 1181, 652, 8458, 7029, 5371, 5136, 2333, 8587, 2246, 711, 3870, 2468, 3956, 887, 2844, 8941, 627, 7112, 2904, 1497, 3458]",2132,32,0,False,32
418,exchange via app,exchange via,33,False,True,False,"{44: 1, 51: 1, 55: 3, 62: 1, 11: 1, 74: 1, 12: 2, 66: 1, 48: 1, 54: 1, 26: 3, 60: 1, 15: 1, 67: 1, 45: 2, 61: 1, 46: 2, 71: 1, 20: 1, 58: 2, 17: 1, 59: 1, 68: 1, 64: 1}","[8990, 5890, 5954, 3194, 8063, 9362, 42, 7687, 3138, 2262, 8836, 1181, 652, 8458, 7029, 5371, 5136, 2333, 8587, 2246, 711, 3870, 2468, 3956, 887, 2844, 8941, 627, 7112, 2904, 1497, 3458]",418,32,0,False,32
1345,topping up by card,to,62,True,True,False,"{44: 1, 51: 1, 55: 3, 62: 1, 11: 1, 74: 1, 12: 2, 66: 1, 48: 1, 54: 1, 26: 3, 60: 1, 15: 1, 67: 1, 45: 2, 61: 1, 46: 2, 71: 1, 20: 1, 58: 2, 17: 1, 59: 1, 68: 1, 64: 1}","[8990, 5890, 5954, 3194, 8063, 9362, 42, 7687, 3138, 2262, 8836, 1181, 652, 8458, 7029, 5371, 5136, 2333, 8587, 2246, 711, 3870, 2468, 3956, 887, 2844, 8941, 627, 7112, 2904, 1497, 3458]",1345,32,0,False,32
2829,top up by card charge,top up by card,57,False,True,False,"{44: 1, 51: 1, 55: 3, 62: 1, 11: 1, 74: 1, 12: 2, 66: 1, 48: 1, 54: 1, 26: 3, 60: 1, 15: 1, 67: 1, 45: 2, 61: 1, 46: 2, 71: 1, 20: 1, 58: 2, 17: 1, 59: 1, 68: 1, 64: 1}","[8990, 5890, 5954, 3194, 8063, 9362, 42, 7687, 3138, 2262, 8836, 1181, 652, 8458, 7029, 5371, 5136, 2333, 8587, 2246, 711, 3870, 2468, 3956, 887, 2844, 8941, 627, 7112, 2904, 1497, 3458]",2829,32,0,False,32
2489,order physical card,order,43,False,True,False,"{44: 1, 51: 1, 55: 3, 62: 1, 11: 1, 74: 1, 12: 2, 66: 1, 48: 1, 54: 1, 26: 3, 60: 1, 15: 1, 67: 1, 45: 2, 61: 1, 46: 2, 71: 1, 20: 1, 58: 2, 17: 1, 59: 1, 68: 1, 64: 1}","[8990, 5890, 5954, 3194, 8063, 9362, 42, 7687, 3138, 2262, 8836, 1181, 652, 8458, 7029, 5371, 5136, 2333, 8587, 2246, 711, 3870, 2468, 3956, 887, 2844, 8941, 627, 7112, 2904, 1497, 3458]",2489,32,0,False,32
598,contactless not working,contact,23,False,True,False,"{44: 1, 51: 1, 55: 3, 62: 1, 11: 1, 74: 1, 12: 2, 66: 1, 48: 1, 54: 1, 26: 3, 60: 1, 15: 1, 67: 1, 45: 2, 61: 1, 46: 2, 71: 1, 20: 1, 58: 2, 17: 1, 59: 1, 68: 1, 64: 1}","[8990, 5890, 5954, 3194, 8063, 9362, 42, 7687, 3138, 2262, 8836, 1181, 652, 8458, 7029, 5371, 5136, 2333, 8587, 2246, 711, 3870, 2468, 3956, 887, 2844, 8941, 627, 7112, 2904, 1497, 3458]",598,32,0,False,32
804,card payment fee charged,card payment fee,15,True,True,False,"{44: 1, 51: 1, 55: 3, 62: 1, 11: 1, 74: 1, 12: 2, 66: 1, 48: 1, 54: 1, 26: 3, 60: 1, 15: 1, 67: 1, 45: 2, 61: 1, 46: 2, 71: 1, 20: 1, 58: 2, 17: 1, 59: 1, 68: 1, 64: 1}","[8990, 5890, 5954, 3194, 8063, 9362, 42, 7687, 3138, 2262, 8836, 1181, 652, 8458, 7029, 5371, 5136, 2333, 8587, 2246, 711, 3870, 2468, 3956, 887, 2844, 8941, 627, 7112, 2904, 1497, 3458]",804,32,0,False,32
3017,verify my identity,verify my,69,False,True,False,"{44: 1, 51: 1, 55: 3, 62: 1, 11: 1, 74: 1, 12: 2, 66: 1, 48: 1, 54: 1, 26: 3, 60: 1, 15: 1, 67: 1, 45: 2, 61: 1, 46: 2, 71: 1, 20: 1, 58: 2, 17: 1, 59: 1, 68: 1, 64: 1}","[8990, 5890, 5954, 3194, 8063, 9362, 42, 7687, 3138, 2262, 8836, 1181, 652, 8458, 7029, 5371, 5136, 2333, 8587, 2246, 711, 3870, 2468, 3956, 887, 2844, 8941, 627, 7112, 2904, 1497, 3458]",3017,32,0,False,32
2589,exchange rate,wrong exchange,76,False,False,False,"{44: 1, 51: 1, 55: 3, 62: 1, 11: 1, 74: 1, 12: 2, 66: 1, 48: 1, 54: 1, 26: 3, 60: 1, 15: 1, 67: 1, 45: 2, 61: 1, 46: 2, 71: 1, 20: 1, 58: 2, 17: 1, 59: 1, 68: 1, 64: 1}","[8990, 5890, 5954, 3194, 8063, 9362, 42, 7687, 3138, 2262, 8836, 1181, 652, 8458, 7029, 5371, 5136, 2333, 8587, 2246, 711, 3870, 2468, 3956, 887, 2844, 8941, 627, 7112, 2904, 1497, 3458]",2589,32,0,False,32
2540,virtual card not working,virtual,72,False,True,False,"{44: 1, 51: 1, 55: 3, 62: 1, 11: 1, 74: 1, 12: 2, 66: 1, 48: 1, 54: 1, 26: 3, 60: 1, 15: 1, 67: 1, 45: 2, 61: 1, 46: 2, 71: 1, 20: 1, 58: 2, 17: 1, 59: 1, 68: 1, 64: 1}","[8990, 5890, 5954, 3194, 8063, 9362, 42, 7687, 3138, 2262, 8836, 1181, 652, 8458, 7029, 5371, 5136, 2333, 8587, 2246, 711, 3870, 2468, 3956, 887, 2844, 8941, 627, 7112, 2904, 1497, 3458]",2540,32,0,False,32
2908,cash withdrawal charge,cash withdrawal charge,19,False,True,False,"{44: 1, 51: 1, 55: 3, 62: 1, 11: 1, 74: 1, 12: 2, 66: 1, 48: 1, 54: 1, 26: 3, 60: 1, 15: 1, 67: 1, 45: 2, 61: 1, 46: 2, 71: 1, 20: 1, 58: 2, 17: 1, 59: 1, 68: 1, 64: 1}","[8990, 5890, 5954, 3194, 8063, 9362, 42, 7687, 3138, 2262, 8836, 1181, 652, 8458, 7029, 5371, 5136, 2333, 8587, 2246, 711, 3870, 2468, 3956, 887, 2844, 8941, 627, 7112, 2904, 1497, 3458]",2908,32,0,False,32
2968,apple pay or google pay,apple,2,False,True,False,"{44: 1, 51: 1, 55: 3, 62: 1, 11: 1, 74: 1, 12: 2, 66: 1, 48: 1, 54: 1, 26: 3, 60: 1, 15: 1, 67: 1, 45: 2, 61: 1, 46: 2, 71: 1, 20: 1, 58: 2, 17: 1, 59: 1, 68: 1, 64: 1}","[8990, 5890, 5954, 3194, 8063, 9362, 42, 7687, 3138, 2262, 8836, 1181, 652, 8458, 7029, 5371, 5136, 2333, 8587, 2246, 711, 3870, 2468, 3956, 887, 2844, 8941, 627, 7112, 2904, 1497, 3458]",2968,32,0,False,32
2747,cash withdrawal not recognised,cash withdrawal not,20,True,True,False,"{44: 1, 51: 1, 55: 3, 62: 1, 11: 1, 74: 1, 12: 2, 66: 1, 48: 1, 54: 1, 26: 3, 60: 1, 15: 1, 67: 1, 45: 2, 61: 1, 46: 2, 71: 1, 20: 1, 58: 2, 17: 1, 59: 1, 68: 1, 64: 1}","[8990, 5890, 5954, 3194, 8063, 9362, 42, 7687, 3138, 2262, 8836, 1181, 652, 8458, 7029, 5371, 5136, 2333, 8587, 2246, 711, 3870, 2468, 3956, 887, 2844, 8941, 627, 7112, 2904, 1497, 3458]",2747,32,0,False,32
1340,topping up by card,to,62,True,True,False,"{44: 1, 51: 1, 55: 3, 62: 1, 11: 1, 74: 1, 12: 2, 66: 1, 48: 1, 54: 1, 26: 3, 60: 1, 15: 1, 67: 1, 45: 2, 61: 1, 46: 2, 71: 1, 20: 1, 58: 2, 17: 1, 59: 1, 68: 1, 64: 1}","[8990, 5890, 5954, 3194, 8063, 9362, 42, 7687, 3138, 2262, 8836, 1181, 652, 8458, 7029, 5371, 5136, 2333, 8587, 2246, 711, 3870, 2468, 3956, 887, 2844, 8941, 627, 7112, 2904, 1497, 3458]",1340,32,0,False,32
1348,topping up by card,to,62,True,True,False,"{44: 1, 51: 1, 55: 3, 62: 1, 11: 1, 74: 1, 12: 2, 66: 1, 48: 1, 54: 1, 26: 3, 60: 1, 15: 1, 67: 1, 45: 2, 61: 1, 46: 2, 71: 1, 20: 1, 58: 2, 17: 1, 59: 1, 68: 1, 64: 1}","[8990, 5890, 5954, 3194, 8063, 9362, 42, 7687, 3138, 2262, 8836, 1181, 652, 8458, 7029, 5371, 5136, 2333, 8587, 2246, 711, 3870, 2468, 3956, 887, 2844, 8941, 627, 7112, 2904, 1497, 3458]",1348,32,0,False,32
1451,atm support,at,3,False,True,False,"{44: 1, 51: 1, 55: 3, 62: 1, 11: 1, 74: 1, 12: 2, 66: 1, 48: 1, 54: 1, 26: 3, 60: 1, 15: 1, 67: 1, 45: 2, 61: 1, 46: 2, 71: 1, 20: 1, 58: 2, 17: 1, 59: 1, 68: 1, 64: 1}","[8990, 5890, 5954, 3194, 8063, 9362, 42, 7687, 3138, 2262, 8836, 1181, 652, 8458, 7029, 5371, 5136, 2333, 8587, 2246, 711, 3870, 2468, 3956, 887, 2844, 8941, 627, 7112, 2904, 1497, 3458]",1451,32,0,False,32
2903,cash withdrawal charge,cash withdrawal charge,19,False,True,False,"{44: 1, 51: 1, 55: 3, 62: 1, 11: 1, 74: 1, 12: 2, 66: 1, 48: 1, 54: 1, 26: 3, 60: 1, 15: 1, 67: 1, 45: 2, 61: 1, 46: 2, 71: 1, 20: 1, 58: 2, 17: 1, 59: 1, 68: 1, 64: 1}","[8990, 5890, 5954, 3194, 8063, 9362, 42, 7687, 3138, 2262, 8836, 1181, 652, 8458, 7029, 5371, 5136, 2333, 8587, 2246, 711, 3870, 2468, 3956, 887, 2844, 8941, 627, 7112, 2904, 1497, 3458]",2903,32,0,False,32
1237,unable to verify identity,unable,68,True,True,False,"{44: 1, 51: 1, 55: 3, 62: 1, 11: 1, 74: 1, 12: 2, 66: 1, 48: 1, 54: 1, 26: 3, 60: 1, 15: 1, 67: 1, 45: 2, 61: 1, 46: 2, 71: 1, 20: 1, 58: 2, 17: 1, 59: 1, 68: 1, 64: 1}","[8990, 5890, 5954, 3194, 8063, 9362, 42, 7687, 3138, 2262, 8836, 1181, 652, 8458, 7029, 5371, 5136, 2333, 8587, 2246, 711, 3870, 2468, 3956, 887, 2844, 8941, 627, 7112, 2904, 1497, 3458]",1237,32,0,False,32
2119,reverted card payment?,revert,53,False,True,False,"{44: 1, 51: 1, 55: 3, 62: 1, 11: 1, 74: 1, 12: 2, 66: 1, 48: 1, 54: 1, 26: 3, 60: 1, 15: 1, 67: 1, 45: 2, 61: 1, 46: 2, 71: 1, 20: 1, 58: 2, 17: 1, 59: 1, 68: 1, 64: 1}","[8990, 5890, 5954, 3194, 8063, 9362, 42, 7687, 3138, 2262, 8836, 1181, 652, 8458, 7029, 5371, 5136, 2333, 8587, 2246, 711, 3870, 2468, 3956, 887, 2844, 8941, 627, 7112, 2904, 1497, 3458]",2119,32,0,False,32
652,pending top up,pending top,47,False,True,False,"{44: 1, 51: 1, 55: 3, 62: 1, 11: 1, 74: 1, 12: 2, 66: 1, 48: 1, 54: 1, 26: 3, 60: 1, 15: 1, 67: 1, 45: 2, 61: 1, 46: 2, 71: 1, 20: 1, 58: 2, 17: 1, 59: 1, 68: 1, 64: 1}","[8990, 5890, 5954, 3194, 8063, 9362, 42, 7687, 3138, 2262, 8836, 1181, 652, 8458, 7029, 5371, 5136, 2333, 8587, 2246, 711, 3870, 2468, 3956, 887, 2844, 8941, 627, 7112, 2904, 1497, 3458]",652,32,0,False,32
131,card payment wrong exchange rate,card payment wrong,17,True,True,False,"{44: 1, 51: 1, 55: 3, 62: 1, 11: 1, 74: 1, 12: 2, 66: 1, 48: 1, 54: 1, 26: 3, 60: 1, 15: 1, 67: 1, 45: 2, 61: 1, 46: 2, 71: 1, 20: 1, 58: 2, 17: 1, 59: 1, 68: 1, 64: 1}","[8990, 5890, 5954, 3194, 8063, 9362, 42, 7687, 3138, 2262, 8836, 1181, 652, 8458, 7029, 5371, 5136, 2333, 8587, 2246, 711, 3870, 2468, 3956, 887, 2844, 8941, 627, 7112, 2904, 1497, 3458]",131,32,0,False,32
949,getting virtual card,getting virtual,40,False,True,False,"{44: 1, 51: 1, 55: 3, 62: 1, 11: 1, 74: 1, 12: 2, 66: 1, 48: 1, 54: 1, 26: 3, 60: 1, 15: 1, 67: 1, 45: 2, 61: 1, 46: 2, 71: 1, 20: 1, 58: 2, 17: 1, 59: 1, 68: 1, 64: 1}","[8990, 5890, 5954, 3194, 8063, 9362, 42, 7687, 3138, 2262, 8836, 1181, 652, 8458, 7029, 5371, 5136, 2333, 8587, 2246, 711, 3870, 2468, 3956, 887, 2844, 8941, 627, 7112, 2904, 1497, 3458]",949,32,0,False,32
2528,virtual card not working,virtual,72,False,True,False,"{44: 1, 51: 1, 55: 3, 62: 1, 11: 1, 74: 1, 12: 2, 66: 1, 48: 1, 54: 1, 26: 3, 60: 1, 15: 1, 67: 1, 45: 2, 61: 1, 46: 2, 71: 1, 20: 1, 58: 2, 17: 1, 59: 1, 68: 1, 64: 1}","[8990, 5890, 5954, 3194, 8063, 9362, 42, 7687, 3138, 2262, 8836, 1181, 652, 8458, 7029, 5371, 5136, 2333, 8587, 2246, 711, 3870, 2468, 3956, 887, 2844, 8941, 627, 7112, 2904, 1497, 3458]",2528,32,0,False,32
2158,change pin,change,21,False,True,False,"{44: 1, 51: 1, 55: 3, 62: 1, 11: 1, 74: 1, 12: 2, 66: 1, 48: 1, 54: 1, 26: 3, 60: 1, 15: 1, 67: 1, 45: 2, 61: 1, 46: 2, 71: 1, 20: 1, 58: 2, 17: 1, 59: 1, 68: 1, 64: 1}","[8990, 5890, 5954, 3194, 8063, 9362, 42, 7687, 3138, 2262, 8836, 1181, 652, 8458, 7029, 5371, 5136, 2333, 8587, 2246, 711, 3870, 2468, 3956, 887, 2844, 8941, 627, 7112, 2904, 1497, 3458]",2158,32,0,False,32
2705,balance not updated after bank transfer,balance not updated after bank,5,False,True,False,"{44: 1, 51: 1, 55: 3, 62: 1, 11: 1, 74: 1, 12: 2, 66: 1, 48: 1, 54: 1, 26: 3, 60: 1, 15: 1, 67: 1, 45: 2, 61: 1, 46: 2, 71: 1, 20: 1, 58: 2, 17: 1, 59: 1, 68: 1, 64: 1}","[8990, 5890, 5954, 3194, 8063, 9362, 42, 7687, 3138, 2262, 8836, 1181, 652, 8458, 7029, 5371, 5136, 2333, 8587, 2246, 711, 3870, 2468, 3956, 887, 2844, 8941, 627, 7112, 2904, 1497, 3458]",2705,32,0,False,32
592,contactless not working,contact,23,False,True,False,"{44: 1, 51: 1, 55: 3, 62: 1, 11: 1, 74: 1, 12: 2, 66: 1, 48: 1, 54: 1, 26: 3, 60: 1, 15: 1, 67: 1, 45: 2, 61: 1, 46: 2, 71: 1, 20: 1, 58: 2, 17: 1, 59: 1, 68: 1, 64: 1}","[8990, 5890, 5954, 3194, 8063, 9362, 42, 7687, 3138, 2262, 8836, 1181, 652, 8458, 7029, 5371, 5136, 2333, 8587, 2246, 711, 3870, 2468, 3956, 887, 2844, 8941, 627, 7112, 2904, 1497, 3458]",592,32,0,False,32
2511,order physical card,order,43,False,True,False,"{44: 1, 51: 1, 55: 3, 62: 1, 11: 1, 74: 1, 12: 2, 66: 1, 48: 1, 54: 1, 26: 3, 60: 1, 15: 1, 67: 1, 45: 2, 61: 1, 46: 2, 71: 1, 20: 1, 58: 2, 17: 1, 59: 1, 68: 1, 64: 1}","[8990, 5890, 5954, 3194, 8063, 9362, 42, 7687, 3138, 2262, 8836, 1181, 652, 8458, 7029, 5371, 5136, 2333, 8587, 2246, 711, 3870, 2468, 3956, 887, 2844, 8941, 627, 7112, 2904, 1497, 3458]",2511,32,0,False,32
1080,card payment not recognised,card payment not,16,False,True,False,"{44: 1, 51: 1, 55: 3, 62: 1, 11: 1, 74: 1, 12: 2, 66: 1, 48: 1, 54: 1, 26: 3, 60: 1, 15: 1, 67: 1, 45: 2, 61: 1, 46: 2, 71: 1, 20: 1, 58: 2, 17: 1, 59: 1, 68: 1, 64: 1}","[8990, 5890, 5954, 3194, 8063, 9362, 42, 7687, 3138, 2262, 8836, 1181, 652, 8458, 7029, 5371, 5136, 2333, 8587, 2246, 711, 3870, 2468, 3956, 887, 2844, 8941, 627, 7112, 2904, 1497, 3458]",1080,32,0,False,32
1361,disposable card limits,dispos,29,False,True,False,"{44: 1, 51: 1, 55: 3, 62: 1, 11: 1, 74: 1, 12: 2, 66: 1, 48: 1, 54: 1, 26: 3, 60: 1, 15: 1, 67: 1, 45: 2, 61: 1, 46: 2, 71: 1, 20: 1, 58: 2, 17: 1, 59: 1, 68: 1, 64: 1}","[8990, 5890, 5954, 3194, 8063, 9362, 42, 7687, 3138, 2262, 8836, 1181, 652, 8458, 7029, 5371, 5136, 2333, 8587, 2246, 711, 3870, 2468, 3956, 887, 2844, 8941, 627, 7112, 2904, 1497, 3458]",1361,32,0,False,32
448,lost or stolen card,lost or stolen card,41,False,True,False,"{44: 1, 51: 1, 55: 3, 62: 1, 11: 1, 74: 1, 12: 2, 66: 1, 48: 1, 54: 1, 26: 3, 60: 1, 15: 1, 67: 1, 45: 2, 61: 1, 46: 2, 71: 1, 20: 1, 58: 2, 17: 1, 59: 1, 68: 1, 64: 1}","[8990, 5890, 5954, 3194, 8063, 9362, 42, 7687, 3138, 2262, 8836, 1181, 652, 8458, 7029, 5371, 5136, 2333, 8587, 2246, 711, 3870, 2468, 3956, 887, 2844, 8941, 627, 7112, 2904, 1497, 3458]",448,32,0,False,32
18,card arrival,card arrival,11,True,True,True,"{44: 1, 51: 1, 55: 3, 62: 1, 11: 1, 74: 1, 12: 2, 66: 1, 48: 1, 54: 1, 26: 3, 60: 1, 15: 1, 67: 1, 45: 2, 61: 1, 46: 2, 71: 1, 20: 1, 58: 2, 17: 1, 59: 1, 68: 1, 64: 1}","[8990, 5890, 5954, 3194, 8063, 9362, 42, 7687, 3138, 2262, 8836, 1181, 652, 8458, 7029, 5371, 5136, 2333, 8587, 2246, 711, 3870, 2468, 3956, 887, 2844, 8941, 627, 7112, 2904, 1497, 3458]",18,32,0,False,32
1168,why verify identity,why,74,True,True,False,"{44: 1, 51: 1, 55: 3, 62: 1, 11: 1, 74: 1, 12: 2, 66: 1, 48: 1, 54: 1, 26: 3, 60: 1, 15: 1, 67: 1, 45: 2, 61: 1, 46: 2, 71: 1, 20: 1, 58: 2, 17: 1, 59: 1, 68: 1, 64: 1}","[8990, 5890, 5954, 3194, 8063, 9362, 42, 7687, 3138, 2262, 8836, 1181, 652, 8458, 7029, 5371, 5136, 2333, 8587, 2246, 711, 3870, 2468, 3956, 887, 2844, 8941, 627, 7112, 2904, 1497, 3458]",1168,32,0,False,32
2396,verify top up,verify top,71,True,True,False,"{44: 1, 51: 1, 55: 3, 62: 1, 11: 1, 74: 1, 12: 2, 66: 1, 48: 1, 54: 1, 26: 3, 60: 1, 15: 1, 67: 1, 45: 2, 61: 1, 46: 2, 71: 1, 20: 1, 58: 2, 17: 1, 59: 1, 68: 1, 64: 1}","[8990, 5890, 5954, 3194, 8063, 9362, 42, 7687, 3138, 2262, 8836, 1181, 652, 8458, 7029, 5371, 5136, 2333, 8587, 2246, 711, 3870, 2468, 3956, 887, 2844, 8941, 627, 7112, 2904, 1497, 3458]",2396,32,0,False,32
362,card not working,card not,14,False,True,False,"{44: 1, 51: 1, 55: 3, 62: 1, 11: 1, 74: 1, 12: 2, 66: 1, 48: 1, 54: 1, 26: 3, 60: 1, 15: 1, 67: 1, 45: 2, 61: 1, 46: 2, 71: 1, 20: 1, 58: 2, 17: 1, 59: 1, 68: 1, 64: 1}","[8990, 5890, 5954, 3194, 8063, 9362, 42, 7687, 3138, 2262, 8836, 1181, 652, 8458, 7029, 5371, 5136, 2333, 8587, 2246, 711, 3870, 2468, 3956, 887, 2844, 8941, 627, 7112, 2904, 1497, 3458]",362,32,0,False,32
1456,atm support,at,3,False,True,False,"{44: 1, 51: 1, 55: 3, 62: 1, 11: 1, 74: 1, 12: 2, 66: 1, 48: 1, 54: 1, 26: 3, 60: 1, 15: 1, 67: 1, 45: 2, 61: 1, 46: 2, 71: 1, 20: 1, 58: 2, 17: 1, 59: 1, 68: 1, 64: 1}","[8990, 5890, 5954, 3194, 8063, 9362, 42, 7687, 3138, 2262, 8836, 1181, 652, 8458, 7029, 5371, 5136, 2333, 8587, 2246, 711, 3870, 2468, 3956, 887, 2844, 8941, 627, 7112, 2904, 1497, 3458]",1456,32,0,False,32
1735,declined transfer,declined transfer,27,False,True,False,"{44: 1, 51: 1, 55: 3, 62: 1, 11: 1, 74: 1, 12: 2, 66: 1, 48: 1, 54: 1, 26: 3, 60: 1, 15: 1, 67: 1, 45: 2, 61: 1, 46: 2, 71: 1, 20: 1, 58: 2, 17: 1, 59: 1, 68: 1, 64: 1}","[8990, 5890, 5954, 3194, 8063, 9362, 42, 7687, 3138, 2262, 8836, 1181, 652, 8458, 7029, 5371, 5136, 2333, 8587, 2246, 711, 3870, 2468, 3956, 887, 2844, 8941, 627, 7112, 2904, 1497, 3458]",1735,32,0,False,32
2579,wrong exchange rate for cash withdrawal,wrong exchange,76,False,True,False,"{44: 1, 51: 1, 55: 3, 62: 1, 11: 1, 74: 1, 12: 2, 66: 1, 48: 1, 54: 1, 26: 3, 60: 1, 15: 1, 67: 1, 45: 2, 61: 1, 46: 2, 71: 1, 20: 1, 58: 2, 17: 1, 59: 1, 68: 1, 64: 1}","[8990, 5890, 5954, 3194, 8063, 9362, 42, 7687, 3138, 2262, 8836, 1181, 652, 8458, 7029, 5371, 5136, 2333, 8587, 2246, 711, 3870, 2468, 3956, 887, 2844, 8941, 627, 7112, 2904, 1497, 3458]",2579,32,0,False,32
385,card not working,card not,14,False,True,False,"{44: 1, 51: 1, 55: 3, 62: 1, 11: 1, 74: 1, 12: 2, 66: 1, 48: 1, 54: 1, 26: 3, 60: 1, 15: 1, 67: 1, 45: 2, 61: 1, 46: 2, 71: 1, 20: 1, 58: 2, 17: 1, 59: 1, 68: 1, 64: 1}","[8990, 5890, 5954, 3194, 8063, 9362, 42, 7687, 3138, 2262, 8836, 1181, 652, 8458, 7029, 5371, 5136, 2333, 8587, 2246, 711, 3870, 2468, 3956, 887, 2844, 8941, 627, 7112, 2904, 1497, 3458]",385,32,0,False,32
2555,virtual card not working,virtual,72,False,True,False,"{44: 1, 51: 1, 55: 3, 62: 1, 11: 1, 74: 1, 12: 2, 66: 1, 48: 1, 54: 1, 26: 3, 60: 1, 15: 1, 67: 1, 45: 2, 61: 1, 46: 2, 71: 1, 20: 1, 58: 2, 17: 1, 59: 1, 68: 1, 64: 1}","[8990, 5890, 5954, 3194, 8063, 9362, 42, 7687, 3138, 2262, 8836, 1181, 652, 8458, 7029, 5371, 5136, 2333, 8587, 2246, 711, 3870, 2468, 3956, 887, 2844, 8941, 627, 7112, 2904, 1497, 3458]",2555,32,0,False,32
2307,failed transfer,failed,35,False,True,False,"{44: 1, 51: 1, 55: 3, 62: 1, 11: 1, 74: 1, 12: 2, 66: 1, 48: 1, 54: 1, 26: 3, 60: 1, 15: 1, 67: 1, 45: 2, 61: 1, 46: 2, 71: 1, 20: 1, 58: 2, 17: 1, 59: 1, 68: 1, 64: 1}","[8990, 5890, 5954, 3194, 8063, 9362, 42, 7687, 3138, 2262, 8836, 1181, 652, 8458, 7029, 5371, 5136, 2333, 8587, 2246, 711, 3870, 2468, 3956, 887, 2844, 8941, 627, 7112, 2904, 1497, 3458]",2307,32,0,False,32
1779,Refund not showing up,Ref,51,True,True,False,"{44: 1, 51: 1, 55: 3, 62: 1, 11: 1, 74: 1, 12: 2, 66: 1, 48: 1, 54: 1, 26: 3, 60: 1, 15: 1, 67: 1, 45: 2, 61: 1, 46: 2, 71: 1, 20: 1, 58: 2, 17: 1, 59: 1, 68: 1, 64: 1}","[8990, 5890, 5954, 3194, 8063, 9362, 42, 7687, 3138, 2262, 8836, 1181, 652, 8458, 7029, 5371, 5136, 2333, 8587, 2246, 711, 3870, 2468, 3956, 887, 2844, 8941, 627, 7112, 2904, 1497, 3458]",1779,32,0,False,32
1119,card payment not recognised,card payment not,16,False,True,False,"{44: 1, 51: 1, 55: 3, 62: 1, 11: 1, 74: 1, 12: 2, 66: 1, 48: 1, 54: 1, 26: 3, 60: 1, 15: 1, 67: 1, 45: 2, 61: 1, 46: 2, 71: 1, 20: 1, 58: 2, 17: 1, 59: 1, 68: 1, 64: 1}","[8990, 5890, 5954, 3194, 8063, 9362, 42, 7687, 3138, 2262, 8836, 1181, 652, 8458, 7029, 5371, 5136, 2333, 8587, 2246, 711, 3870, 2468, 3956, 887, 2844, 8941, 627, 7112, 2904, 1497, 3458]",1119,32,0,False,32
2104,reverted card payment?,revert,53,False,True,False,"{44: 1, 51: 1, 55: 3, 62: 1, 11: 1, 74: 1, 12: 2, 66: 1, 48: 1, 54: 1, 26: 3, 60: 1, 15: 1, 67: 1, 45: 2, 61: 1, 46: 2, 71: 1, 20: 1, 58: 2, 17: 1, 59: 1, 68: 1, 64: 1}","[8990, 5890, 5954, 3194, 8063, 9362, 42, 7687, 3138, 2262, 8836, 1181, 652, 8458, 7029, 5371, 5136, 2333, 8587, 2246, 711, 3870, 2468, 3956, 887, 2844, 8941, 627, 7112, 2904, 1497, 3458]",2104,32,0,False,32
713,cancel transfer,cancel,8,False,True,False,"{44: 1, 51: 1, 55: 3, 62: 1, 11: 1, 74: 1, 12: 2, 66: 1, 48: 1, 54: 1, 26: 3, 60: 1, 15: 1, 67: 1, 45: 2, 61: 1, 46: 2, 71: 1, 20: 1, 58: 2, 17: 1, 59: 1, 68: 1, 64: 1}","[8990, 5890, 5954, 3194, 8063, 9362, 42, 7687, 3138, 2262, 8836, 1181, 652, 8458, 7029, 5371, 5136, 2333, 8587, 2246, 711, 3870, 2468, 3956, 887, 2844, 8941, 627, 7112, 2904, 1497, 3458]",713,32,0,False,32
2077,transfer timing,transfer timing,67,True,True,True,"{44: 1, 51: 1, 55: 3, 62: 1, 11: 1, 74: 1, 12: 2, 66: 1, 48: 1, 54: 1, 26: 3, 60: 1, 15: 1, 67: 1, 45: 2, 61: 1, 46: 2, 71: 1, 20: 1, 58: 2, 17: 1, 59: 1, 68: 1, 64: 1}","[8990, 5890, 5954, 3194, 8063, 9362, 42, 7687, 3138, 2262, 8836, 1181, 652, 8458, 7029, 5371, 5136, 2333, 8587, 2246, 711, 3870, 2468, 3956, 887, 2844, 8941, 627, 7112, 2904, 1497, 3458]",2077,32,0,False,32
1671,lost or stolen phone,lost or stolen phone,42,False,True,False,"{44: 1, 51: 1, 55: 3, 62: 1, 11: 1, 74: 1, 12: 2, 66: 1, 48: 1, 54: 1, 26: 3, 60: 1, 15: 1, 67: 1, 45: 2, 61: 1, 46: 2, 71: 1, 20: 1, 58: 2, 17: 1, 59: 1, 68: 1, 64: 1}","[8990, 5890, 5954, 3194, 8063, 9362, 42, 7687, 3138, 2262, 8836, 1181, 652, 8458, 7029, 5371, 5136, 2333, 8587, 2246, 711, 3870, 2468, 3956, 887, 2844, 8941, 627, 7112, 2904, 1497, 3458]",1671,32,0,False,32
1150,edit personal details,edit,30,False,True,False,"{44: 1, 51: 1, 55: 3, 62: 1, 11: 1, 74: 1, 12: 2, 66: 1, 48: 1, 54: 1, 26: 3, 60: 1, 15: 1, 67: 1, 45: 2, 61: 1, 46: 2, 71: 1, 20: 1, 58: 2, 17: 1, 59: 1, 68: 1, 64: 1}","[8990, 5890, 5954, 3194, 8063, 9362, 42, 7687, 3138, 2262, 8836, 1181, 652, 8458, 7029, 5371, 5136, 2333, 8587, 2246, 711, 3870, 2468, 3956, 887, 2844, 8941, 627, 7112, 2904, 1497, 3458]",1150,32,0,False,32
1491,transaction charged twice,direct,28,False,False,False,"{44: 1, 51: 1, 55: 3, 62: 1, 11: 1, 74: 1, 12: 2, 66: 1, 48: 1, 54: 1, 26: 3, 60: 1, 15: 1, 67: 1, 45: 2, 61: 1, 46: 2, 71: 1, 20: 1, 58: 2, 17: 1, 59: 1, 68: 1, 64: 1}","[8990, 5890, 5954, 3194, 8063, 9362, 42, 7687, 3138, 2262, 8836, 1181, 652, 8458, 7029, 5371, 5136, 2333, 8587, 2246, 711, 3870, 2468, 3956, 887, 2844, 8941, 627, 7112, 2904, 1497, 3458]",1491,32,0,False,32
2610,get disposable virtual card,get dispos,37,False,True,False,"{44: 1, 51: 1, 55: 3, 62: 1, 11: 1, 74: 1, 12: 2, 66: 1, 48: 1, 54: 1, 26: 3, 60: 1, 15: 1, 67: 1, 45: 2, 61: 1, 46: 2, 71: 1, 20: 1, 58: 2, 17: 1, 59: 1, 68: 1, 64: 1}","[8990, 5890, 5954, 3194, 8063, 9362, 42, 7687, 3138, 2262, 8836, 1181, 652, 8458, 7029, 5371, 5136, 2333, 8587, 2246, 711, 3870, 2468, 3956, 887, 2844, 8941, 627, 7112, 2904, 1497, 3458]",2610,32,0,False,32
1729,declined transfer,declined transfer,27,False,True,False,"{44: 1, 51: 1, 55: 3, 62: 1, 11: 1, 74: 1, 12: 2, 66: 1, 48: 1, 54: 1, 26: 3, 60: 1, 15: 1, 67: 1, 45: 2, 61: 1, 46: 2, 71: 1, 20: 1, 58: 2, 17: 1, 59: 1, 68: 1, 64: 1}","[8990, 5890, 5954, 3194, 8063, 9362, 42, 7687, 3138, 2262, 8836, 1181, 652, 8458, 7029, 5371, 5136, 2333, 8587, 2246, 711, 3870, 2468, 3956, 887, 2844, 8941, 627, 7112, 2904, 1497, 3458]",1729,32,0,False,32
1360,disposable card limits,dispos,29,False,True,False,"{44: 1, 51: 1, 55: 3, 62: 1, 11: 1, 74: 1, 12: 2, 66: 1, 48: 1, 54: 1, 26: 3, 60: 1, 15: 1, 67: 1, 45: 2, 61: 1, 46: 2, 71: 1, 20: 1, 58: 2, 17: 1, 59: 1, 68: 1, 64: 1}","[8990, 5890, 5954, 3194, 8063, 9362, 42, 7687, 3138, 2262, 8836, 1181, 652, 8458, 7029, 5371, 5136, 2333, 8587, 2246, 711, 3870, 2468, 3956, 887, 2844, 8941, 627, 7112, 2904, 1497, 3458]",1360,32,0,False,32
1397,get disposable virtual card,dispos,29,False,False,False,"{44: 1, 51: 1, 55: 3, 62: 1, 11: 1, 74: 1, 12: 2, 66: 1, 48: 1, 54: 1, 26: 3, 60: 1, 15: 1, 67: 1, 45: 2, 61: 1, 46: 2, 71: 1, 20: 1, 58: 2, 17: 1, 59: 1, 68: 1, 64: 1}","[8990, 5890, 5954, 3194, 8063, 9362, 42, 7687, 3138, 2262, 8836, 1181, 652, 8458, 7029, 5371, 5136, 2333, 8587, 2246, 711, 3870, 2468, 3956, 887, 2844, 8941, 627, 7112, 2904, 1497, 3458]",1397,32,0,False,32
842,transfer not received by recipient,transfer not,66,True,True,False,"{44: 1, 51: 1, 55: 3, 62: 1, 11: 1, 74: 1, 12: 2, 66: 1, 48: 1, 54: 1, 26: 3, 60: 1, 15: 1, 67: 1, 45: 2, 61: 1, 46: 2, 71: 1, 20: 1, 58: 2, 17: 1, 59: 1, 68: 1, 64: 1}","[8990, 5890, 5954, 3194, 8063, 9362, 42, 7687, 3138, 2262, 8836, 1181, 652, 8458, 7029, 5371, 5136, 2333, 8587, 2246, 711, 3870, 2468, 3956, 887, 2844, 8941, 627, 7112, 2904, 1497, 3458]",842,32,0,False,32
2504,order physical card,order,43,False,True,False,"{44: 1, 51: 1, 55: 3, 62: 1, 11: 1, 74: 1, 12: 2, 66: 1, 48: 1, 54: 1, 26: 3, 60: 1, 15: 1, 67: 1, 45: 2, 61: 1, 46: 2, 71: 1, 20: 1, 58: 2, 17: 1, 59: 1, 68: 1, 64: 1}","[8990, 5890, 5954, 3194, 8063, 9362, 42, 7687, 3138, 2262, 8836, 1181, 652, 8458, 7029, 5371, 5136, 2333, 8587, 2246, 711, 3870, 2468, 3956, 887, 2844, 8941, 627, 7112, 2904, 1497, 3458]",2504,32,0,False,32
538,pin blocked,pin,49,False,True,False,"{44: 1, 51: 1, 55: 3, 62: 1, 11: 1, 74: 1, 12: 2, 66: 1, 48: 1, 54: 1, 26: 3, 60: 1, 15: 1, 67: 1, 45: 2, 61: 1, 46: 2, 71: 1, 20: 1, 58: 2, 17: 1, 59: 1, 68: 1, 64: 1}","[8990, 5890, 5954, 3194, 8063, 9362, 42, 7687, 3138, 2262, 8836, 1181, 652, 8458, 7029, 5371, 5136, 2333, 8587, 2246, 711, 3870, 2468, 3956, 887, 2844, 8941, 627, 7112, 2904, 1497, 3458]",538,32,0,False,32
2020,verify source of funds,verify source,70,False,True,False,"{44: 1, 51: 1, 55: 3, 62: 1, 11: 1, 74: 1, 12: 2, 66: 1, 48: 1, 54: 1, 26: 3, 60: 1, 15: 1, 67: 1, 45: 2, 61: 1, 46: 2, 71: 1, 20: 1, 58: 2, 17: 1, 59: 1, 68: 1, 64: 1}","[8990, 5890, 5954, 3194, 8063, 9362, 42, 7687, 3138, 2262, 8836, 1181, 652, 8458, 7029, 5371, 5136, 2333, 8587, 2246, 711, 3870, 2468, 3956, 887, 2844, 8941, 627, 7112, 2904, 1497, 3458]",2020,32,0,False,32
769,wrong amount of cash received,wrong amount,75,False,True,False,"{44: 1, 51: 1, 55: 3, 62: 1, 11: 1, 74: 1, 12: 2, 66: 1, 48: 1, 54: 1, 26: 3, 60: 1, 15: 1, 67: 1, 45: 2, 61: 1, 46: 2, 71: 1, 20: 1, 58: 2, 17: 1, 59: 1, 68: 1, 64: 1}","[8990, 5890, 5954, 3194, 8063, 9362, 42, 7687, 3138, 2262, 8836, 1181, 652, 8458, 7029, 5371, 5136, 2333, 8587, 2246, 711, 3870, 2468, 3956, 887, 2844, 8941, 627, 7112, 2904, 1497, 3458]",769,32,0,False,32
945,get physical card,getting virtual,40,False,False,False,"{44: 1, 51: 1, 55: 3, 62: 1, 11: 1, 74: 1, 12: 2, 66: 1, 48: 1, 54: 1, 26: 3, 60: 1, 15: 1, 67: 1, 45: 2, 61: 1, 46: 2, 71: 1, 20: 1, 58: 2, 17: 1, 59: 1, 68: 1, 64: 1}","[8990, 5890, 5954, 3194, 8063, 9362, 42, 7687, 3138, 2262, 8836, 1181, 652, 8458, 7029, 5371, 5136, 2333, 8587, 2246, 711, 3870, 2468, 3956, 887, 2844, 8941, 627, 7112, 2904, 1497, 3458]",945,32,0,False,32
1591,declined cash withdrawal,declined c,26,True,True,False,"{44: 1, 51: 1, 55: 3, 62: 1, 11: 1, 74: 1, 12: 2, 66: 1, 48: 1, 54: 1, 26: 3, 60: 1, 15: 1, 67: 1, 45: 2, 61: 1, 46: 2, 71: 1, 20: 1, 58: 2, 17: 1, 59: 1, 68: 1, 64: 1}","[8990, 5890, 5954, 3194, 8063, 9362, 42, 7687, 3138, 2262, 8836, 1181, 652, 8458, 7029, 5371, 5136, 2333, 8587, 2246, 711, 3870, 2468, 3956, 887, 2844, 8941, 627, 7112, 2904, 1497, 3458]",1591,32,0,False,32
1818,declined card payment,declined card,25,False,True,False,"{44: 1, 51: 1, 55: 3, 62: 1, 11: 1, 74: 1, 12: 2, 66: 1, 48: 1, 54: 1, 26: 3, 60: 1, 15: 1, 67: 1, 45: 2, 61: 1, 46: 2, 71: 1, 20: 1, 58: 2, 17: 1, 59: 1, 68: 1, 64: 1}","[8990, 5890, 5954, 3194, 8063, 9362, 42, 7687, 3138, 2262, 8836, 1181, 652, 8458, 7029, 5371, 5136, 2333, 8587, 2246, 711, 3870, 2468, 3956, 887, 2844, 8941, 627, 7112, 2904, 1497, 3458]",1818,32,0,False,32
1876,pending transfer,pending transfer,48,True,True,True,"{44: 1, 51: 1, 55: 3, 62: 1, 11: 1, 74: 1, 12: 2, 66: 1, 48: 1, 54: 1, 26: 3, 60: 1, 15: 1, 67: 1, 45: 2, 61: 1, 46: 2, 71: 1, 20: 1, 58: 2, 17: 1, 59: 1, 68: 1, 64: 1}","[8990, 5890, 5954, 3194, 8063, 9362, 42, 7687, 3138, 2262, 8836, 1181, 652, 8458, 7029, 5371, 5136, 2333, 8587, 2246, 711, 3870, 2468, 3956, 887, 2844, 8941, 627, 7112, 2904, 1497, 3458]",1876,32,0,False,32
3031,verify my identity,verify my,69,False,True,False,"{44: 1, 51: 1, 55: 3, 62: 1, 11: 1, 74: 1, 12: 2, 66: 1, 48: 1, 54: 1, 26: 3, 60: 1, 15: 1, 67: 1, 45: 2, 61: 1, 46: 2, 71: 1, 20: 1, 58: 2, 17: 1, 59: 1, 68: 1, 64: 1}","[8990, 5890, 5954, 3194, 8063, 9362, 42, 7687, 3138, 2262, 8836, 1181, 652, 8458, 7029, 5371, 5136, 2333, 8587, 2246, 711, 3870, 2468, 3956, 887, 2844, 8941, 627, 7112, 2904, 1497, 3458]",3031,32,0,False,32
1992,transaction charged twice,transaction,63,False,True,False,"{44: 1, 51: 1, 55: 3, 62: 1, 11: 1, 74: 1, 12: 2, 66: 1, 48: 1, 54: 1, 26: 3, 60: 1, 15: 1, 67: 1, 45: 2, 61: 1, 46: 2, 71: 1, 20: 1, 58: 2, 17: 1, 59: 1, 68: 1, 64: 1}","[8990, 5890, 5954, 3194, 8063, 9362, 42, 7687, 3138, 2262, 8836, 1181, 652, 8458, 7029, 5371, 5136, 2333, 8587, 2246, 711, 3870, 2468, 3956, 887, 2844, 8941, 627, 7112, 2904, 1497, 3458]",1992,32,0,False,32
2997,apple pay or google pay,apple,2,False,True,False,"{44: 1, 51: 1, 55: 3, 62: 1, 11: 1, 74: 1, 12: 2, 66: 1, 48: 1, 54: 1, 26: 3, 60: 1, 15: 1, 67: 1, 45: 2, 61: 1, 46: 2, 71: 1, 20: 1, 58: 2, 17: 1, 59: 1, 68: 1, 64: 1}","[8990, 5890, 5954, 3194, 8063, 9362, 42, 7687, 3138, 2262, 8836, 1181, 652, 8458, 7029, 5371, 5136, 2333, 8587, 2246, 711, 3870, 2468, 3956, 887, 2844, 8941, 627, 7112, 2904, 1497, 3458]",2997,32,0,False,32
1228,unable to verify identity,unable,68,True,True,False,"{44: 1, 51: 1, 55: 3, 62: 1, 11: 1, 74: 1, 12: 2, 66: 1, 48: 1, 54: 1, 26: 3, 60: 1, 15: 1, 67: 1, 45: 2, 61: 1, 46: 2, 71: 1, 20: 1, 58: 2, 17: 1, 59: 1, 68: 1, 64: 1}","[8990, 5890, 5954, 3194, 8063, 9362, 42, 7687, 3138, 2262, 8836, 1181, 652, 8458, 7029, 5371, 5136, 2333, 8587, 2246, 711, 3870, 2468, 3956, 887, 2844, 8941, 627, 7112, 2904, 1497, 3458]",1228,32,0,False,32
1682,request refund,request,52,False,True,False,"{44: 1, 51: 1, 55: 3, 62: 1, 11: 1, 74: 1, 12: 2, 66: 1, 48: 1, 54: 1, 26: 3, 60: 1, 15: 1, 67: 1, 45: 2, 61: 1, 46: 2, 71: 1, 20: 1, 58: 2, 17: 1, 59: 1, 68: 1, 64: 1}","[8990, 5890, 5954, 3194, 8063, 9362, 42, 7687, 3138, 2262, 8836, 1181, 652, 8458, 7029, 5371, 5136, 2333, 8587, 2246, 711, 3870, 2468, 3956, 887, 2844, 8941, 627, 7112, 2904, 1497, 3458]",1682,32,0,False,32
469,lost or stolen card,lost or stolen card,41,False,True,False,"{44: 1, 51: 1, 55: 3, 62: 1, 11: 1, 74: 1, 12: 2, 66: 1, 48: 1, 54: 1, 26: 3, 60: 1, 15: 1, 67: 1, 45: 2, 61: 1, 46: 2, 71: 1, 20: 1, 58: 2, 17: 1, 59: 1, 68: 1, 64: 1}","[8990, 5890, 5954, 3194, 8063, 9362, 42, 7687, 3138, 2262, 8836, 1181, 652, 8458, 7029, 5371, 5136, 2333, 8587, 2246, 711, 3870, 2468, 3956, 887, 2844, 8941, 627, 7112, 2904, 1497, 3458]",469,32,0,False,32
2325,transfer into account,transfer into,65,False,True,False,"{44: 1, 51: 1, 55: 3, 62: 1, 11: 1, 74: 1, 12: 2, 66: 1, 48: 1, 54: 1, 26: 3, 60: 1, 15: 1, 67: 1, 45: 2, 61: 1, 46: 2, 71: 1, 20: 1, 58: 2, 17: 1, 59: 1, 68: 1, 64: 1}","[8990, 5890, 5954, 3194, 8063, 9362, 42, 7687, 3138, 2262, 8836, 1181, 652, 8458, 7029, 5371, 5136, 2333, 8587, 2246, 711, 3870, 2468, 3956, 887, 2844, 8941, 627, 7112, 2904, 1497, 3458]",2325,32,0,False,32
732,top up limits,top up limits,60,True,True,True,"{44: 1, 51: 1, 55: 3, 62: 1, 11: 1, 74: 1, 12: 2, 66: 1, 48: 1, 54: 1, 26: 3, 60: 1, 15: 1, 67: 1, 45: 2, 61: 1, 46: 2, 71: 1, 20: 1, 58: 2, 17: 1, 59: 1, 68: 1, 64: 1}","[8990, 5890, 5954, 3194, 8063, 9362, 42, 7687, 3138, 2262, 8836, 1181, 652, 8458, 7029, 5371, 5136, 2333, 8587, 2246, 711, 3870, 2468, 3956, 887, 2844, 8941, 627, 7112, 2904, 1497, 3458]",732,32,0,False,32
820,card payment fee charged,card payment fee,15,True,True,False,"{44: 1, 51: 1, 55: 3, 62: 1, 11: 1, 74: 1, 12: 2, 66: 1, 48: 1, 54: 1, 26: 3, 60: 1, 15: 1, 67: 1, 45: 2, 61: 1, 46: 2, 71: 1, 20: 1, 58: 2, 17: 1, 59: 1, 68: 1, 64: 1}","[8990, 5890, 5954, 3194, 8063, 9362, 42, 7687, 3138, 2262, 8836, 1181, 652, 8458, 7029, 5371, 5136, 2333, 8587, 2246, 711, 3870, 2468, 3956, 887, 2844, 8941, 627, 7112, 2904, 1497, 3458]",820,32,0,False,32
2990,apple pay or google pay,apple,2,False,True,False,"{44: 1, 51: 1, 55: 3, 62: 1, 11: 1, 74: 1, 12: 2, 66: 1, 48: 1, 54: 1, 26: 3, 60: 1, 15: 1, 67: 1, 45: 2, 61: 1, 46: 2, 71: 1, 20: 1, 58: 2, 17: 1, 59: 1, 68: 1, 64: 1}","[8990, 5890, 5954, 3194, 8063, 9362, 42, 7687, 3138, 2262, 8836, 1181, 652, 8458, 7029, 5371, 5136, 2333, 8587, 2246, 711, 3870, 2468, 3956, 887, 2844, 8941, 627, 7112, 2904, 1497, 3458]",2990,32,0,False,32
1732,declined transfer,declined transfer,27,False,True,False,"{44: 1, 51: 1, 55: 3, 62: 1, 11: 1, 74: 1, 12: 2, 66: 1, 48: 1, 54: 1, 26: 3, 60: 1, 15: 1, 67: 1, 45: 2, 61: 1, 46: 2, 71: 1, 20: 1, 58: 2, 17: 1, 59: 1, 68: 1, 64: 1}","[8990, 5890, 5954, 3194, 8063, 9362, 42, 7687, 3138, 2262, 8836, 1181, 652, 8458, 7029, 5371, 5136, 2333, 8587, 2246, 711, 3870, 2468, 3956, 887, 2844, 8941, 627, 7112, 2904, 1497, 3458]",1732,32,0,False,32
1252,get physical card,get physical,38,False,True,False,"{44: 1, 51: 1, 55: 3, 62: 1, 11: 1, 74: 1, 12: 2, 66: 1, 48: 1, 54: 1, 26: 3, 60: 1, 15: 1, 67: 1, 45: 2, 61: 1, 46: 2, 71: 1, 20: 1, 58: 2, 17: 1, 59: 1, 68: 1, 64: 1}","[8990, 5890, 5954, 3194, 8063, 9362, 42, 7687, 3138, 2262, 8836, 1181, 652, 8458, 7029, 5371, 5136, 2333, 8587, 2246, 711, 3870, 2468, 3956, 887, 2844, 8941, 627, 7112, 2904, 1497, 3458]",1252,32,0,False,32
227,pending card payment,pending c,46,True,False,False,"{44: 1, 51: 1, 55: 3, 62: 1, 11: 1, 74: 1, 12: 2, 66: 1, 48: 1, 54: 1, 26: 3, 60: 1, 15: 1, 67: 1, 45: 2, 61: 1, 46: 2, 71: 1, 20: 1, 58: 2, 17: 1, 59: 1, 68: 1, 64: 1}","[8990, 5890, 5954, 3194, 8063, 9362, 42, 7687, 3138, 2262, 8836, 1181, 652, 8458, 7029, 5371, 5136, 2333, 8587, 2246, 711, 3870, 2468, 3956, 887, 2844, 8941, 627, 7112, 2904, 1497, 3458]",227,32,0,False,32
1962,transaction charged twice,transaction,63,False,True,False,"{44: 1, 51: 1, 55: 3, 62: 1, 11: 1, 74: 1, 12: 2, 66: 1, 48: 1, 54: 1, 26: 3, 60: 1, 15: 1, 67: 1, 45: 2, 61: 1, 46: 2, 71: 1, 20: 1, 58: 2, 17: 1, 59: 1, 68: 1, 64: 1}","[8990, 5890, 5954, 3194, 8063, 9362, 42, 7687, 3138, 2262, 8836, 1181, 652, 8458, 7029, 5371, 5136, 2333, 8587, 2246, 711, 3870, 2468, 3956, 887, 2844, 8941, 627, 7112, 2904, 1497, 3458]",1962,32,0,False,32
400,exchange via app,exchange via,33,False,True,False,"{44: 1, 51: 1, 55: 3, 62: 1, 11: 1, 74: 1, 12: 2, 66: 1, 48: 1, 54: 1, 26: 3, 60: 1, 15: 1, 67: 1, 45: 2, 61: 1, 46: 2, 71: 1, 20: 1, 58: 2, 17: 1, 59: 1, 68: 1, 64: 1}","[8990, 5890, 5954, 3194, 8063, 9362, 42, 7687, 3138, 2262, 8836, 1181, 652, 8458, 7029, 5371, 5136, 2333, 8587, 2246, 711, 3870, 2468, 3956, 887, 2844, 8941, 627, 7112, 2904, 1497, 3458]",400,32,0,False,32
1134,edit personal details,edit,30,False,True,False,"{44: 1, 51: 1, 55: 3, 62: 1, 11: 1, 74: 1, 12: 2, 66: 1, 48: 1, 54: 1, 26: 3, 60: 1, 15: 1, 67: 1, 45: 2, 61: 1, 46: 2, 71: 1, 20: 1, 58: 2, 17: 1, 59: 1, 68: 1, 64: 1}","[8990, 5890, 5954, 3194, 8063, 9362, 42, 7687, 3138, 2262, 8836, 1181, 652, 8458, 7029, 5371, 5136, 2333, 8587, 2246, 711, 3870, 2468, 3956, 887, 2844, 8941, 627, 7112, 2904, 1497, 3458]",1134,32,0,False,32
59,card linking,card linking,13,False,True,False,"{44: 1, 51: 1, 55: 3, 62: 1, 11: 1, 74: 1, 12: 2, 66: 1, 48: 1, 54: 1, 26: 3, 60: 1, 15: 1, 67: 1, 45: 2, 61: 1, 46: 2, 71: 1, 20: 1, 58: 2, 17: 1, 59: 1, 68: 1, 64: 1}","[8990, 5890, 5954, 3194, 8063, 9362, 42, 7687, 3138, 2262, 8836, 1181, 652, 8458, 7029, 5371, 5136, 2333, 8587, 2246, 711, 3870, 2468, 3956, 887, 2844, 8941, 627, 7112, 2904, 1497, 3458]",59,32,0,False,32
2256,receiving money,receiving,50,False,True,False,"{44: 1, 51: 1, 55: 3, 62: 1, 11: 1, 74: 1, 12: 2, 66: 1, 48: 1, 54: 1, 26: 3, 60: 1, 15: 1, 67: 1, 45: 2, 61: 1, 46: 2, 71: 1, 20: 1, 58: 2, 17: 1, 59: 1, 68: 1, 64: 1}","[8990, 5890, 5954, 3194, 8063, 9362, 42, 7687, 3138, 2262, 8836, 1181, 652, 8458, 7029, 5371, 5136, 2333, 8587, 2246, 711, 3870, 2468, 3956, 887, 2844, 8941, 627, 7112, 2904, 1497, 3458]",2256,32,0,False,32
853,transfer not received by recipient,transfer not,66,True,True,False,"{44: 1, 51: 1, 55: 3, 62: 1, 11: 1, 74: 1, 12: 2, 66: 1, 48: 1, 54: 1, 26: 3, 60: 1, 15: 1, 67: 1, 45: 2, 61: 1, 46: 2, 71: 1, 20: 1, 58: 2, 17: 1, 59: 1, 68: 1, 64: 1}","[8990, 5890, 5954, 3194, 8063, 9362, 42, 7687, 3138, 2262, 8836, 1181, 652, 8458, 7029, 5371, 5136, 2333, 8587, 2246, 711, 3870, 2468, 3956, 887, 2844, 8941, 627, 7112, 2904, 1497, 3458]",853,32,0,False,32
2777,exchange charge,exchange charge,31,False,True,False,"{44: 1, 51: 1, 55: 3, 62: 1, 11: 1, 74: 1, 12: 2, 66: 1, 48: 1, 54: 1, 26: 3, 60: 1, 15: 1, 67: 1, 45: 2, 61: 1, 46: 2, 71: 1, 20: 1, 58: 2, 17: 1, 59: 1, 68: 1, 64: 1}","[8990, 5890, 5954, 3194, 8063, 9362, 42, 7687, 3138, 2262, 8836, 1181, 652, 8458, 7029, 5371, 5136, 2333, 8587, 2246, 711, 3870, 2468, 3956, 887, 2844, 8941, 627, 7112, 2904, 1497, 3458]",2777,32,0,False,32
1538,passcode forgotten,pass,44,True,True,False,"{44: 1, 51: 1, 55: 3, 62: 1, 11: 1, 74: 1, 12: 2, 66: 1, 48: 1, 54: 1, 26: 3, 60: 1, 15: 1, 67: 1, 45: 2, 61: 1, 46: 2, 71: 1, 20: 1, 58: 2, 17: 1, 59: 1, 68: 1, 64: 1}","[8990, 5890, 5954, 3194, 8063, 9362, 42, 7687, 3138, 2262, 8836, 1181, 652, 8458, 7029, 5371, 5136, 2333, 8587, 2246, 711, 3870, 2468, 3956, 887, 2844, 8941, 627, 7112, 2904, 1497, 3458]",1538,32,0,False,32
2109,reverted card payment?,revert,53,False,True,False,"{44: 1, 51: 1, 55: 3, 62: 1, 11: 1, 74: 1, 12: 2, 66: 1, 48: 1, 54: 1, 26: 3, 60: 1, 15: 1, 67: 1, 45: 2, 61: 1, 46: 2, 71: 1, 20: 1, 58: 2, 17: 1, 59: 1, 68: 1, 64: 1}","[8990, 5890, 5954, 3194, 8063, 9362, 42, 7687, 3138, 2262, 8836, 1181, 652, 8458, 7029, 5371, 5136, 2333, 8587, 2246, 711, 3870, 2468, 3956, 887, 2844, 8941, 627, 7112, 2904, 1497, 3458]",2109,32,0,False,32
305,card delivery estimate,card delivery,12,True,True,False,"{44: 1, 51: 1, 55: 3, 62: 1, 11: 1, 74: 1, 12: 2, 66: 1, 48: 1, 54: 1, 26: 3, 60: 1, 15: 1, 67: 1, 45: 2, 61: 1, 46: 2, 71: 1, 20: 1, 58: 2, 17: 1, 59: 1, 68: 1, 64: 1}","[8990, 5890, 5954, 3194, 8063, 9362, 42, 7687, 3138, 2262, 8836, 1181, 652, 8458, 7029, 5371, 5136, 2333, 8587, 2246, 711, 3870, 2468, 3956, 887, 2844, 8941, 627, 7112, 2904, 1497, 3458]",305,32,0,False,32
711,cancel transfer,cancel,8,False,True,False,"{44: 1, 51: 1, 55: 3, 62: 1, 11: 1, 74: 1, 12: 2, 66: 1, 48: 1, 54: 1, 26: 3, 60: 1, 15: 1, 67: 1, 45: 2, 61: 1, 46: 2, 71: 1, 20: 1, 58: 2, 17: 1, 59: 1, 68: 1, 64: 1}","[8990, 5890, 5954, 3194, 8063, 9362, 42, 7687, 3138, 2262, 8836, 1181, 652, 8458, 7029, 5371, 5136, 2333, 8587, 2246, 711, 3870, 2468, 3956, 887, 2844, 8941, 627, 7112, 2904, 1497, 3458]",711,32,0,False,32
2927,card about to expire,card about,9,False,True,False,"{44: 1, 51: 1, 55: 3, 62: 1, 11: 1, 74: 1, 12: 2, 66: 1, 48: 1, 54: 1, 26: 3, 60: 1, 15: 1, 67: 1, 45: 2, 61: 1, 46: 2, 71: 1, 20: 1, 58: 2, 17: 1, 59: 1, 68: 1, 64: 1}","[8990, 5890, 5954, 3194, 8063, 9362, 42, 7687, 3138, 2262, 8836, 1181, 652, 8458, 7029, 5371, 5136, 2333, 8587, 2246, 711, 3870, 2468, 3956, 887, 2844, 8941, 627, 7112, 2904, 1497, 3458]",2927,32,0,False,32
2623,get disposable virtual card,get dispos,37,False,True,False,"{44: 1, 51: 1, 55: 3, 62: 1, 11: 1, 74: 1, 12: 2, 66: 1, 48: 1, 54: 1, 26: 3, 60: 1, 15: 1, 67: 1, 45: 2, 61: 1, 46: 2, 71: 1, 20: 1, 58: 2, 17: 1, 59: 1, 68: 1, 64: 1}","[8990, 5890, 5954, 3194, 8063, 9362, 42, 7687, 3138, 2262, 8836, 1181, 652, 8458, 7029, 5371, 5136, 2333, 8587, 2246, 711, 3870, 2468, 3956, 887, 2844, 8941, 627, 7112, 2904, 1497, 3458]",2623,32,0,False,32
271,exchange via app,fi,36,False,False,False,"{44: 1, 51: 1, 55: 3, 62: 1, 11: 1, 74: 1, 12: 2, 66: 1, 48: 1, 54: 1, 26: 3, 60: 1, 15: 1, 67: 1, 45: 2, 61: 1, 46: 2, 71: 1, 20: 1, 58: 2, 17: 1, 59: 1, 68: 1, 64: 1}","[8990, 5890, 5954, 3194, 8063, 9362, 42, 7687, 3138, 2262, 8836, 1181, 652, 8458, 7029, 5371, 5136, 2333, 8587, 2246, 711, 3870, 2468, 3956, 887, 2844, 8941, 627, 7112, 2904, 1497, 3458]",271,32,0,False,32
1023,top up reverted,top up revert,61,True,True,False,"{44: 1, 51: 1, 55: 3, 62: 1, 11: 1, 74: 1, 12: 2, 66: 1, 48: 1, 54: 1, 26: 3, 60: 1, 15: 1, 67: 1, 45: 2, 61: 1, 46: 2, 71: 1, 20: 1, 58: 2, 17: 1, 59: 1, 68: 1, 64: 1}","[8990, 5890, 5954, 3194, 8063, 9362, 42, 7687, 3138, 2262, 8836, 1181, 652, 8458, 7029, 5371, 5136, 2333, 8587, 2246, 711, 3870, 2468, 3956, 887, 2844, 8941, 627, 7112, 2904, 1497, 3458]",1023,32,0,False,32
470,lost or stolen card,lost or stolen card,41,False,True,False,"{44: 1, 51: 1, 55: 3, 62: 1, 11: 1, 74: 1, 12: 2, 66: 1, 48: 1, 54: 1, 26: 3, 60: 1, 15: 1, 67: 1, 45: 2, 61: 1, 46: 2, 71: 1, 20: 1, 58: 2, 17: 1, 59: 1, 68: 1, 64: 1}","[8990, 5890, 5954, 3194, 8063, 9362, 42, 7687, 3138, 2262, 8836, 1181, 652, 8458, 7029, 5371, 5136, 2333, 8587, 2246, 711, 3870, 2468, 3956, 887, 2844, 8941, 627, 7112, 2904, 1497, 3458]",470,32,0,False,32
2779,exchange charge,exchange charge,31,False,True,False,"{44: 1, 51: 1, 55: 3, 62: 1, 11: 1, 74: 1, 12: 2, 66: 1, 48: 1, 54: 1, 26: 3, 60: 1, 15: 1, 67: 1, 45: 2, 61: 1, 46: 2, 71: 1, 20: 1, 58: 2, 17: 1, 59: 1, 68: 1, 64: 1}","[8990, 5890, 5954, 3194, 8063, 9362, 42, 7687, 3138, 2262, 8836, 1181, 652, 8458, 7029, 5371, 5136, 2333, 8587, 2246, 711, 3870, 2468, 3956, 887, 2844, 8941, 627, 7112, 2904, 1497, 3458]",2779,32,0,False,32
1170,why verify identity,why,74,True,True,False,"{44: 1, 51: 1, 55: 3, 62: 1, 11: 1, 74: 1, 12: 2, 66: 1, 48: 1, 54: 1, 26: 3, 60: 1, 15: 1, 67: 1, 45: 2, 61: 1, 46: 2, 71: 1, 20: 1, 58: 2, 17: 1, 59: 1, 68: 1, 64: 1}","[8990, 5890, 5954, 3194, 8063, 9362, 42, 7687, 3138, 2262, 8836, 1181, 652, 8458, 7029, 5371, 5136, 2333, 8587, 2246, 711, 3870, 2468, 3956, 887, 2844, 8941, 627, 7112, 2904, 1497, 3458]",1170,32,0,False,32
1886,terminate account,terminate,55,True,True,False,"{44: 1, 51: 1, 55: 3, 62: 1, 11: 1, 74: 1, 12: 2, 66: 1, 48: 1, 54: 1, 26: 3, 60: 1, 15: 1, 67: 1, 45: 2, 61: 1, 46: 2, 71: 1, 20: 1, 58: 2, 17: 1, 59: 1, 68: 1, 64: 1}","[8990, 5890, 5954, 3194, 8063, 9362, 42, 7687, 3138, 2262, 8836, 1181, 652, 8458, 7029, 5371, 5136, 2333, 8587, 2246, 711, 3870, 2468, 3956, 887, 2844, 8941, 627, 7112, 2904, 1497, 3458]",1886,32,0,False,32
2723,cash withdrawal not recognised,cash withdrawal not,20,True,True,False,"{44: 1, 51: 1, 55: 3, 62: 1, 11: 1, 74: 1, 12: 2, 66: 1, 48: 1, 54: 1, 26: 3, 60: 1, 15: 1, 67: 1, 45: 2, 61: 1, 46: 2, 71: 1, 20: 1, 58: 2, 17: 1, 59: 1, 68: 1, 64: 1}","[8990, 5890, 5954, 3194, 8063, 9362, 42, 7687, 3138, 2262, 8836, 1181, 652, 8458, 7029, 5371, 5136, 2333, 8587, 2246, 711, 3870, 2468, 3956, 887, 2844, 8941, 627, 7112, 2904, 1497, 3458]",2723,32,0,False,32
915,supported cards and currencies,supported,54,True,True,False,"{44: 1, 51: 1, 55: 3, 62: 1, 11: 1, 74: 1, 12: 2, 66: 1, 48: 1, 54: 1, 26: 3, 60: 1, 15: 1, 67: 1, 45: 2, 61: 1, 46: 2, 71: 1, 20: 1, 58: 2, 17: 1, 59: 1, 68: 1, 64: 1}","[8990, 5890, 5954, 3194, 8063, 9362, 42, 7687, 3138, 2262, 8836, 1181, 652, 8458, 7029, 5371, 5136, 2333, 8587, 2246, 711, 3870, 2468, 3956, 887, 2844, 8941, 627, 7112, 2904, 1497, 3458]",915,32,0,False,32
2626,get disposable virtual card,get dispos,37,False,True,False,"{44: 1, 51: 1, 55: 3, 62: 1, 11: 1, 74: 1, 12: 2, 66: 1, 48: 1, 54: 1, 26: 3, 60: 1, 15: 1, 67: 1, 45: 2, 61: 1, 46: 2, 71: 1, 20: 1, 58: 2, 17: 1, 59: 1, 68: 1, 64: 1}","[8990, 5890, 5954, 3194, 8063, 9362, 42, 7687, 3138, 2262, 8836, 1181, 652, 8458, 7029, 5371, 5136, 2333, 8587, 2246, 711, 3870, 2468, 3956, 887, 2844, 8941, 627, 7112, 2904, 1497, 3458]",2626,32,0,False,32
2604,get disposable virtual card,get dispos,37,False,True,False,"{44: 1, 51: 1, 55: 3, 62: 1, 11: 1, 74: 1, 12: 2, 66: 1, 48: 1, 54: 1, 26: 3, 60: 1, 15: 1, 67: 1, 45: 2, 61: 1, 46: 2, 71: 1, 20: 1, 58: 2, 17: 1, 59: 1, 68: 1, 64: 1}","[8990, 5890, 5954, 3194, 8063, 9362, 42, 7687, 3138, 2262, 8836, 1181, 652, 8458, 7029, 5371, 5136, 2333, 8587, 2246, 711, 3870, 2468, 3956, 887, 2844, 8941, 627, 7112, 2904, 1497, 3458]",2604,32,0,False,32
1510,direct debit payment not recognised,direct,28,False,True,False,"{44: 1, 51: 1, 55: 3, 62: 1, 11: 1, 74: 1, 12: 2, 66: 1, 48: 1, 54: 1, 26: 3, 60: 1, 15: 1, 67: 1, 45: 2, 61: 1, 46: 2, 71: 1, 20: 1, 58: 2, 17: 1, 59: 1, 68: 1, 64: 1}","[8990, 5890, 5954, 3194, 8063, 9362, 42, 7687, 3138, 2262, 8836, 1181, 652, 8458, 7029, 5371, 5136, 2333, 8587, 2246, 711, 3870, 2468, 3956, 887, 2844, 8941, 627, 7112, 2904, 1497, 3458]",1510,32,0,False,32
2303,failed transfer,failed,35,False,True,False,"{44: 1, 51: 1, 55: 3, 62: 1, 11: 1, 74: 1, 12: 2, 66: 1, 48: 1, 54: 1, 26: 3, 60: 1, 15: 1, 67: 1, 45: 2, 61: 1, 46: 2, 71: 1, 20: 1, 58: 2, 17: 1, 59: 1, 68: 1, 64: 1}","[8990, 5890, 5954, 3194, 8063, 9362, 42, 7687, 3138, 2262, 8836, 1181, 652, 8458, 7029, 5371, 5136, 2333, 8587, 2246, 711, 3870, 2468, 3956, 887, 2844, 8941, 627, 7112, 2904, 1497, 3458]",2303,32,0,False,32
64,card linking,card linking,13,False,True,False,"{44: 1, 51: 1, 55: 3, 62: 1, 11: 1, 74: 1, 12: 2, 66: 1, 48: 1, 54: 1, 26: 3, 60: 1, 15: 1, 67: 1, 45: 2, 61: 1, 46: 2, 71: 1, 20: 1, 58: 2, 17: 1, 59: 1, 68: 1, 64: 1}","[8990, 5890, 5954, 3194, 8063, 9362, 42, 7687, 3138, 2262, 8836, 1181, 652, 8458, 7029, 5371, 5136, 2333, 8587, 2246, 711, 3870, 2468, 3956, 887, 2844, 8941, 627, 7112, 2904, 1497, 3458]",64,32,0,False,32
2041,transfer timing,transfer timing,67,True,True,True,"{44: 1, 51: 1, 55: 3, 62: 1, 11: 1, 74: 1, 12: 2, 66: 1, 48: 1, 54: 1, 26: 3, 60: 1, 15: 1, 67: 1, 45: 2, 61: 1, 46: 2, 71: 1, 20: 1, 58: 2, 17: 1, 59: 1, 68: 1, 64: 1}","[8990, 5890, 5954, 3194, 8063, 9362, 42, 7687, 3138, 2262, 8836, 1181, 652, 8458, 7029, 5371, 5136, 2333, 8587, 2246, 711, 3870, 2468, 3956, 887, 2844, 8941, 627, 7112, 2904, 1497, 3458]",2041,32,0,False,32
1995,transaction charged twice,transaction,63,False,True,False,"{44: 1, 51: 1, 55: 3, 62: 1, 11: 1, 74: 1, 12: 2, 66: 1, 48: 1, 54: 1, 26: 3, 60: 1, 15: 1, 67: 1, 45: 2, 61: 1, 46: 2, 71: 1, 20: 1, 58: 2, 17: 1, 59: 1, 68: 1, 64: 1}","[8990, 5890, 5954, 3194, 8063, 9362, 42, 7687, 3138, 2262, 8836, 1181, 652, 8458, 7029, 5371, 5136, 2333, 8587, 2246, 711, 3870, 2468, 3956, 887, 2844, 8941, 627, 7112, 2904, 1497, 3458]",1995,32,0,False,32
1266,get physical card,get physical,38,False,True,False,"{44: 1, 51: 1, 55: 3, 62: 1, 11: 1, 74: 1, 12: 2, 66: 1, 48: 1, 54: 1, 26: 3, 60: 1, 15: 1, 67: 1, 45: 2, 61: 1, 46: 2, 71: 1, 20: 1, 58: 2, 17: 1, 59: 1, 68: 1, 64: 1}","[8990, 5890, 5954, 3194, 8063, 9362, 42, 7687, 3138, 2262, 8836, 1181, 652, 8458, 7029, 5371, 5136, 2333, 8587, 2246, 711, 3870, 2468, 3956, 887, 2844, 8941, 627, 7112, 2904, 1497, 3458]",1266,32,0,False,32
2821,top up by card charge,top up by card,57,False,True,False,"{44: 1, 51: 1, 55: 3, 62: 1, 11: 1, 74: 1, 12: 2, 66: 1, 48: 1, 54: 1, 26: 3, 60: 1, 15: 1, 67: 1, 45: 2, 61: 1, 46: 2, 71: 1, 20: 1, 58: 2, 17: 1, 59: 1, 68: 1, 64: 1}","[8990, 5890, 5954, 3194, 8063, 9362, 42, 7687, 3138, 2262, 8836, 1181, 652, 8458, 7029, 5371, 5136, 2333, 8587, 2246, 711, 3870, 2468, 3956, 887, 2844, 8941, 627, 7112, 2904, 1497, 3458]",2821,32,0,False,32
1945,card swallowed,card sw,18,False,True,False,"{44: 1, 51: 1, 55: 3, 62: 1, 11: 1, 74: 1, 12: 2, 66: 1, 48: 1, 54: 1, 26: 3, 60: 1, 15: 1, 67: 1, 45: 2, 61: 1, 46: 2, 71: 1, 20: 1, 58: 2, 17: 1, 59: 1, 68: 1, 64: 1}","[8990, 5890, 5954, 3194, 8063, 9362, 42, 7687, 3138, 2262, 8836, 1181, 652, 8458, 7029, 5371, 5136, 2333, 8587, 2246, 711, 3870, 2468, 3956, 887, 2844, 8941, 627, 7112, 2904, 1497, 3458]",1945,32,0,False,32
835,extra charge on statement,card payment fee,15,True,False,False,"{44: 1, 51: 1, 55: 3, 62: 1, 11: 1, 74: 1, 12: 2, 66: 1, 48: 1, 54: 1, 26: 3, 60: 1, 15: 1, 67: 1, 45: 2, 61: 1, 46: 2, 71: 1, 20: 1, 58: 2, 17: 1, 59: 1, 68: 1, 64: 1}","[8990, 5890, 5954, 3194, 8063, 9362, 42, 7687, 3138, 2262, 8836, 1181, 652, 8458, 7029, 5371, 5136, 2333, 8587, 2246, 711, 3870, 2468, 3956, 887, 2844, 8941, 627, 7112, 2904, 1497, 3458]",835,32,0,False,32
2312,failed transfer,failed,35,False,True,False,"{44: 1, 51: 1, 55: 3, 62: 1, 11: 1, 74: 1, 12: 2, 66: 1, 48: 1, 54: 1, 26: 3, 60: 1, 15: 1, 67: 1, 45: 2, 61: 1, 46: 2, 71: 1, 20: 1, 58: 2, 17: 1, 59: 1, 68: 1, 64: 1}","[8990, 5890, 5954, 3194, 8063, 9362, 42, 7687, 3138, 2262, 8836, 1181, 652, 8458, 7029, 5371, 5136, 2333, 8587, 2246, 711, 3870, 2468, 3956, 887, 2844, 8941, 627, 7112, 2904, 1497, 3458]",2312,32,0,False,32
1053,top up failed,balance not updated after che,6,False,False,True,"{44: 1, 51: 1, 55: 3, 62: 1, 11: 1, 74: 1, 12: 2, 66: 1, 48: 1, 54: 1, 26: 3, 60: 1, 15: 1, 67: 1, 45: 2, 61: 1, 46: 2, 71: 1, 20: 1, 58: 2, 17: 1, 59: 1, 68: 1, 64: 1}","[8990, 5890, 5954, 3194, 8063, 9362, 42, 7687, 3138, 2262, 8836, 1181, 652, 8458, 7029, 5371, 5136, 2333, 8587, 2246, 711, 3870, 2468, 3956, 887, 2844, 8941, 627, 7112, 2904, 1497, 3458]",1053,32,0,False,32
2800,top up by card charge,top up by card,57,False,True,False,"{44: 1, 51: 1, 55: 3, 62: 1, 11: 1, 74: 1, 12: 2, 66: 1, 48: 1, 54: 1, 26: 3, 60: 1, 15: 1, 67: 1, 45: 2, 61: 1, 46: 2, 71: 1, 20: 1, 58: 2, 17: 1, 59: 1, 68: 1, 64: 1}","[8990, 5890, 5954, 3194, 8063, 9362, 42, 7687, 3138, 2262, 8836, 1181, 652, 8458, 7029, 5371, 5136, 2333, 8587, 2246, 711, 3870, 2468, 3956, 887, 2844, 8941, 627, 7112, 2904, 1497, 3458]",2800,32,0,False,32
1835,declined card payment,declined card,25,False,True,False,"{44: 1, 51: 1, 55: 3, 62: 1, 11: 1, 74: 1, 12: 2, 66: 1, 48: 1, 54: 1, 26: 3, 60: 1, 15: 1, 67: 1, 45: 2, 61: 1, 46: 2, 71: 1, 20: 1, 58: 2, 17: 1, 59: 1, 68: 1, 64: 1}","[8990, 5890, 5954, 3194, 8063, 9362, 42, 7687, 3138, 2262, 8836, 1181, 652, 8458, 7029, 5371, 5136, 2333, 8587, 2246, 711, 3870, 2468, 3956, 887, 2844, 8941, 627, 7112, 2904, 1497, 3458]",1835,32,0,False,32
1434,compromised card,comprom,22,False,True,False,"{44: 1, 51: 1, 55: 3, 62: 1, 11: 1, 74: 1, 12: 2, 66: 1, 48: 1, 54: 1, 26: 3, 60: 1, 15: 1, 67: 1, 45: 2, 61: 1, 46: 2, 71: 1, 20: 1, 58: 2, 17: 1, 59: 1, 68: 1, 64: 1}","[8990, 5890, 5954, 3194, 8063, 9362, 42, 7687, 3138, 2262, 8836, 1181, 652, 8458, 7029, 5371, 5136, 2333, 8587, 2246, 711, 3870, 2468, 3956, 887, 2844, 8941, 627, 7112, 2904, 1497, 3458]",1434,32,0,False,32
979,card about to expire,card accept,10,False,False,False,"{44: 1, 51: 1, 55: 3, 62: 1, 11: 1, 74: 1, 12: 2, 66: 1, 48: 1, 54: 1, 26: 3, 60: 1, 15: 1, 67: 1, 45: 2, 61: 1, 46: 2, 71: 1, 20: 1, 58: 2, 17: 1, 59: 1, 68: 1, 64: 1}","[8990, 5890, 5954, 3194, 8063, 9362, 42, 7687, 3138, 2262, 8836, 1181, 652, 8458, 7029, 5371, 5136, 2333, 8587, 2246, 711, 3870, 2468, 3956, 887, 2844, 8941, 627, 7112, 2904, 1497, 3458]",979,32,0,False,32
2942,card about to expire,card about,9,False,True,False,"{44: 1, 51: 1, 55: 3, 62: 1, 11: 1, 74: 1, 12: 2, 66: 1, 48: 1, 54: 1, 26: 3, 60: 1, 15: 1, 67: 1, 45: 2, 61: 1, 46: 2, 71: 1, 20: 1, 58: 2, 17: 1, 59: 1, 68: 1, 64: 1}","[8990, 5890, 5954, 3194, 8063, 9362, 42, 7687, 3138, 2262, 8836, 1181, 652, 8458, 7029, 5371, 5136, 2333, 8587, 2246, 711, 3870, 2468, 3956, 887, 2844, 8941, 627, 7112, 2904, 1497, 3458]",2942,32,0,False,32
1900,terminate account,terminate,55,True,True,False,"{44: 1, 51: 1, 55: 3, 62: 1, 11: 1, 74: 1, 12: 2, 66: 1, 48: 1, 54: 1, 26: 3, 60: 1, 15: 1, 67: 1, 45: 2, 61: 1, 46: 2, 71: 1, 20: 1, 58: 2, 17: 1, 59: 1, 68: 1, 64: 1}","[8990, 5890, 5954, 3194, 8063, 9362, 42, 7687, 3138, 2262, 8836, 1181, 652, 8458, 7029, 5371, 5136, 2333, 8587, 2246, 711, 3870, 2468, 3956, 887, 2844, 8941, 627, 7112, 2904, 1497, 3458]",1900,32,0,False,32
2973,apple pay or google pay,apple,2,False,True,False,"{44: 1, 51: 1, 55: 3, 62: 1, 11: 1, 74: 1, 12: 2, 66: 1, 48: 1, 54: 1, 26: 3, 60: 1, 15: 1, 67: 1, 45: 2, 61: 1, 46: 2, 71: 1, 20: 1, 58: 2, 17: 1, 59: 1, 68: 1, 64: 1}","[8990, 5890, 5954, 3194, 8063, 9362, 42, 7687, 3138, 2262, 8836, 1181, 652, 8458, 7029, 5371, 5136, 2333, 8587, 2246, 711, 3870, 2468, 3956, 887, 2844, 8941, 627, 7112, 2904, 1497, 3458]",2973,32,0,False,32
2989,apple pay or google pay,apple,2,False,True,False,"{44: 1, 51: 1, 55: 3, 62: 1, 11: 1, 74: 1, 12: 2, 66: 1, 48: 1, 54: 1, 26: 3, 60: 1, 15: 1, 67: 1, 45: 2, 61: 1, 46: 2, 71: 1, 20: 1, 58: 2, 17: 1, 59: 1, 68: 1, 64: 1}","[8990, 5890, 5954, 3194, 8063, 9362, 42, 7687, 3138, 2262, 8836, 1181, 652, 8458, 7029, 5371, 5136, 2333, 8587, 2246, 711, 3870, 2468, 3956, 887, 2844, 8941, 627, 7112, 2904, 1497, 3458]",2989,32,0,False,32
2241,receiving money,receiving,50,False,True,False,"{44: 1, 51: 1, 55: 3, 62: 1, 11: 1, 74: 1, 12: 2, 66: 1, 48: 1, 54: 1, 26: 3, 60: 1, 15: 1, 67: 1, 45: 2, 61: 1, 46: 2, 71: 1, 20: 1, 58: 2, 17: 1, 59: 1, 68: 1, 64: 1}","[8990, 5890, 5954, 3194, 8063, 9362, 42, 7687, 3138, 2262, 8836, 1181, 652, 8458, 7029, 5371, 5136, 2333, 8587, 2246, 711, 3870, 2468, 3956, 887, 2844, 8941, 627, 7112, 2904, 1497, 3458]",2241,32,0,False,32
984,card acceptance,card accept,10,False,True,False,"{44: 1, 51: 1, 55: 3, 62: 1, 11: 1, 74: 1, 12: 2, 66: 1, 48: 1, 54: 1, 26: 3, 60: 1, 15: 1, 67: 1, 45: 2, 61: 1, 46: 2, 71: 1, 20: 1, 58: 2, 17: 1, 59: 1, 68: 1, 64: 1}","[8990, 5890, 5954, 3194, 8063, 9362, 42, 7687, 3138, 2262, 8836, 1181, 652, 8458, 7029, 5371, 5136, 2333, 8587, 2246, 711, 3870, 2468, 3956, 887, 2844, 8941, 627, 7112, 2904, 1497, 3458]",984,32,0,False,32
2933,card about to expire,card about,9,False,True,False,"{44: 1, 51: 1, 55: 3, 62: 1, 11: 1, 74: 1, 12: 2, 66: 1, 48: 1, 54: 1, 26: 3, 60: 1, 15: 1, 67: 1, 45: 2, 61: 1, 46: 2, 71: 1, 20: 1, 58: 2, 17: 1, 59: 1, 68: 1, 64: 1}","[8990, 5890, 5954, 3194, 8063, 9362, 42, 7687, 3138, 2262, 8836, 1181, 652, 8458, 7029, 5371, 5136, 2333, 8587, 2246, 711, 3870, 2468, 3956, 887, 2844, 8941, 627, 7112, 2904, 1497, 3458]",2933,32,0,False,32
1265,get physical card,get physical,38,False,True,False,"{44: 1, 51: 1, 55: 3, 62: 1, 11: 1, 74: 1, 12: 2, 66: 1, 48: 1, 54: 1, 26: 3, 60: 1, 15: 1, 67: 1, 45: 2, 61: 1, 46: 2, 71: 1, 20: 1, 58: 2, 17: 1, 59: 1, 68: 1, 64: 1}","[8990, 5890, 5954, 3194, 8063, 9362, 42, 7687, 3138, 2262, 8836, 1181, 652, 8458, 7029, 5371, 5136, 2333, 8587, 2246, 711, 3870, 2468, 3956, 887, 2844, 8941, 627, 7112, 2904, 1497, 3458]",1265,32,0,False,32
1811,declined card payment,declined card,25,False,True,False,"{44: 1, 51: 1, 55: 3, 62: 1, 11: 1, 74: 1, 12: 2, 66: 1, 48: 1, 54: 1, 26: 3, 60: 1, 15: 1, 67: 1, 45: 2, 61: 1, 46: 2, 71: 1, 20: 1, 58: 2, 17: 1, 59: 1, 68: 1, 64: 1}","[8990, 5890, 5954, 3194, 8063, 9362, 42, 7687, 3138, 2262, 8836, 1181, 652, 8458, 7029, 5371, 5136, 2333, 8587, 2246, 711, 3870, 2468, 3956, 887, 2844, 8941, 627, 7112, 2904, 1497, 3458]",1811,32,0,False,32
1428,compromised card,comprom,22,False,True,False,"{44: 1, 51: 1, 55: 3, 62: 1, 11: 1, 74: 1, 12: 2, 66: 1, 48: 1, 54: 1, 26: 3, 60: 1, 15: 1, 67: 1, 45: 2, 61: 1, 46: 2, 71: 1, 20: 1, 58: 2, 17: 1, 59: 1, 68: 1, 64: 1}","[8990, 5890, 5954, 3194, 8063, 9362, 42, 7687, 3138, 2262, 8836, 1181, 652, 8458, 7029, 5371, 5136, 2333, 8587, 2246, 711, 3870, 2468, 3956, 887, 2844, 8941, 627, 7112, 2904, 1497, 3458]",1428,32,0,False,32
1568,declined cash withdrawal,declined c,26,True,True,False,"{44: 1, 51: 1, 55: 3, 62: 1, 11: 1, 74: 1, 12: 2, 66: 1, 48: 1, 54: 1, 26: 3, 60: 1, 15: 1, 67: 1, 45: 2, 61: 1, 46: 2, 71: 1, 20: 1, 58: 2, 17: 1, 59: 1, 68: 1, 64: 1}","[8990, 5890, 5954, 3194, 8063, 9362, 42, 7687, 3138, 2262, 8836, 1181, 652, 8458, 7029, 5371, 5136, 2333, 8587, 2246, 711, 3870, 2468, 3956, 887, 2844, 8941, 627, 7112, 2904, 1497, 3458]",1568,32,0,False,32
2675,declined card payment,top up failed,59,True,False,False,"{44: 1, 51: 1, 55: 3, 62: 1, 11: 1, 74: 1, 12: 2, 66: 1, 48: 1, 54: 1, 26: 3, 60: 1, 15: 1, 67: 1, 45: 2, 61: 1, 46: 2, 71: 1, 20: 1, 58: 2, 17: 1, 59: 1, 68: 1, 64: 1}","[8990, 5890, 5954, 3194, 8063, 9362, 42, 7687, 3138, 2262, 8836, 1181, 652, 8458, 7029, 5371, 5136, 2333, 8587, 2246, 711, 3870, 2468, 3956, 887, 2844, 8941, 627, 7112, 2904, 1497, 3458]",2675,32,0,False,32
1645,lost or stolen phone,lost or stolen phone,42,False,True,False,"{44: 1, 51: 1, 55: 3, 62: 1, 11: 1, 74: 1, 12: 2, 66: 1, 48: 1, 54: 1, 26: 3, 60: 1, 15: 1, 67: 1, 45: 2, 61: 1, 46: 2, 71: 1, 20: 1, 58: 2, 17: 1, 59: 1, 68: 1, 64: 1}","[8990, 5890, 5954, 3194, 8063, 9362, 42, 7687, 3138, 2262, 8836, 1181, 652, 8458, 7029, 5371, 5136, 2333, 8587, 2246, 711, 3870, 2468, 3956, 887, 2844, 8941, 627, 7112, 2904, 1497, 3458]",1645,32,0,False,32
2289,failed transfer,failed,35,False,True,False,"{44: 1, 51: 1, 55: 3, 62: 1, 11: 1, 74: 1, 12: 2, 66: 1, 48: 1, 54: 1, 26: 3, 60: 1, 15: 1, 67: 1, 45: 2, 61: 1, 46: 2, 71: 1, 20: 1, 58: 2, 17: 1, 59: 1, 68: 1, 64: 1}","[8990, 5890, 5954, 3194, 8063, 9362, 42, 7687, 3138, 2262, 8836, 1181, 652, 8458, 7029, 5371, 5136, 2333, 8587, 2246, 711, 3870, 2468, 3956, 887, 2844, 8941, 627, 7112, 2904, 1497, 3458]",2289,32,0,False,32
2854,activate my card,activ,0,False,True,False,"{44: 1, 51: 1, 55: 3, 62: 1, 11: 1, 74: 1, 12: 2, 66: 1, 48: 1, 54: 1, 26: 3, 60: 1, 15: 1, 67: 1, 45: 2, 61: 1, 46: 2, 71: 1, 20: 1, 58: 2, 17: 1, 59: 1, 68: 1, 64: 1}","[8990, 5890, 5954, 3194, 8063, 9362, 42, 7687, 3138, 2262, 8836, 1181, 652, 8458, 7029, 5371, 5136, 2333, 8587, 2246, 711, 3870, 2468, 3956, 887, 2844, 8941, 627, 7112, 2904, 1497, 3458]",2854,32,0,False,32
1356,topping up by card,to,62,True,True,False,"{44: 1, 51: 1, 55: 3, 62: 1, 11: 1, 74: 1, 12: 2, 66: 1, 48: 1, 54: 1, 26: 3, 60: 1, 15: 1, 67: 1, 45: 2, 61: 1, 46: 2, 71: 1, 20: 1, 58: 2, 17: 1, 59: 1, 68: 1, 64: 1}","[8990, 5890, 5954, 3194, 8063, 9362, 42, 7687, 3138, 2262, 8836, 1181, 652, 8458, 7029, 5371, 5136, 2333, 8587, 2246, 711, 3870, 2468, 3956, 887, 2844, 8941, 627, 7112, 2904, 1497, 3458]",1356,32,0,False,32
982,card acceptance,card accept,10,False,True,False,"{44: 1, 51: 1, 55: 3, 62: 1, 11: 1, 74: 1, 12: 2, 66: 1, 48: 1, 54: 1, 26: 3, 60: 1, 15: 1, 67: 1, 45: 2, 61: 1, 46: 2, 71: 1, 20: 1, 58: 2, 17: 1, 59: 1, 68: 1, 64: 1}","[8990, 5890, 5954, 3194, 8063, 9362, 42, 7687, 3138, 2262, 8836, 1181, 652, 8458, 7029, 5371, 5136, 2333, 8587, 2246, 711, 3870, 2468, 3956, 887, 2844, 8941, 627, 7112, 2904, 1497, 3458]",982,32,0,False,32
1518,direct debit payment not recognised,direct,28,False,True,False,"{44: 1, 51: 1, 55: 3, 62: 1, 11: 1, 74: 1, 12: 2, 66: 1, 48: 1, 54: 1, 26: 3, 60: 1, 15: 1, 67: 1, 45: 2, 61: 1, 46: 2, 71: 1, 20: 1, 58: 2, 17: 1, 59: 1, 68: 1, 64: 1}","[8990, 5890, 5954, 3194, 8063, 9362, 42, 7687, 3138, 2262, 8836, 1181, 652, 8458, 7029, 5371, 5136, 2333, 8587, 2246, 711, 3870, 2468, 3956, 887, 2844, 8941, 627, 7112, 2904, 1497, 3458]",1518,32,0,False,32
722,top up limits,top up limits,60,True,True,True,"{44: 1, 51: 1, 55: 3, 62: 1, 11: 1, 74: 1, 12: 2, 66: 1, 48: 1, 54: 1, 26: 3, 60: 1, 15: 1, 67: 1, 45: 2, 61: 1, 46: 2, 71: 1, 20: 1, 58: 2, 17: 1, 59: 1, 68: 1, 64: 1}","[8990, 5890, 5954, 3194, 8063, 9362, 42, 7687, 3138, 2262, 8836, 1181, 652, 8458, 7029, 5371, 5136, 2333, 8587, 2246, 711, 3870, 2468, 3956, 887, 2844, 8941, 627, 7112, 2904, 1497, 3458]",722,32,0,False,32
2372,verify top up,verify top,71,True,True,False,"{44: 1, 51: 1, 55: 3, 62: 1, 11: 1, 74: 1, 12: 2, 66: 1, 48: 1, 54: 1, 26: 3, 60: 1, 15: 1, 67: 1, 45: 2, 61: 1, 46: 2, 71: 1, 20: 1, 58: 2, 17: 1, 59: 1, 68: 1, 64: 1}","[8990, 5890, 5954, 3194, 8063, 9362, 42, 7687, 3138, 2262, 8836, 1181, 652, 8458, 7029, 5371, 5136, 2333, 8587, 2246, 711, 3870, 2468, 3956, 887, 2844, 8941, 627, 7112, 2904, 1497, 3458]",2372,32,0,False,32
1917,terminate account,terminate,55,True,True,False,"{44: 1, 51: 1, 55: 3, 62: 1, 11: 1, 74: 1, 12: 2, 66: 1, 48: 1, 54: 1, 26: 3, 60: 1, 15: 1, 67: 1, 45: 2, 61: 1, 46: 2, 71: 1, 20: 1, 58: 2, 17: 1, 59: 1, 68: 1, 64: 1}","[8990, 5890, 5954, 3194, 8063, 9362, 42, 7687, 3138, 2262, 8836, 1181, 652, 8458, 7029, 5371, 5136, 2333, 8587, 2246, 711, 3870, 2468, 3956, 887, 2844, 8941, 627, 7112, 2904, 1497, 3458]",1917,32,0,False,32
1500,direct debit payment not recognised,direct,28,False,True,False,"{44: 1, 51: 1, 55: 3, 62: 1, 11: 1, 74: 1, 12: 2, 66: 1, 48: 1, 54: 1, 26: 3, 60: 1, 15: 1, 67: 1, 45: 2, 61: 1, 46: 2, 71: 1, 20: 1, 58: 2, 17: 1, 59: 1, 68: 1, 64: 1}","[8990, 5890, 5954, 3194, 8063, 9362, 42, 7687, 3138, 2262, 8836, 1181, 652, 8458, 7029, 5371, 5136, 2333, 8587, 2246, 711, 3870, 2468, 3956, 887, 2844, 8941, 627, 7112, 2904, 1497, 3458]",1500,32,0,False,32
1933,card swallowed,card sw,18,False,True,False,"{44: 1, 51: 1, 55: 3, 62: 1, 11: 1, 74: 1, 12: 2, 66: 1, 48: 1, 54: 1, 26: 3, 60: 1, 15: 1, 67: 1, 45: 2, 61: 1, 46: 2, 71: 1, 20: 1, 58: 2, 17: 1, 59: 1, 68: 1, 64: 1}","[8990, 5890, 5954, 3194, 8063, 9362, 42, 7687, 3138, 2262, 8836, 1181, 652, 8458, 7029, 5371, 5136, 2333, 8587, 2246, 711, 3870, 2468, 3956, 887, 2844, 8941, 627, 7112, 2904, 1497, 3458]",1933,32,0,False,32
2833,top up by card charge,top up by card,57,False,True,False,"{44: 1, 51: 1, 55: 3, 62: 1, 11: 1, 74: 1, 12: 2, 66: 1, 48: 1, 54: 1, 26: 3, 60: 1, 15: 1, 67: 1, 45: 2, 61: 1, 46: 2, 71: 1, 20: 1, 58: 2, 17: 1, 59: 1, 68: 1, 64: 1}","[8990, 5890, 5954, 3194, 8063, 9362, 42, 7687, 3138, 2262, 8836, 1181, 652, 8458, 7029, 5371, 5136, 2333, 8587, 2246, 711, 3870, 2468, 3956, 887, 2844, 8941, 627, 7112, 2904, 1497, 3458]",2833,32,0,False,32
1639,pending card payment,pending card,45,True,True,False,"{44: 1, 51: 1, 55: 3, 62: 1, 11: 1, 74: 1, 12: 2, 66: 1, 48: 1, 54: 1, 26: 3, 60: 1, 15: 1, 67: 1, 45: 2, 61: 1, 46: 2, 71: 1, 20: 1, 58: 2, 17: 1, 59: 1, 68: 1, 64: 1}","[8990, 5890, 5954, 3194, 8063, 9362, 42, 7687, 3138, 2262, 8836, 1181, 652, 8458, 7029, 5371, 5136, 2333, 8587, 2246, 711, 3870, 2468, 3956, 887, 2844, 8941, 627, 7112, 2904, 1497, 3458]",1639,32,0,False,32
1136,edit personal details,edit,30,False,True,False,"{44: 1, 51: 1, 55: 3, 62: 1, 11: 1, 74: 1, 12: 2, 66: 1, 48: 1, 54: 1, 26: 3, 60: 1, 15: 1, 67: 1, 45: 2, 61: 1, 46: 2, 71: 1, 20: 1, 58: 2, 17: 1, 59: 1, 68: 1, 64: 1}","[8990, 5890, 5954, 3194, 8063, 9362, 42, 7687, 3138, 2262, 8836, 1181, 652, 8458, 7029, 5371, 5136, 2333, 8587, 2246, 711, 3870, 2468, 3956, 887, 2844, 8941, 627, 7112, 2904, 1497, 3458]",1136,32,0,False,32
2124,change pin,change,21,False,True,False,"{44: 1, 51: 1, 55: 3, 62: 1, 11: 1, 74: 1, 12: 2, 66: 1, 48: 1, 54: 1, 26: 3, 60: 1, 15: 1, 67: 1, 45: 2, 61: 1, 46: 2, 71: 1, 20: 1, 58: 2, 17: 1, 59: 1, 68: 1, 64: 1}","[8990, 5890, 5954, 3194, 8063, 9362, 42, 7687, 3138, 2262, 8836, 1181, 652, 8458, 7029, 5371, 5136, 2333, 8587, 2246, 711, 3870, 2468, 3956, 887, 2844, 8941, 627, 7112, 2904, 1497, 3458]",2124,32,0,False,32
3008,verify my identity,verify my,69,False,True,False,"{44: 1, 51: 1, 55: 3, 62: 1, 11: 1, 74: 1, 12: 2, 66: 1, 48: 1, 54: 1, 26: 3, 60: 1, 15: 1, 67: 1, 45: 2, 61: 1, 46: 2, 71: 1, 20: 1, 58: 2, 17: 1, 59: 1, 68: 1, 64: 1}","[8990, 5890, 5954, 3194, 8063, 9362, 42, 7687, 3138, 2262, 8836, 1181, 652, 8458, 7029, 5371, 5136, 2333, 8587, 2246, 711, 3870, 2468, 3956, 887, 2844, 8941, 627, 7112, 2904, 1497, 3458]",3008,32,0,False,32
1704,request refund,request,52,False,True,False,"{44: 1, 51: 1, 55: 3, 62: 1, 11: 1, 74: 1, 12: 2, 66: 1, 48: 1, 54: 1, 26: 3, 60: 1, 15: 1, 67: 1, 45: 2, 61: 1, 46: 2, 71: 1, 20: 1, 58: 2, 17: 1, 59: 1, 68: 1, 64: 1}","[8990, 5890, 5954, 3194, 8063, 9362, 42, 7687, 3138, 2262, 8836, 1181, 652, 8458, 7029, 5371, 5136, 2333, 8587, 2246, 711, 3870, 2468, 3956, 887, 2844, 8941, 627, 7112, 2904, 1497, 3458]",1704,32,0,False,32
2243,receiving money,receiving,50,False,True,False,"{44: 1, 51: 1, 55: 3, 62: 1, 11: 1, 74: 1, 12: 2, 66: 1, 48: 1, 54: 1, 26: 3, 60: 1, 15: 1, 67: 1, 45: 2, 61: 1, 46: 2, 71: 1, 20: 1, 58: 2, 17: 1, 59: 1, 68: 1, 64: 1}","[8990, 5890, 5954, 3194, 8063, 9362, 42, 7687, 3138, 2262, 8836, 1181, 652, 8458, 7029, 5371, 5136, 2333, 8587, 2246, 711, 3870, 2468, 3956, 887, 2844, 8941, 627, 7112, 2904, 1497, 3458]",2243,32,0,False,32
748,top up limits,top up limits,60,True,True,True,"{44: 1, 51: 1, 55: 3, 62: 1, 11: 1, 74: 1, 12: 2, 66: 1, 48: 1, 54: 1, 26: 3, 60: 1, 15: 1, 67: 1, 45: 2, 61: 1, 46: 2, 71: 1, 20: 1, 58: 2, 17: 1, 59: 1, 68: 1, 64: 1}","[8990, 5890, 5954, 3194, 8063, 9362, 42, 7687, 3138, 2262, 8836, 1181, 652, 8458, 7029, 5371, 5136, 2333, 8587, 2246, 711, 3870, 2468, 3956, 887, 2844, 8941, 627, 7112, 2904, 1497, 3458]",748,32,0,False,32
2649,top up failed,top up failed,59,True,True,True,"{44: 1, 51: 1, 55: 3, 62: 1, 11: 1, 74: 1, 12: 2, 66: 1, 48: 1, 54: 1, 26: 3, 60: 1, 15: 1, 67: 1, 45: 2, 61: 1, 46: 2, 71: 1, 20: 1, 58: 2, 17: 1, 59: 1, 68: 1, 64: 1}","[8990, 5890, 5954, 3194, 8063, 9362, 42, 7687, 3138, 2262, 8836, 1181, 652, 8458, 7029, 5371, 5136, 2333, 8587, 2246, 711, 3870, 2468, 3956, 887, 2844, 8941, 627, 7112, 2904, 1497, 3458]",2649,32,0,False,32
1258,get physical card,get physical,38,False,True,False,"{44: 1, 51: 1, 55: 3, 62: 1, 11: 1, 74: 1, 12: 2, 66: 1, 48: 1, 54: 1, 26: 3, 60: 1, 15: 1, 67: 1, 45: 2, 61: 1, 46: 2, 71: 1, 20: 1, 58: 2, 17: 1, 59: 1, 68: 1, 64: 1}","[8990, 5890, 5954, 3194, 8063, 9362, 42, 7687, 3138, 2262, 8836, 1181, 652, 8458, 7029, 5371, 5136, 2333, 8587, 2246, 711, 3870, 2468, 3956, 887, 2844, 8941, 627, 7112, 2904, 1497, 3458]",1258,32,0,False,32
1318,visa or mastercard,vis,73,False,True,False,"{44: 1, 51: 1, 55: 3, 62: 1, 11: 1, 74: 1, 12: 2, 66: 1, 48: 1, 54: 1, 26: 3, 60: 1, 15: 1, 67: 1, 45: 2, 61: 1, 46: 2, 71: 1, 20: 1, 58: 2, 17: 1, 59: 1, 68: 1, 64: 1}","[8990, 5890, 5954, 3194, 8063, 9362, 42, 7687, 3138, 2262, 8836, 1181, 652, 8458, 7029, 5371, 5136, 2333, 8587, 2246, 711, 3870, 2468, 3956, 887, 2844, 8941, 627, 7112, 2904, 1497, 3458]",1318,32,0,False,32
1770,Refund not showing up,Ref,51,True,True,False,"{44: 1, 51: 1, 55: 3, 62: 1, 11: 1, 74: 1, 12: 2, 66: 1, 48: 1, 54: 1, 26: 3, 60: 1, 15: 1, 67: 1, 45: 2, 61: 1, 46: 2, 71: 1, 20: 1, 58: 2, 17: 1, 59: 1, 68: 1, 64: 1}","[8990, 5890, 5954, 3194, 8063, 9362, 42, 7687, 3138, 2262, 8836, 1181, 652, 8458, 7029, 5371, 5136, 2333, 8587, 2246, 711, 3870, 2468, 3956, 887, 2844, 8941, 627, 7112, 2904, 1497, 3458]",1770,32,0,False,32
217,pending cash withdrawal,pending c,46,True,True,False,"{44: 1, 51: 1, 55: 3, 62: 1, 11: 1, 74: 1, 12: 2, 66: 1, 48: 1, 54: 1, 26: 3, 60: 1, 15: 1, 67: 1, 45: 2, 61: 1, 46: 2, 71: 1, 20: 1, 58: 2, 17: 1, 59: 1, 68: 1, 64: 1}","[8990, 5890, 5954, 3194, 8063, 9362, 42, 7687, 3138, 2262, 8836, 1181, 652, 8458, 7029, 5371, 5136, 2333, 8587, 2246, 711, 3870, 2468, 3956, 887, 2844, 8941, 627, 7112, 2904, 1497, 3458]",217,32,0,False,32
1141,edit personal details,edit,30,False,True,False,"{44: 1, 51: 1, 55: 3, 62: 1, 11: 1, 74: 1, 12: 2, 66: 1, 48: 1, 54: 1, 26: 3, 60: 1, 15: 1, 67: 1, 45: 2, 61: 1, 46: 2, 71: 1, 20: 1, 58: 2, 17: 1, 59: 1, 68: 1, 64: 1}","[8990, 5890, 5954, 3194, 8063, 9362, 42, 7687, 3138, 2262, 8836, 1181, 652, 8458, 7029, 5371, 5136, 2333, 8587, 2246, 711, 3870, 2468, 3956, 887, 2844, 8941, 627, 7112, 2904, 1497, 3458]",1141,32,0,False,32
2078,transfer timing,transfer timing,67,True,True,True,"{44: 1, 51: 1, 55: 3, 62: 1, 11: 1, 74: 1, 12: 2, 66: 1, 48: 1, 54: 1, 26: 3, 60: 1, 15: 1, 67: 1, 45: 2, 61: 1, 46: 2, 71: 1, 20: 1, 58: 2, 17: 1, 59: 1, 68: 1, 64: 1}","[8990, 5890, 5954, 3194, 8063, 9362, 42, 7687, 3138, 2262, 8836, 1181, 652, 8458, 7029, 5371, 5136, 2333, 8587, 2246, 711, 3870, 2468, 3956, 887, 2844, 8941, 627, 7112, 2904, 1497, 3458]",2078,32,0,False,32
402,exchange via app,exchange via,33,False,True,False,"{44: 1, 51: 1, 55: 3, 62: 1, 11: 1, 74: 1, 12: 2, 66: 1, 48: 1, 54: 1, 26: 3, 60: 1, 15: 1, 67: 1, 45: 2, 61: 1, 46: 2, 71: 1, 20: 1, 58: 2, 17: 1, 59: 1, 68: 1, 64: 1}","[8990, 5890, 5954, 3194, 8063, 9362, 42, 7687, 3138, 2262, 8836, 1181, 652, 8458, 7029, 5371, 5136, 2333, 8587, 2246, 711, 3870, 2468, 3956, 887, 2844, 8941, 627, 7112, 2904, 1497, 3458]",402,32,0,False,32
1349,topping up by card,to,62,True,True,False,"{44: 1, 51: 1, 55: 3, 62: 1, 11: 1, 74: 1, 12: 2, 66: 1, 48: 1, 54: 1, 26: 3, 60: 1, 15: 1, 67: 1, 45: 2, 61: 1, 46: 2, 71: 1, 20: 1, 58: 2, 17: 1, 59: 1, 68: 1, 64: 1}","[8990, 5890, 5954, 3194, 8063, 9362, 42, 7687, 3138, 2262, 8836, 1181, 652, 8458, 7029, 5371, 5136, 2333, 8587, 2246, 711, 3870, 2468, 3956, 887, 2844, 8941, 627, 7112, 2904, 1497, 3458]",1349,32,0,False,32
80,exchange rate,exchange rate,32,False,True,False,"{44: 1, 51: 1, 55: 3, 62: 1, 11: 1, 74: 1, 12: 2, 66: 1, 48: 1, 54: 1, 26: 3, 60: 1, 15: 1, 67: 1, 45: 2, 61: 1, 46: 2, 71: 1, 20: 1, 58: 2, 17: 1, 59: 1, 68: 1, 64: 1}","[8990, 5890, 5954, 3194, 8063, 9362, 42, 7687, 3138, 2262, 8836, 1181, 652, 8458, 7029, 5371, 5136, 2333, 8587, 2246, 711, 3870, 2468, 3956, 887, 2844, 8941, 627, 7112, 2904, 1497, 3458]",80,32,0,False,32
1355,topping up by card,to,62,True,True,False,"{44: 1, 51: 1, 55: 3, 62: 1, 11: 1, 74: 1, 12: 2, 66: 1, 48: 1, 54: 1, 26: 3, 60: 1, 15: 1, 67: 1, 45: 2, 61: 1, 46: 2, 71: 1, 20: 1, 58: 2, 17: 1, 59: 1, 68: 1, 64: 1}","[8990, 5890, 5954, 3194, 8063, 9362, 42, 7687, 3138, 2262, 8836, 1181, 652, 8458, 7029, 5371, 5136, 2333, 8587, 2246, 711, 3870, 2468, 3956, 887, 2844, 8941, 627, 7112, 2904, 1497, 3458]",1355,32,0,False,32
2386,verify top up,verify top,71,True,True,False,"{44: 1, 51: 1, 55: 3, 62: 1, 11: 1, 74: 1, 12: 2, 66: 1, 48: 1, 54: 1, 26: 3, 60: 1, 15: 1, 67: 1, 45: 2, 61: 1, 46: 2, 71: 1, 20: 1, 58: 2, 17: 1, 59: 1, 68: 1, 64: 1}","[8990, 5890, 5954, 3194, 8063, 9362, 42, 7687, 3138, 2262, 8836, 1181, 652, 8458, 7029, 5371, 5136, 2333, 8587, 2246, 711, 3870, 2468, 3956, 887, 2844, 8941, 627, 7112, 2904, 1497, 3458]",2386,32,0,False,32
838,card payment fee charged,card payment fee,15,True,True,False,"{44: 1, 51: 1, 55: 3, 62: 1, 11: 1, 74: 1, 12: 2, 66: 1, 48: 1, 54: 1, 26: 3, 60: 1, 15: 1, 67: 1, 45: 2, 61: 1, 46: 2, 71: 1, 20: 1, 58: 2, 17: 1, 59: 1, 68: 1, 64: 1}","[8990, 5890, 5954, 3194, 8063, 9362, 42, 7687, 3138, 2262, 8836, 1181, 652, 8458, 7029, 5371, 5136, 2333, 8587, 2246, 711, 3870, 2468, 3956, 887, 2844, 8941, 627, 7112, 2904, 1497, 3458]",838,32,0,False,32
2267,receiving money,receiving,50,False,True,False,"{44: 1, 51: 1, 55: 3, 62: 1, 11: 1, 74: 1, 12: 2, 66: 1, 48: 1, 54: 1, 26: 3, 60: 1, 15: 1, 67: 1, 45: 2, 61: 1, 46: 2, 71: 1, 20: 1, 58: 2, 17: 1, 59: 1, 68: 1, 64: 1}","[8990, 5890, 5954, 3194, 8063, 9362, 42, 7687, 3138, 2262, 8836, 1181, 652, 8458, 7029, 5371, 5136, 2333, 8587, 2246, 711, 3870, 2468, 3956, 887, 2844, 8941, 627, 7112, 2904, 1497, 3458]",2267,32,0,False,32
2881,cash withdrawal charge,cash withdrawal charge,19,False,True,False,"{44: 1, 51: 1, 55: 3, 62: 1, 11: 1, 74: 1, 12: 2, 66: 1, 48: 1, 54: 1, 26: 3, 60: 1, 15: 1, 67: 1, 45: 2, 61: 1, 46: 2, 71: 1, 20: 1, 58: 2, 17: 1, 59: 1, 68: 1, 64: 1}","[8990, 5890, 5954, 3194, 8063, 9362, 42, 7687, 3138, 2262, 8836, 1181, 652, 8458, 7029, 5371, 5136, 2333, 8587, 2246, 711, 3870, 2468, 3956, 887, 2844, 8941, 627, 7112, 2904, 1497, 3458]",2881,32,0,False,32
801,card payment fee charged,card payment fee,15,True,True,False,"{44: 1, 51: 1, 55: 3, 62: 1, 11: 1, 74: 1, 12: 2, 66: 1, 48: 1, 54: 1, 26: 3, 60: 1, 15: 1, 67: 1, 45: 2, 61: 1, 46: 2, 71: 1, 20: 1, 58: 2, 17: 1, 59: 1, 68: 1, 64: 1}","[8990, 5890, 5954, 3194, 8063, 9362, 42, 7687, 3138, 2262, 8836, 1181, 652, 8458, 7029, 5371, 5136, 2333, 8587, 2246, 711, 3870, 2468, 3956, 887, 2844, 8941, 627, 7112, 2904, 1497, 3458]",801,32,0,False,32
73,card linking,card linking,13,False,True,False,"{44: 1, 51: 1, 55: 3, 62: 1, 11: 1, 74: 1, 12: 2, 66: 1, 48: 1, 54: 1, 26: 3, 60: 1, 15: 1, 67: 1, 45: 2, 61: 1, 46: 2, 71: 1, 20: 1, 58: 2, 17: 1, 59: 1, 68: 1, 64: 1}","[8990, 5890, 5954, 3194, 8063, 9362, 42, 7687, 3138, 2262, 8836, 1181, 652, 8458, 7029, 5371, 5136, 2333, 8587, 2246, 711, 3870, 2468, 3956, 887, 2844, 8941, 627, 7112, 2904, 1497, 3458]",73,32,0,False,32
1967,transaction charged twice,transaction,63,False,True,False,"{44: 1, 51: 1, 55: 3, 62: 1, 11: 1, 74: 1, 12: 2, 66: 1, 48: 1, 54: 1, 26: 3, 60: 1, 15: 1, 67: 1, 45: 2, 61: 1, 46: 2, 71: 1, 20: 1, 58: 2, 17: 1, 59: 1, 68: 1, 64: 1}","[8990, 5890, 5954, 3194, 8063, 9362, 42, 7687, 3138, 2262, 8836, 1181, 652, 8458, 7029, 5371, 5136, 2333, 8587, 2246, 711, 3870, 2468, 3956, 887, 2844, 8941, 627, 7112, 2904, 1497, 3458]",1967,32,0,False,32
2982,apple pay or google pay,apple,2,False,True,False,"{44: 1, 51: 1, 55: 3, 62: 1, 11: 1, 74: 1, 12: 2, 66: 1, 48: 1, 54: 1, 26: 3, 60: 1, 15: 1, 67: 1, 45: 2, 61: 1, 46: 2, 71: 1, 20: 1, 58: 2, 17: 1, 59: 1, 68: 1, 64: 1}","[8990, 5890, 5954, 3194, 8063, 9362, 42, 7687, 3138, 2262, 8836, 1181, 652, 8458, 7029, 5371, 5136, 2333, 8587, 2246, 711, 3870, 2468, 3956, 887, 2844, 8941, 627, 7112, 2904, 1497, 3458]",2982,32,0,False,32
46,card linking,card linking,13,False,True,False,"{44: 1, 51: 1, 55: 3, 62: 1, 11: 1, 74: 1, 12: 2, 66: 1, 48: 1, 54: 1, 26: 3, 60: 1, 15: 1, 67: 1, 45: 2, 61: 1, 46: 2, 71: 1, 20: 1, 58: 2, 17: 1, 59: 1, 68: 1, 64: 1}","[8990, 5890, 5954, 3194, 8063, 9362, 42, 7687, 3138, 2262, 8836, 1181, 652, 8458, 7029, 5371, 5136, 2333, 8587, 2246, 711, 3870, 2468, 3956, 887, 2844, 8941, 627, 7112, 2904, 1497, 3458]",46,32,0,False,32
2916,extra charge on statement,cash withdrawal charge,19,False,False,False,"{44: 1, 51: 1, 55: 3, 62: 1, 11: 1, 74: 1, 12: 2, 66: 1, 48: 1, 54: 1, 26: 3, 60: 1, 15: 1, 67: 1, 45: 2, 61: 1, 46: 2, 71: 1, 20: 1, 58: 2, 17: 1, 59: 1, 68: 1, 64: 1}","[8990, 5890, 5954, 3194, 8063, 9362, 42, 7687, 3138, 2262, 8836, 1181, 652, 8458, 7029, 5371, 5136, 2333, 8587, 2246, 711, 3870, 2468, 3956, 887, 2844, 8941, 627, 7112, 2904, 1497, 3458]",2916,32,0,False,32
