,outputs,label_tokens,true_numeric_labels,true_label_present_in_prompt,correct,predicted_label_present_in_prompt,prompt_labels,prompt_example_indices,id,n_shots,run_number,unlimiformer,nspw
153,location,description,2,False,False,True,{4: 2},"[2844, 2682]",153,2,0,False,2
200,location,human,3,False,False,True,{4: 2},"[2844, 2682]",200,2,0,False,2
83,location,description,2,False,False,True,{4: 2},"[2844, 2682]",83,2,0,False,2
45,location,human,3,False,False,True,{4: 2},"[2844, 2682]",45,2,0,False,2
273,description,description,2,False,True,False,{4: 2},"[2844, 2682]",273,2,0,False,2
118,location,human,3,False,False,True,{4: 2},"[2844, 2682]",118,2,0,False,2
179,location,description,2,False,False,True,{4: 2},"[2844, 2682]",179,2,0,False,2
69,location,human,3,False,False,True,{4: 2},"[2844, 2682]",69,2,0,False,2
257,location,location,4,True,True,True,{4: 2},"[2844, 2682]",257,2,0,False,2
89,location,human,3,False,False,True,{4: 2},"[2844, 2682]",89,2,0,False,2
140,location,description,2,False,False,True,{4: 2},"[2844, 2682]",140,2,0,False,2
30,location,human,3,False,False,True,{4: 2},"[2844, 2682]",30,2,0,False,2
96,location,location,4,True,True,True,{4: 2},"[2844, 2682]",96,2,0,False,2
132,location,location,4,True,True,True,{4: 2},"[2844, 2682]",132,2,0,False,2
166,location,description,2,False,False,True,{4: 2},"[2844, 2682]",166,2,0,False,2
29,description,description,2,False,True,False,{4: 2},"[2844, 2682]",29,2,0,False,2
262,description,description,2,False,True,False,{4: 2},"[2844, 2682]",262,2,0,False,2
217,location,description,2,False,False,True,{4: 2},"[2844, 2682]",217,2,0,False,2
192,location,location,4,True,True,True,{4: 2},"[2844, 2682]",192,2,0,False,2
91,location,human,3,False,False,True,{4: 2},"[2844, 2682]",91,2,0,False,2
237,location,location,4,True,True,True,{4: 2},"[2844, 2682]",237,2,0,False,2
130,location,description,2,False,False,True,{4: 2},"[2844, 2682]",130,2,0,False,2
72,location,description,2,False,False,True,{4: 2},"[2844, 2682]",72,2,0,False,2
64,location,human,3,False,False,True,{4: 2},"[2844, 2682]",64,2,0,False,2
168,location,location,4,True,True,True,{4: 2},"[2844, 2682]",168,2,0,False,2
241,location,human,3,False,False,True,{4: 2},"[2844, 2682]",241,2,0,False,2
15,description,description,2,False,True,False,{4: 2},"[2844, 2682]",15,2,0,False,2
10,description,description,2,False,True,False,{4: 2},"[2844, 2682]",10,2,0,False,2
244,location,description,2,False,False,True,{4: 2},"[2844, 2682]",244,2,0,False,2
38,location,human,3,False,False,True,{4: 2},"[2844, 2682]",38,2,0,False,2
108,location,location,4,True,True,True,{4: 2},"[2844, 2682]",108,2,0,False,2
105,location,location,4,True,True,True,{4: 2},"[2844, 2682]",105,2,0,False,2
162,location,description,2,False,False,True,{4: 2},"[2844, 2682]",162,2,0,False,2
246,location,description,2,False,False,True,{4: 2},"[2844, 2682]",246,2,0,False,2
266,location,location,4,True,True,True,{4: 2},"[2844, 2682]",266,2,0,False,2
11,location,human,3,False,False,True,{4: 2},"[2844, 2682]",11,2,0,False,2
139,location,location,4,True,True,True,{4: 2},"[2844, 2682]",139,2,0,False,2
181,location,location,4,True,True,True,{4: 2},"[2844, 2682]",181,2,0,False,2
35,location,location,4,True,True,True,{4: 2},"[2844, 2682]",35,2,0,False,2
158,location,description,2,False,False,True,{4: 2},"[2844, 2682]",158,2,0,False,2
65,location,location,4,True,True,True,{4: 2},"[2844, 2682]",65,2,0,False,2
79,location,location,4,True,True,True,{4: 2},"[2844, 2682]",79,2,0,False,2
277,location,location,4,True,True,True,{4: 2},"[2844, 2682]",277,2,0,False,2
59,location,description,2,False,False,True,{4: 2},"[2844, 2682]",59,2,0,False,2
55,location,location,4,True,True,True,{4: 2},"[2844, 2682]",55,2,0,False,2
62,location,human,3,False,False,True,{4: 2},"[2844, 2682]",62,2,0,False,2
37,location,location,4,True,True,True,{4: 2},"[2844, 2682]",37,2,0,False,2
94,location,description,2,False,False,True,{4: 2},"[2844, 2682]",94,2,0,False,2
67,location,location,4,True,True,True,{4: 2},"[2844, 2682]",67,2,0,False,2
48,location,human,3,False,False,True,{4: 2},"[2844, 2682]",48,2,0,False,2
232,location,location,4,True,True,True,{4: 2},"[2844, 2682]",232,2,0,False,2
47,location,description,2,False,False,True,{4: 2},"[2844, 2682]",47,2,0,False,2
113,location,human,3,False,False,True,{4: 2},"[2844, 2682]",113,2,0,False,2
53,location,human,3,False,False,True,{4: 2},"[2844, 2682]",53,2,0,False,2
150,location,description,2,False,False,True,{4: 2},"[2844, 2682]",150,2,0,False,2
2,location,description,2,False,False,True,{4: 2},"[2844, 2682]",2,2,0,False,2
145,description,description,2,False,True,False,{4: 2},"[2844, 2682]",145,2,0,False,2
141,location,location,4,True,True,True,{4: 2},"[2844, 2682]",141,2,0,False,2
170,location,description,2,False,False,True,{4: 2},"[2844, 2682]",170,2,0,False,2
210,location,description,2,False,False,True,{4: 2},"[2844, 2682]",210,2,0,False,2
188,location,location,4,True,True,True,{4: 2},"[2844, 2682]",188,2,0,False,2
17,location,description,2,False,False,True,{4: 2},"[2844, 2682]",17,2,0,False,2
169,location,human,3,False,False,True,{4: 2},"[2844, 2682]",169,2,0,False,2
213,location,description,2,False,False,True,{4: 2},"[2844, 2682]",213,2,0,False,2
275,location,location,4,True,True,True,{4: 2},"[2844, 2682]",275,2,0,False,2
0,location,location,4,True,True,True,{4: 2},"[2844, 2682]",0,2,0,False,2
57,location,human,3,False,False,True,{4: 2},"[2844, 2682]",57,2,0,False,2
198,location,description,2,False,False,True,{4: 2},"[2844, 2682]",198,2,0,False,2
103,location,human,3,False,False,True,{4: 2},"[2844, 2682]",103,2,0,False,2
208,human,description,2,False,False,False,{4: 2},"[2844, 2682]",208,2,0,False,2
77,location,description,2,False,False,True,{4: 2},"[2844, 2682]",77,2,0,False,2
54,location,description,2,False,False,True,{4: 2},"[2844, 2682]",54,2,0,False,2
133,location,description,2,False,False,True,{4: 2},"[2844, 2682]",133,2,0,False,2
66,location,description,2,False,False,True,{4: 2},"[2844, 2682]",66,2,0,False,2
142,location,location,4,True,True,True,{4: 2},"[2844, 2682]",142,2,0,False,2
267,location,description,2,False,False,True,{4: 2},"[2844, 2682]",267,2,0,False,2
281,location,description,2,False,False,True,{4: 2},"[2844, 2682]",281,2,0,False,2
222,location,human,3,False,False,True,{4: 2},"[2844, 2682]",222,2,0,False,2
253,description,description,2,False,True,False,{4: 2},"[2844, 2682]",253,2,0,False,2
218,location,human,3,False,False,True,{4: 2},"[2844, 2682]",218,2,0,False,2
56,description,description,2,False,True,False,{4: 2},"[2844, 2682]",56,2,0,False,2
104,location,description,2,False,False,True,{4: 2},"[2844, 2682]",104,2,0,False,2
75,location,description,2,False,False,True,{4: 2},"[2844, 2682]",75,2,0,False,2
252,location,human,3,False,False,True,{4: 2},"[2844, 2682]",252,2,0,False,2
187,location,description,2,False,False,True,{4: 2},"[2844, 2682]",187,2,0,False,2
136,location,human,3,False,False,True,{4: 2},"[2844, 2682]",136,2,0,False,2
261,location,location,4,True,True,True,{4: 2},"[2844, 2682]",261,2,0,False,2
143,location,description,2,False,False,True,{4: 2},"[2844, 2682]",143,2,0,False,2
93,location,location,4,True,True,True,{4: 2},"[2844, 2682]",93,2,0,False,2
116,location,description,2,False,False,True,{4: 2},"[2844, 2682]",116,2,0,False,2
202,location,description,2,False,False,True,{4: 2},"[2844, 2682]",202,2,0,False,2
239,location,description,2,False,False,True,{4: 2},"[2844, 2682]",239,2,0,False,2
220,location,human,3,False,False,True,{4: 2},"[2844, 2682]",220,2,0,False,2
137,location,description,2,False,False,True,{4: 2},"[2844, 2682]",137,2,0,False,2
68,description,description,2,False,True,False,{4: 2},"[2844, 2682]",68,2,0,False,2
39,location,location,4,True,True,True,{4: 2},"[2844, 2682]",39,2,0,False,2
122,location,human,3,False,False,True,{4: 2},"[2844, 2682]",122,2,0,False,2
102,location,location,4,True,True,True,{4: 2},"[2844, 2682]",102,2,0,False,2
60,location,description,2,False,False,True,{4: 2},"[2844, 2682]",60,2,0,False,2
176,location,description,2,False,False,True,{4: 2},"[2844, 2682]",176,2,0,False,2
283,location,description,2,False,False,True,{4: 2},"[2844, 2682]",283,2,0,False,2
212,location,location,4,True,True,True,{4: 2},"[2844, 2682]",212,2,0,False,2
98,description,description,2,False,True,False,{4: 2},"[2844, 2682]",98,2,0,False,2
260,location,human,3,False,False,True,{4: 2},"[2844, 2682]",260,2,0,False,2
209,location,description,2,False,False,True,{4: 2},"[2844, 2682]",209,2,0,False,2
100,location,location,4,True,True,True,{4: 2},"[2844, 2682]",100,2,0,False,2
182,location,human,3,False,False,True,{4: 2},"[2844, 2682]",182,2,0,False,2
264,location,human,3,False,False,True,{4: 2},"[2844, 2682]",264,2,0,False,2
215,location,location,4,True,True,True,{4: 2},"[2844, 2682]",215,2,0,False,2
127,location,description,2,False,False,True,{4: 2},"[2844, 2682]",127,2,0,False,2
204,location,location,4,True,True,True,{4: 2},"[2844, 2682]",204,2,0,False,2
173,location,description,2,False,False,True,{4: 2},"[2844, 2682]",173,2,0,False,2
110,location,location,4,True,True,True,{4: 2},"[2844, 2682]",110,2,0,False,2
81,location,human,3,False,False,True,{4: 2},"[2844, 2682]",81,2,0,False,2
19,location,location,4,True,True,True,{4: 2},"[2844, 2682]",19,2,0,False,2
124,location,description,2,False,False,True,{4: 2},"[2844, 2682]",124,2,0,False,2
146,location,description,2,False,False,True,{4: 2},"[2844, 2682]",146,2,0,False,2
99,location,location,4,True,True,True,{4: 2},"[2844, 2682]",99,2,0,False,2
41,location,human,3,False,False,True,{4: 2},"[2844, 2682]",41,2,0,False,2
119,location,location,4,True,True,True,{4: 2},"[2844, 2682]",119,2,0,False,2
268,location,human,3,False,False,True,{4: 2},"[2844, 2682]",268,2,0,False,2
279,location,location,4,True,True,True,{4: 2},"[2844, 2682]",279,2,0,False,2
9,location,human,3,False,False,True,{4: 2},"[2844, 2682]",9,2,0,False,2
1,location,human,3,False,False,True,{4: 2},"[2844, 2682]",1,2,0,False,2
231,location,human,3,False,False,True,{4: 2},"[2844, 2682]",231,2,0,False,2
131,location,description,2,False,False,True,{4: 2},"[2844, 2682]",131,2,0,False,2
152,location,location,4,True,True,True,{4: 2},"[2844, 2682]",152,2,0,False,2
112,location,human,3,False,False,True,{4: 2},"[2844, 2682]",112,2,0,False,2
123,location,description,2,False,False,True,{4: 2},"[2844, 2682]",123,2,0,False,2
71,location,location,4,True,True,True,{4: 2},"[2844, 2682]",71,2,0,False,2
161,location,description,2,False,False,True,{4: 2},"[2844, 2682]",161,2,0,False,2
224,location,description,2,False,False,True,{4: 2},"[2844, 2682]",224,2,0,False,2
194,location,description,2,False,False,True,{4: 2},"[2844, 2682]",194,2,0,False,2
115,location,location,4,True,True,True,{4: 2},"[2844, 2682]",115,2,0,False,2
144,location,description,2,False,False,True,{4: 2},"[2844, 2682]",144,2,0,False,2
78,location,description,2,False,False,True,{4: 2},"[2844, 2682]",78,2,0,False,2
12,location,description,2,False,False,True,{4: 2},"[2844, 2682]",12,2,0,False,2
193,description,description,2,False,True,False,{4: 2},"[2844, 2682]",193,2,0,False,2
269,location,description,2,False,False,True,{4: 2},"[2844, 2682]",269,2,0,False,2
120,location,human,3,False,False,True,{4: 2},"[2844, 2682]",120,2,0,False,2
22,description,description,2,False,True,False,{4: 2},"[2844, 2682]",22,2,0,False,2
125,location,location,4,True,True,True,{4: 2},"[2844, 2682]",125,2,0,False,2
46,location,location,4,True,True,True,{4: 2},"[2844, 2682]",46,2,0,False,2
229,description,description,2,False,True,False,{4: 2},"[2844, 2682]",229,2,0,False,2
80,location,human,3,False,False,True,{4: 2},"[2844, 2682]",80,2,0,False,2
43,location,location,4,True,True,True,{4: 2},"[2844, 2682]",43,2,0,False,2
191,location,location,4,True,True,True,{4: 2},"[2844, 2682]",191,2,0,False,2
114,description,description,2,False,True,False,{4: 2},"[2844, 2682]",114,2,0,False,2
44,location,location,4,True,True,True,{4: 2},"[2844, 2682]",44,2,0,False,2
26,location,description,2,False,False,True,{4: 2},"[2844, 2682]",26,2,0,False,2
20,location,location,4,True,True,True,{4: 2},"[2844, 2682]",20,2,0,False,2
245,location,location,4,True,True,True,{4: 2},"[2844, 2682]",245,2,0,False,2
271,location,description,2,False,False,True,{4: 2},"[2844, 2682]",271,2,0,False,2
199,location,description,2,False,False,True,{4: 2},"[2844, 2682]",199,2,0,False,2
151,location,human,3,False,False,True,{4: 2},"[2844, 2682]",151,2,0,False,2
180,location,description,2,False,False,True,{4: 2},"[2844, 2682]",180,2,0,False,2
33,location,description,2,False,False,True,{4: 2},"[2844, 2682]",33,2,0,False,2
117,location,location,4,True,True,True,{4: 2},"[2844, 2682]",117,2,0,False,2
97,location,description,2,False,False,True,{4: 2},"[2844, 2682]",97,2,0,False,2
249,location,human,3,False,False,True,{4: 2},"[2844, 2682]",249,2,0,False,2
50,location,human,3,False,False,True,{4: 2},"[2844, 2682]",50,2,0,False,2
82,description,description,2,False,True,False,{4: 2},"[2844, 2682]",82,2,0,False,2
254,description,description,2,False,True,False,{4: 2},"[2844, 2682]",254,2,0,False,2
276,location,description,2,False,False,True,{4: 2},"[2844, 2682]",276,2,0,False,2
211,location,description,2,False,False,True,{4: 2},"[2844, 2682]",211,2,0,False,2
196,location,description,2,False,False,True,{4: 2},"[2844, 2682]",196,2,0,False,2
248,description,description,2,False,True,False,{4: 2},"[2844, 2682]",248,2,0,False,2
87,location,description,2,False,False,True,{4: 2},"[2844, 2682]",87,2,0,False,2
155,location,description,2,False,False,True,{4: 2},"[2844, 2682]",155,2,0,False,2
233,location,description,2,False,False,True,{4: 2},"[2844, 2682]",233,2,0,False,2
183,location,location,4,True,True,True,{4: 2},"[2844, 2682]",183,2,0,False,2
242,location,human,3,False,False,True,{4: 2},"[2844, 2682]",242,2,0,False,2
228,description,description,2,False,True,False,{4: 2},"[2844, 2682]",228,2,0,False,2
171,location,location,4,True,True,True,{4: 2},"[2844, 2682]",171,2,0,False,2
274,location,location,4,True,True,True,{4: 2},"[2844, 2682]",274,2,0,False,2
186,location,location,4,True,True,True,{4: 2},"[2844, 2682]",186,2,0,False,2
18,location,location,4,True,True,True,{4: 2},"[2844, 2682]",18,2,0,False,2
92,location,location,4,True,True,True,{4: 2},"[2844, 2682]",92,2,0,False,2
167,description,description,2,False,True,False,{4: 2},"[2844, 2682]",167,2,0,False,2
154,location,location,4,True,True,True,{4: 2},"[2844, 2682]",154,2,0,False,2
203,location,description,2,False,False,True,{4: 2},"[2844, 2682]",203,2,0,False,2
240,location,description,2,False,False,True,{4: 2},"[2844, 2682]",240,2,0,False,2
247,location,location,4,True,True,True,{4: 2},"[2844, 2682]",247,2,0,False,2
25,description,description,2,False,True,False,{4: 2},"[2844, 2682]",25,2,0,False,2
221,location,description,2,False,False,True,{4: 2},"[2844, 2682]",221,2,0,False,2
174,description,description,2,False,True,False,{4: 2},"[2844, 2682]",174,2,0,False,2
206,location,human,3,False,False,True,{4: 2},"[2844, 2682]",206,2,0,False,2
227,location,description,2,False,False,True,{4: 2},"[2844, 2682]",227,2,0,False,2
234,location,location,4,True,True,True,{4: 2},"[2844, 2682]",234,2,0,False,2
4,location,description,2,False,False,True,{4: 2},"[2844, 2682]",4,2,0,False,2
263,location,description,2,False,False,True,{4: 2},"[2844, 2682]",263,2,0,False,2
185,location,location,4,True,True,True,{4: 2},"[2844, 2682]",185,2,0,False,2
225,location,human,3,False,False,True,{4: 2},"[2844, 2682]",225,2,0,False,2
195,location,description,2,False,False,True,{4: 2},"[2844, 2682]",195,2,0,False,2
8,location,human,3,False,False,True,{4: 2},"[2844, 2682]",8,2,0,False,2
13,location,location,4,True,True,True,{4: 2},"[2844, 2682]",13,2,0,False,2
5,description,description,2,False,True,False,{4: 2},"[2844, 2682]",5,2,0,False,2
164,location,human,3,False,False,True,{4: 2},"[2844, 2682]",164,2,0,False,2
31,location,human,3,False,False,True,{4: 2},"[2844, 2682]",31,2,0,False,2
278,description,description,2,False,True,False,{4: 2},"[2844, 2682]",278,2,0,False,2
159,location,description,2,False,False,True,{4: 2},"[2844, 2682]",159,2,0,False,2
223,location,description,2,False,False,True,{4: 2},"[2844, 2682]",223,2,0,False,2
63,location,description,2,False,False,True,{4: 2},"[2844, 2682]",63,2,0,False,2
111,description,description,2,False,True,False,{4: 2},"[2844, 2682]",111,2,0,False,2
282,location,human,3,False,False,True,{4: 2},"[2844, 2682]",282,2,0,False,2
147,location,location,4,True,True,True,{4: 2},"[2844, 2682]",147,2,0,False,2
201,location,human,3,False,False,True,{4: 2},"[2844, 2682]",201,2,0,False,2
49,location,description,2,False,False,True,{4: 2},"[2844, 2682]",49,2,0,False,2
42,description,description,2,False,True,False,{4: 2},"[2844, 2682]",42,2,0,False,2
251,location,location,4,True,True,True,{4: 2},"[2844, 2682]",251,2,0,False,2
129,location,description,2,False,False,True,{4: 2},"[2844, 2682]",129,2,0,False,2
214,location,description,2,False,False,True,{4: 2},"[2844, 2682]",214,2,0,False,2
40,location,location,4,True,True,True,{4: 2},"[2844, 2682]",40,2,0,False,2
270,location,description,2,False,False,True,{4: 2},"[2844, 2682]",270,2,0,False,2
84,location,location,4,True,True,True,{4: 2},"[2844, 2682]",84,2,0,False,2
14,location,description,2,False,False,True,{4: 2},"[2844, 2682]",14,2,0,False,2
86,location,human,3,False,False,True,{4: 2},"[2844, 2682]",86,2,0,False,2
36,location,location,4,True,True,True,{4: 2},"[2844, 2682]",36,2,0,False,2
88,location,description,2,False,False,True,{4: 2},"[2844, 2682]",88,2,0,False,2
175,description,description,2,False,True,False,{4: 2},"[2844, 2682]",175,2,0,False,2
128,location,description,2,False,False,True,{4: 2},"[2844, 2682]",128,2,0,False,2
6,location,location,4,True,True,True,{4: 2},"[2844, 2682]",6,2,0,False,2
236,location,human,3,False,False,True,{4: 2},"[2844, 2682]",236,2,0,False,2
24,description,description,2,False,True,False,{4: 2},"[2844, 2682]",24,2,0,False,2
70,location,human,3,False,False,True,{4: 2},"[2844, 2682]",70,2,0,False,2
126,location,location,4,True,True,True,{4: 2},"[2844, 2682]",126,2,0,False,2
134,location,location,4,True,True,True,{4: 2},"[2844, 2682]",134,2,0,False,2
23,location,location,4,True,True,True,{4: 2},"[2844, 2682]",23,2,0,False,2
149,location,description,2,False,False,True,{4: 2},"[2844, 2682]",149,2,0,False,2
52,location,description,2,False,False,True,{4: 2},"[2844, 2682]",52,2,0,False,2
109,description,description,2,False,True,False,{4: 2},"[2844, 2682]",109,2,0,False,2
177,location,location,4,True,True,True,{4: 2},"[2844, 2682]",177,2,0,False,2
256,location,human,3,False,False,True,{4: 2},"[2844, 2682]",256,2,0,False,2
51,location,description,2,False,False,True,{4: 2},"[2844, 2682]",51,2,0,False,2
250,description,description,2,False,True,False,{4: 2},"[2844, 2682]",250,2,0,False,2
101,description,description,2,False,True,False,{4: 2},"[2844, 2682]",101,2,0,False,2
61,location,description,2,False,False,True,{4: 2},"[2844, 2682]",61,2,0,False,2
226,location,description,2,False,False,True,{4: 2},"[2844, 2682]",226,2,0,False,2
7,location,human,3,False,False,True,{4: 2},"[2844, 2682]",7,2,0,False,2
189,description,description,2,False,True,False,{4: 2},"[2844, 2682]",189,2,0,False,2
27,description,description,2,False,True,False,{4: 2},"[2844, 2682]",27,2,0,False,2
74,location,human,3,False,False,True,{4: 2},"[2844, 2682]",74,2,0,False,2
235,location,description,2,False,False,True,{4: 2},"[2844, 2682]",235,2,0,False,2
21,location,location,4,True,True,True,{4: 2},"[2844, 2682]",21,2,0,False,2
216,location,description,2,False,False,True,{4: 2},"[2844, 2682]",216,2,0,False,2
259,location,location,4,True,True,True,{4: 2},"[2844, 2682]",259,2,0,False,2
157,location,human,3,False,False,True,{4: 2},"[2844, 2682]",157,2,0,False,2
121,location,location,4,True,True,True,{4: 2},"[2844, 2682]",121,2,0,False,2
272,location,description,2,False,False,True,{4: 2},"[2844, 2682]",272,2,0,False,2
160,location,location,4,True,True,True,{4: 2},"[2844, 2682]",160,2,0,False,2
