,outputs,label_tokens,true_numeric_labels,true_label_present_in_prompt,correct,predicted_label_present_in_prompt,prompt_labels,prompt_example_indices,id,n_shots,run_number,unlimiformer
905,supported cards and currencies,supported,54,True,True,False,"{51: 1, 45: 2, 30: 1, 16: 1, 66: 1, 54: 1, 69: 1, 46: 1, 44: 1, 28: 1, 21: 1, 64: 1, 7: 1, 65: 1, 32: 1, 68: 1, 6: 1, 4: 1, 70: 1}","[8274, 1156, 7684, 5164, 8250, 3012, 4355, 3707, 6362, 1536, 3819, 2077, 624, 2932, 5666, 2290, 1429, 66, 1699, 8781]",905,20,3,False
1982,transaction charged twice,transaction,63,False,True,False,"{51: 1, 45: 2, 30: 1, 16: 1, 66: 1, 54: 1, 69: 1, 46: 1, 44: 1, 28: 1, 21: 1, 64: 1, 7: 1, 65: 1, 32: 1, 68: 1, 6: 1, 4: 1, 70: 1}","[8274, 1156, 7684, 5164, 8250, 3012, 4355, 3707, 6362, 1536, 3819, 2077, 624, 2932, 5666, 2290, 1429, 66, 1699, 8781]",1982,20,3,False
2766,exchange rate,exchange charge,31,False,False,True,"{51: 1, 45: 2, 30: 1, 16: 1, 66: 1, 54: 1, 69: 1, 46: 1, 44: 1, 28: 1, 21: 1, 64: 1, 7: 1, 65: 1, 32: 1, 68: 1, 6: 1, 4: 1, 70: 1}","[8274, 1156, 7684, 5164, 8250, 3012, 4355, 3707, 6362, 1536, 3819, 2077, 624, 2932, 5666, 2290, 1429, 66, 1699, 8781]",2766,20,3,False
2416,request refund,getting spare,39,False,False,False,"{51: 1, 45: 2, 30: 1, 16: 1, 66: 1, 54: 1, 69: 1, 46: 1, 44: 1, 28: 1, 21: 1, 64: 1, 7: 1, 65: 1, 32: 1, 68: 1, 6: 1, 4: 1, 70: 1}","[8274, 1156, 7684, 5164, 8250, 3012, 4355, 3707, 6362, 1536, 3819, 2077, 624, 2932, 5666, 2290, 1429, 66, 1699, 8781]",2416,20,3,False
2895,atm support,cash withdrawal charge,19,False,False,False,"{51: 1, 45: 2, 30: 1, 16: 1, 66: 1, 54: 1, 69: 1, 46: 1, 44: 1, 28: 1, 21: 1, 64: 1, 7: 1, 65: 1, 32: 1, 68: 1, 6: 1, 4: 1, 70: 1}","[8274, 1156, 7684, 5164, 8250, 3012, 4355, 3707, 6362, 1536, 3819, 2077, 624, 2932, 5666, 2290, 1429, 66, 1699, 8781]",2895,20,3,False
2137,pin blocked,change,21,True,False,False,"{51: 1, 45: 2, 30: 1, 16: 1, 66: 1, 54: 1, 69: 1, 46: 1, 44: 1, 28: 1, 21: 1, 64: 1, 7: 1, 65: 1, 32: 1, 68: 1, 6: 1, 4: 1, 70: 1}","[8274, 1156, 7684, 5164, 8250, 3012, 4355, 3707, 6362, 1536, 3819, 2077, 624, 2932, 5666, 2290, 1429, 66, 1699, 8781]",2137,20,3,False
732,top up limits,top up limits,60,False,True,False,"{51: 1, 45: 2, 30: 1, 16: 1, 66: 1, 54: 1, 69: 1, 46: 1, 44: 1, 28: 1, 21: 1, 64: 1, 7: 1, 65: 1, 32: 1, 68: 1, 6: 1, 4: 1, 70: 1}","[8274, 1156, 7684, 5164, 8250, 3012, 4355, 3707, 6362, 1536, 3819, 2077, 624, 2932, 5666, 2290, 1429, 66, 1699, 8781]",732,20,3,False
1927,card swallowed,card swallowed,18,False,True,False,"{51: 1, 45: 2, 30: 1, 16: 1, 66: 1, 54: 1, 69: 1, 46: 1, 44: 1, 28: 1, 21: 1, 64: 1, 7: 1, 65: 1, 32: 1, 68: 1, 6: 1, 4: 1, 70: 1}","[8274, 1156, 7684, 5164, 8250, 3012, 4355, 3707, 6362, 1536, 3819, 2077, 624, 2932, 5666, 2290, 1429, 66, 1699, 8781]",1927,20,3,False
945,card delivery estimate,getting virtual,40,False,False,False,"{51: 1, 45: 2, 30: 1, 16: 1, 66: 1, 54: 1, 69: 1, 46: 1, 44: 1, 28: 1, 21: 1, 64: 1, 7: 1, 65: 1, 32: 1, 68: 1, 6: 1, 4: 1, 70: 1}","[8274, 1156, 7684, 5164, 8250, 3012, 4355, 3707, 6362, 1536, 3819, 2077, 624, 2932, 5666, 2290, 1429, 66, 1699, 8781]",945,20,3,False
1942,card not working,card swallowed,18,False,False,False,"{51: 1, 45: 2, 30: 1, 16: 1, 66: 1, 54: 1, 69: 1, 46: 1, 44: 1, 28: 1, 21: 1, 64: 1, 7: 1, 65: 1, 32: 1, 68: 1, 6: 1, 4: 1, 70: 1}","[8274, 1156, 7684, 5164, 8250, 3012, 4355, 3707, 6362, 1536, 3819, 2077, 624, 2932, 5666, 2290, 1429, 66, 1699, 8781]",1942,20,3,False
112,exchange rate,exchange rate,32,True,True,True,"{51: 1, 45: 2, 30: 1, 16: 1, 66: 1, 54: 1, 69: 1, 46: 1, 44: 1, 28: 1, 21: 1, 64: 1, 7: 1, 65: 1, 32: 1, 68: 1, 6: 1, 4: 1, 70: 1}","[8274, 1156, 7684, 5164, 8250, 3012, 4355, 3707, 6362, 1536, 3819, 2077, 624, 2932, 5666, 2290, 1429, 66, 1699, 8781]",112,20,3,False
2909,cash withdrawal charge,cash withdrawal charge,19,False,True,False,"{51: 1, 45: 2, 30: 1, 16: 1, 66: 1, 54: 1, 69: 1, 46: 1, 44: 1, 28: 1, 21: 1, 64: 1, 7: 1, 65: 1, 32: 1, 68: 1, 6: 1, 4: 1, 70: 1}","[8274, 1156, 7684, 5164, 8250, 3012, 4355, 3707, 6362, 1536, 3819, 2077, 624, 2932, 5666, 2290, 1429, 66, 1699, 8781]",2909,20,3,False
965,card acceptance,card acceptance,10,False,True,False,"{51: 1, 45: 2, 30: 1, 16: 1, 66: 1, 54: 1, 69: 1, 46: 1, 44: 1, 28: 1, 21: 1, 64: 1, 7: 1, 65: 1, 32: 1, 68: 1, 6: 1, 4: 1, 70: 1}","[8274, 1156, 7684, 5164, 8250, 3012, 4355, 3707, 6362, 1536, 3819, 2077, 624, 2932, 5666, 2290, 1429, 66, 1699, 8781]",965,20,3,False
1465,supported cards and currencies,atm,3,False,False,False,"{51: 1, 45: 2, 30: 1, 16: 1, 66: 1, 54: 1, 69: 1, 46: 1, 44: 1, 28: 1, 21: 1, 64: 1, 7: 1, 65: 1, 32: 1, 68: 1, 6: 1, 4: 1, 70: 1}","[8274, 1156, 7684, 5164, 8250, 3012, 4355, 3707, 6362, 1536, 3819, 2077, 624, 2932, 5666, 2290, 1429, 66, 1699, 8781]",1465,20,3,False
1396,disposable card limits,dispos,29,False,True,False,"{51: 1, 45: 2, 30: 1, 16: 1, 66: 1, 54: 1, 69: 1, 46: 1, 44: 1, 28: 1, 21: 1, 64: 1, 7: 1, 65: 1, 32: 1, 68: 1, 6: 1, 4: 1, 70: 1}","[8274, 1156, 7684, 5164, 8250, 3012, 4355, 3707, 6362, 1536, 3819, 2077, 624, 2932, 5666, 2290, 1429, 66, 1699, 8781]",1396,20,3,False
2152,change pin,change,21,True,True,False,"{51: 1, 45: 2, 30: 1, 16: 1, 66: 1, 54: 1, 69: 1, 46: 1, 44: 1, 28: 1, 21: 1, 64: 1, 7: 1, 65: 1, 32: 1, 68: 1, 6: 1, 4: 1, 70: 1}","[8274, 1156, 7684, 5164, 8250, 3012, 4355, 3707, 6362, 1536, 3819, 2077, 624, 2932, 5666, 2290, 1429, 66, 1699, 8781]",2152,20,3,False
1159,change pin,edit,30,True,False,False,"{51: 1, 45: 2, 30: 1, 16: 1, 66: 1, 54: 1, 69: 1, 46: 1, 44: 1, 28: 1, 21: 1, 64: 1, 7: 1, 65: 1, 32: 1, 68: 1, 6: 1, 4: 1, 70: 1}","[8274, 1156, 7684, 5164, 8250, 3012, 4355, 3707, 6362, 1536, 3819, 2077, 624, 2932, 5666, 2290, 1429, 66, 1699, 8781]",1159,20,3,False
976,supported cards and currencies,card acceptance,10,False,False,False,"{51: 1, 45: 2, 30: 1, 16: 1, 66: 1, 54: 1, 69: 1, 46: 1, 44: 1, 28: 1, 21: 1, 64: 1, 7: 1, 65: 1, 32: 1, 68: 1, 6: 1, 4: 1, 70: 1}","[8274, 1156, 7684, 5164, 8250, 3012, 4355, 3707, 6362, 1536, 3819, 2077, 624, 2932, 5666, 2290, 1429, 66, 1699, 8781]",976,20,3,False
1518,direct debit payment not recognised,direct,28,True,True,False,"{51: 1, 45: 2, 30: 1, 16: 1, 66: 1, 54: 1, 69: 1, 46: 1, 44: 1, 28: 1, 21: 1, 64: 1, 7: 1, 65: 1, 32: 1, 68: 1, 6: 1, 4: 1, 70: 1}","[8274, 1156, 7684, 5164, 8250, 3012, 4355, 3707, 6362, 1536, 3819, 2077, 624, 2932, 5666, 2290, 1429, 66, 1699, 8781]",1518,20,3,False
1773,Refund not showing up,Ref,51,True,True,False,"{51: 1, 45: 2, 30: 1, 16: 1, 66: 1, 54: 1, 69: 1, 46: 1, 44: 1, 28: 1, 21: 1, 64: 1, 7: 1, 65: 1, 32: 1, 68: 1, 6: 1, 4: 1, 70: 1}","[8274, 1156, 7684, 5164, 8250, 3012, 4355, 3707, 6362, 1536, 3819, 2077, 624, 2932, 5666, 2290, 1429, 66, 1699, 8781]",1773,20,3,False
1476,atm support,atm,3,False,True,False,"{51: 1, 45: 2, 30: 1, 16: 1, 66: 1, 54: 1, 69: 1, 46: 1, 44: 1, 28: 1, 21: 1, 64: 1, 7: 1, 65: 1, 32: 1, 68: 1, 6: 1, 4: 1, 70: 1}","[8274, 1156, 7684, 5164, 8250, 3012, 4355, 3707, 6362, 1536, 3819, 2077, 624, 2932, 5666, 2290, 1429, 66, 1699, 8781]",1476,20,3,False
1477,card not working,atm,3,False,False,False,"{51: 1, 45: 2, 30: 1, 16: 1, 66: 1, 54: 1, 69: 1, 46: 1, 44: 1, 28: 1, 21: 1, 64: 1, 7: 1, 65: 1, 32: 1, 68: 1, 6: 1, 4: 1, 70: 1}","[8274, 1156, 7684, 5164, 8250, 3012, 4355, 3707, 6362, 1536, 3819, 2077, 624, 2932, 5666, 2290, 1429, 66, 1699, 8781]",1477,20,3,False
237,atm support,pending cash,46,True,False,False,"{51: 1, 45: 2, 30: 1, 16: 1, 66: 1, 54: 1, 69: 1, 46: 1, 44: 1, 28: 1, 21: 1, 64: 1, 7: 1, 65: 1, 32: 1, 68: 1, 6: 1, 4: 1, 70: 1}","[8274, 1156, 7684, 5164, 8250, 3012, 4355, 3707, 6362, 1536, 3819, 2077, 624, 2932, 5666, 2290, 1429, 66, 1699, 8781]",237,20,3,False
2097,transaction charged twice,re,53,False,False,False,"{51: 1, 45: 2, 30: 1, 16: 1, 66: 1, 54: 1, 69: 1, 46: 1, 44: 1, 28: 1, 21: 1, 64: 1, 7: 1, 65: 1, 32: 1, 68: 1, 6: 1, 4: 1, 70: 1}","[8274, 1156, 7684, 5164, 8250, 3012, 4355, 3707, 6362, 1536, 3819, 2077, 624, 2932, 5666, 2290, 1429, 66, 1699, 8781]",2097,20,3,False
2434,card delivery estimate,getting spare,39,False,False,False,"{51: 1, 45: 2, 30: 1, 16: 1, 66: 1, 54: 1, 69: 1, 46: 1, 44: 1, 28: 1, 21: 1, 64: 1, 7: 1, 65: 1, 32: 1, 68: 1, 6: 1, 4: 1, 70: 1}","[8274, 1156, 7684, 5164, 8250, 3012, 4355, 3707, 6362, 1536, 3819, 2077, 624, 2932, 5666, 2290, 1429, 66, 1699, 8781]",2434,20,3,False
1349,transfer into account,to,62,False,False,False,"{51: 1, 45: 2, 30: 1, 16: 1, 66: 1, 54: 1, 69: 1, 46: 1, 44: 1, 28: 1, 21: 1, 64: 1, 7: 1, 65: 1, 32: 1, 68: 1, 6: 1, 4: 1, 70: 1}","[8274, 1156, 7684, 5164, 8250, 3012, 4355, 3707, 6362, 1536, 3819, 2077, 624, 2932, 5666, 2290, 1429, 66, 1699, 8781]",1349,20,3,False
1625,transaction charged twice,pending card,45,True,False,False,"{51: 1, 45: 2, 30: 1, 16: 1, 66: 1, 54: 1, 69: 1, 46: 1, 44: 1, 28: 1, 21: 1, 64: 1, 7: 1, 65: 1, 32: 1, 68: 1, 6: 1, 4: 1, 70: 1}","[8274, 1156, 7684, 5164, 8250, 3012, 4355, 3707, 6362, 1536, 3819, 2077, 624, 2932, 5666, 2290, 1429, 66, 1699, 8781]",1625,20,3,False
2675,card not working,top up failed,59,False,False,False,"{51: 1, 45: 2, 30: 1, 16: 1, 66: 1, 54: 1, 69: 1, 46: 1, 44: 1, 28: 1, 21: 1, 64: 1, 7: 1, 65: 1, 32: 1, 68: 1, 6: 1, 4: 1, 70: 1}","[8274, 1156, 7684, 5164, 8250, 3012, 4355, 3707, 6362, 1536, 3819, 2077, 624, 2932, 5666, 2290, 1429, 66, 1699, 8781]",2675,20,3,False
274,supported cards and currencies,fi,36,False,False,False,"{51: 1, 45: 2, 30: 1, 16: 1, 66: 1, 54: 1, 69: 1, 46: 1, 44: 1, 28: 1, 21: 1, 64: 1, 7: 1, 65: 1, 32: 1, 68: 1, 6: 1, 4: 1, 70: 1}","[8274, 1156, 7684, 5164, 8250, 3012, 4355, 3707, 6362, 1536, 3819, 2077, 624, 2932, 5666, 2290, 1429, 66, 1699, 8781]",274,20,3,False
564,contactless not working,contact,23,False,True,False,"{51: 1, 45: 2, 30: 1, 16: 1, 66: 1, 54: 1, 69: 1, 46: 1, 44: 1, 28: 1, 21: 1, 64: 1, 7: 1, 65: 1, 32: 1, 68: 1, 6: 1, 4: 1, 70: 1}","[8274, 1156, 7684, 5164, 8250, 3012, 4355, 3707, 6362, 1536, 3819, 2077, 624, 2932, 5666, 2290, 1429, 66, 1699, 8781]",564,20,3,False
2482,card delivery estimate,order,43,False,False,False,"{51: 1, 45: 2, 30: 1, 16: 1, 66: 1, 54: 1, 69: 1, 46: 1, 44: 1, 28: 1, 21: 1, 64: 1, 7: 1, 65: 1, 32: 1, 68: 1, 6: 1, 4: 1, 70: 1}","[8274, 1156, 7684, 5164, 8250, 3012, 4355, 3707, 6362, 1536, 3819, 2077, 624, 2932, 5666, 2290, 1429, 66, 1699, 8781]",2482,20,3,False
1685,cancel transfer,request,52,False,False,False,"{51: 1, 45: 2, 30: 1, 16: 1, 66: 1, 54: 1, 69: 1, 46: 1, 44: 1, 28: 1, 21: 1, 64: 1, 7: 1, 65: 1, 32: 1, 68: 1, 6: 1, 4: 1, 70: 1}","[8274, 1156, 7684, 5164, 8250, 3012, 4355, 3707, 6362, 1536, 3819, 2077, 624, 2932, 5666, 2290, 1429, 66, 1699, 8781]",1685,20,3,False
804,transaction charged twice,card payment fee,15,False,False,False,"{51: 1, 45: 2, 30: 1, 16: 1, 66: 1, 54: 1, 69: 1, 46: 1, 44: 1, 28: 1, 21: 1, 64: 1, 7: 1, 65: 1, 32: 1, 68: 1, 6: 1, 4: 1, 70: 1}","[8274, 1156, 7684, 5164, 8250, 3012, 4355, 3707, 6362, 1536, 3819, 2077, 624, 2932, 5666, 2290, 1429, 66, 1699, 8781]",804,20,3,False
2142,change pin,change,21,True,True,False,"{51: 1, 45: 2, 30: 1, 16: 1, 66: 1, 54: 1, 69: 1, 46: 1, 44: 1, 28: 1, 21: 1, 64: 1, 7: 1, 65: 1, 32: 1, 68: 1, 6: 1, 4: 1, 70: 1}","[8274, 1156, 7684, 5164, 8250, 3012, 4355, 3707, 6362, 1536, 3819, 2077, 624, 2932, 5666, 2290, 1429, 66, 1699, 8781]",2142,20,3,False
2965,apple pay or google pay,apple,2,False,True,False,"{51: 1, 45: 2, 30: 1, 16: 1, 66: 1, 54: 1, 69: 1, 46: 1, 44: 1, 28: 1, 21: 1, 64: 1, 7: 1, 65: 1, 32: 1, 68: 1, 6: 1, 4: 1, 70: 1}","[8274, 1156, 7684, 5164, 8250, 3012, 4355, 3707, 6362, 1536, 3819, 2077, 624, 2932, 5666, 2290, 1429, 66, 1699, 8781]",2965,20,3,False
2985,top up by bank transfer charge,apple,2,False,False,False,"{51: 1, 45: 2, 30: 1, 16: 1, 66: 1, 54: 1, 69: 1, 46: 1, 44: 1, 28: 1, 21: 1, 64: 1, 7: 1, 65: 1, 32: 1, 68: 1, 6: 1, 4: 1, 70: 1}","[8274, 1156, 7684, 5164, 8250, 3012, 4355, 3707, 6362, 1536, 3819, 2077, 624, 2932, 5666, 2290, 1429, 66, 1699, 8781]",2985,20,3,False
1394,virtual card not working,dispos,29,False,False,False,"{51: 1, 45: 2, 30: 1, 16: 1, 66: 1, 54: 1, 69: 1, 46: 1, 44: 1, 28: 1, 21: 1, 64: 1, 7: 1, 65: 1, 32: 1, 68: 1, 6: 1, 4: 1, 70: 1}","[8274, 1156, 7684, 5164, 8250, 3012, 4355, 3707, 6362, 1536, 3819, 2077, 624, 2932, 5666, 2290, 1429, 66, 1699, 8781]",1394,20,3,False
1103,card payment not recognised,card payment not,16,True,True,False,"{51: 1, 45: 2, 30: 1, 16: 1, 66: 1, 54: 1, 69: 1, 46: 1, 44: 1, 28: 1, 21: 1, 64: 1, 7: 1, 65: 1, 32: 1, 68: 1, 6: 1, 4: 1, 70: 1}","[8274, 1156, 7684, 5164, 8250, 3012, 4355, 3707, 6362, 1536, 3819, 2077, 624, 2932, 5666, 2290, 1429, 66, 1699, 8781]",1103,20,3,False
2420,card delivery estimate,getting spare,39,False,False,False,"{51: 1, 45: 2, 30: 1, 16: 1, 66: 1, 54: 1, 69: 1, 46: 1, 44: 1, 28: 1, 21: 1, 64: 1, 7: 1, 65: 1, 32: 1, 68: 1, 6: 1, 4: 1, 70: 1}","[8274, 1156, 7684, 5164, 8250, 3012, 4355, 3707, 6362, 1536, 3819, 2077, 624, 2932, 5666, 2290, 1429, 66, 1699, 8781]",2420,20,3,False
1875,pending transfer,pending transfer,48,False,True,False,"{51: 1, 45: 2, 30: 1, 16: 1, 66: 1, 54: 1, 69: 1, 46: 1, 44: 1, 28: 1, 21: 1, 64: 1, 7: 1, 65: 1, 32: 1, 68: 1, 6: 1, 4: 1, 70: 1}","[8274, 1156, 7684, 5164, 8250, 3012, 4355, 3707, 6362, 1536, 3819, 2077, 624, 2932, 5666, 2290, 1429, 66, 1699, 8781]",1875,20,3,False
1146,change pin,edit,30,True,False,False,"{51: 1, 45: 2, 30: 1, 16: 1, 66: 1, 54: 1, 69: 1, 46: 1, 44: 1, 28: 1, 21: 1, 64: 1, 7: 1, 65: 1, 32: 1, 68: 1, 6: 1, 4: 1, 70: 1}","[8274, 1156, 7684, 5164, 8250, 3012, 4355, 3707, 6362, 1536, 3819, 2077, 624, 2932, 5666, 2290, 1429, 66, 1699, 8781]",1146,20,3,False
1516,transaction charged twice,direct,28,True,False,False,"{51: 1, 45: 2, 30: 1, 16: 1, 66: 1, 54: 1, 69: 1, 46: 1, 44: 1, 28: 1, 21: 1, 64: 1, 7: 1, 65: 1, 32: 1, 68: 1, 6: 1, 4: 1, 70: 1}","[8274, 1156, 7684, 5164, 8250, 3012, 4355, 3707, 6362, 1536, 3819, 2077, 624, 2932, 5666, 2290, 1429, 66, 1699, 8781]",1516,20,3,False
2805,top up by card charge,top up by card,57,False,True,False,"{51: 1, 45: 2, 30: 1, 16: 1, 66: 1, 54: 1, 69: 1, 46: 1, 44: 1, 28: 1, 21: 1, 64: 1, 7: 1, 65: 1, 32: 1, 68: 1, 6: 1, 4: 1, 70: 1}","[8274, 1156, 7684, 5164, 8250, 3012, 4355, 3707, 6362, 1536, 3819, 2077, 624, 2932, 5666, 2290, 1429, 66, 1699, 8781]",2805,20,3,False
2702,transfer not received by recipient,balance not updated after bank,5,False,False,False,"{51: 1, 45: 2, 30: 1, 16: 1, 66: 1, 54: 1, 69: 1, 46: 1, 44: 1, 28: 1, 21: 1, 64: 1, 7: 1, 65: 1, 32: 1, 68: 1, 6: 1, 4: 1, 70: 1}","[8274, 1156, 7684, 5164, 8250, 3012, 4355, 3707, 6362, 1536, 3819, 2077, 624, 2932, 5666, 2290, 1429, 66, 1699, 8781]",2702,20,3,False
2882,cash withdrawal charge,cash withdrawal charge,19,False,True,False,"{51: 1, 45: 2, 30: 1, 16: 1, 66: 1, 54: 1, 69: 1, 46: 1, 44: 1, 28: 1, 21: 1, 64: 1, 7: 1, 65: 1, 32: 1, 68: 1, 6: 1, 4: 1, 70: 1}","[8274, 1156, 7684, 5164, 8250, 3012, 4355, 3707, 6362, 1536, 3819, 2077, 624, 2932, 5666, 2290, 1429, 66, 1699, 8781]",2882,20,3,False
2793,exchange rate,exchange charge,31,False,False,True,"{51: 1, 45: 2, 30: 1, 16: 1, 66: 1, 54: 1, 69: 1, 46: 1, 44: 1, 28: 1, 21: 1, 64: 1, 7: 1, 65: 1, 32: 1, 68: 1, 6: 1, 4: 1, 70: 1}","[8274, 1156, 7684, 5164, 8250, 3012, 4355, 3707, 6362, 1536, 3819, 2077, 624, 2932, 5666, 2290, 1429, 66, 1699, 8781]",2793,20,3,False
241,supported cards and currencies,fi,36,False,False,False,"{51: 1, 45: 2, 30: 1, 16: 1, 66: 1, 54: 1, 69: 1, 46: 1, 44: 1, 28: 1, 21: 1, 64: 1, 7: 1, 65: 1, 32: 1, 68: 1, 6: 1, 4: 1, 70: 1}","[8274, 1156, 7684, 5164, 8250, 3012, 4355, 3707, 6362, 1536, 3819, 2077, 624, 2932, 5666, 2290, 1429, 66, 1699, 8781]",241,20,3,False
1068,cash withdrawal not recognised,balance not updated after che,6,True,False,False,"{51: 1, 45: 2, 30: 1, 16: 1, 66: 1, 54: 1, 69: 1, 46: 1, 44: 1, 28: 1, 21: 1, 64: 1, 7: 1, 65: 1, 32: 1, 68: 1, 6: 1, 4: 1, 70: 1}","[8274, 1156, 7684, 5164, 8250, 3012, 4355, 3707, 6362, 1536, 3819, 2077, 624, 2932, 5666, 2290, 1429, 66, 1699, 8781]",1068,20,3,False
494,age limit,age,1,False,True,False,"{51: 1, 45: 2, 30: 1, 16: 1, 66: 1, 54: 1, 69: 1, 46: 1, 44: 1, 28: 1, 21: 1, 64: 1, 7: 1, 65: 1, 32: 1, 68: 1, 6: 1, 4: 1, 70: 1}","[8274, 1156, 7684, 5164, 8250, 3012, 4355, 3707, 6362, 1536, 3819, 2077, 624, 2932, 5666, 2290, 1429, 66, 1699, 8781]",494,20,3,False
327,automatic top up,automatic,4,True,True,False,"{51: 1, 45: 2, 30: 1, 16: 1, 66: 1, 54: 1, 69: 1, 46: 1, 44: 1, 28: 1, 21: 1, 64: 1, 7: 1, 65: 1, 32: 1, 68: 1, 6: 1, 4: 1, 70: 1}","[8274, 1156, 7684, 5164, 8250, 3012, 4355, 3707, 6362, 1536, 3819, 2077, 624, 2932, 5666, 2290, 1429, 66, 1699, 8781]",327,20,3,False
458,lost or stolen card,lost or stolen card,41,False,True,False,"{51: 1, 45: 2, 30: 1, 16: 1, 66: 1, 54: 1, 69: 1, 46: 1, 44: 1, 28: 1, 21: 1, 64: 1, 7: 1, 65: 1, 32: 1, 68: 1, 6: 1, 4: 1, 70: 1}","[8274, 1156, 7684, 5164, 8250, 3012, 4355, 3707, 6362, 1536, 3819, 2077, 624, 2932, 5666, 2290, 1429, 66, 1699, 8781]",458,20,3,False
428,supported cards and currencies,exchange via,33,False,False,False,"{51: 1, 45: 2, 30: 1, 16: 1, 66: 1, 54: 1, 69: 1, 46: 1, 44: 1, 28: 1, 21: 1, 64: 1, 7: 1, 65: 1, 32: 1, 68: 1, 6: 1, 4: 1, 70: 1}","[8274, 1156, 7684, 5164, 8250, 3012, 4355, 3707, 6362, 1536, 3819, 2077, 624, 2932, 5666, 2290, 1429, 66, 1699, 8781]",428,20,3,False
1681,request refund,request,52,False,True,False,"{51: 1, 45: 2, 30: 1, 16: 1, 66: 1, 54: 1, 69: 1, 46: 1, 44: 1, 28: 1, 21: 1, 64: 1, 7: 1, 65: 1, 32: 1, 68: 1, 6: 1, 4: 1, 70: 1}","[8274, 1156, 7684, 5164, 8250, 3012, 4355, 3707, 6362, 1536, 3819, 2077, 624, 2932, 5666, 2290, 1429, 66, 1699, 8781]",1681,20,3,False
2040,transfer timing,transfer timing,67,False,True,False,"{51: 1, 45: 2, 30: 1, 16: 1, 66: 1, 54: 1, 69: 1, 46: 1, 44: 1, 28: 1, 21: 1, 64: 1, 7: 1, 65: 1, 32: 1, 68: 1, 6: 1, 4: 1, 70: 1}","[8274, 1156, 7684, 5164, 8250, 3012, 4355, 3707, 6362, 1536, 3819, 2077, 624, 2932, 5666, 2290, 1429, 66, 1699, 8781]",2040,20,3,False
2271,receiving money,receiving,50,False,True,False,"{51: 1, 45: 2, 30: 1, 16: 1, 66: 1, 54: 1, 69: 1, 46: 1, 44: 1, 28: 1, 21: 1, 64: 1, 7: 1, 65: 1, 32: 1, 68: 1, 6: 1, 4: 1, 70: 1}","[8274, 1156, 7684, 5164, 8250, 3012, 4355, 3707, 6362, 1536, 3819, 2077, 624, 2932, 5666, 2290, 1429, 66, 1699, 8781]",2271,20,3,False
2309,transfer not received by recipient,failed,35,False,False,False,"{51: 1, 45: 2, 30: 1, 16: 1, 66: 1, 54: 1, 69: 1, 46: 1, 44: 1, 28: 1, 21: 1, 64: 1, 7: 1, 65: 1, 32: 1, 68: 1, 6: 1, 4: 1, 70: 1}","[8274, 1156, 7684, 5164, 8250, 3012, 4355, 3707, 6362, 1536, 3819, 2077, 624, 2932, 5666, 2290, 1429, 66, 1699, 8781]",2309,20,3,False
1819,declined card payment,declined card,25,False,True,False,"{51: 1, 45: 2, 30: 1, 16: 1, 66: 1, 54: 1, 69: 1, 46: 1, 44: 1, 28: 1, 21: 1, 64: 1, 7: 1, 65: 1, 32: 1, 68: 1, 6: 1, 4: 1, 70: 1}","[8274, 1156, 7684, 5164, 8250, 3012, 4355, 3707, 6362, 1536, 3819, 2077, 624, 2932, 5666, 2290, 1429, 66, 1699, 8781]",1819,20,3,False
1538,passcode forgotten,pass,44,True,True,False,"{51: 1, 45: 2, 30: 1, 16: 1, 66: 1, 54: 1, 69: 1, 46: 1, 44: 1, 28: 1, 21: 1, 64: 1, 7: 1, 65: 1, 32: 1, 68: 1, 6: 1, 4: 1, 70: 1}","[8274, 1156, 7684, 5164, 8250, 3012, 4355, 3707, 6362, 1536, 3819, 2077, 624, 2932, 5666, 2290, 1429, 66, 1699, 8781]",1538,20,3,False
1405,request refund,comprom,22,False,False,False,"{51: 1, 45: 2, 30: 1, 16: 1, 66: 1, 54: 1, 69: 1, 46: 1, 44: 1, 28: 1, 21: 1, 64: 1, 7: 1, 65: 1, 32: 1, 68: 1, 6: 1, 4: 1, 70: 1}","[8274, 1156, 7684, 5164, 8250, 3012, 4355, 3707, 6362, 1536, 3819, 2077, 624, 2932, 5666, 2290, 1429, 66, 1699, 8781]",1405,20,3,False
522,pin blocked,pin,49,False,True,False,"{51: 1, 45: 2, 30: 1, 16: 1, 66: 1, 54: 1, 69: 1, 46: 1, 44: 1, 28: 1, 21: 1, 64: 1, 7: 1, 65: 1, 32: 1, 68: 1, 6: 1, 4: 1, 70: 1}","[8274, 1156, 7684, 5164, 8250, 3012, 4355, 3707, 6362, 1536, 3819, 2077, 624, 2932, 5666, 2290, 1429, 66, 1699, 8781]",522,20,3,False
2230,transfer fee charged,transfer fee,64,True,True,False,"{51: 1, 45: 2, 30: 1, 16: 1, 66: 1, 54: 1, 69: 1, 46: 1, 44: 1, 28: 1, 21: 1, 64: 1, 7: 1, 65: 1, 32: 1, 68: 1, 6: 1, 4: 1, 70: 1}","[8274, 1156, 7684, 5164, 8250, 3012, 4355, 3707, 6362, 1536, 3819, 2077, 624, 2932, 5666, 2290, 1429, 66, 1699, 8781]",2230,20,3,False
1626,pending card payment,pending card,45,True,True,False,"{51: 1, 45: 2, 30: 1, 16: 1, 66: 1, 54: 1, 69: 1, 46: 1, 44: 1, 28: 1, 21: 1, 64: 1, 7: 1, 65: 1, 32: 1, 68: 1, 6: 1, 4: 1, 70: 1}","[8274, 1156, 7684, 5164, 8250, 3012, 4355, 3707, 6362, 1536, 3819, 2077, 624, 2932, 5666, 2290, 1429, 66, 1699, 8781]",1626,20,3,False
972,card acceptance,card acceptance,10,False,True,False,"{51: 1, 45: 2, 30: 1, 16: 1, 66: 1, 54: 1, 69: 1, 46: 1, 44: 1, 28: 1, 21: 1, 64: 1, 7: 1, 65: 1, 32: 1, 68: 1, 6: 1, 4: 1, 70: 1}","[8274, 1156, 7684, 5164, 8250, 3012, 4355, 3707, 6362, 1536, 3819, 2077, 624, 2932, 5666, 2290, 1429, 66, 1699, 8781]",972,20,3,False
2201,transfer fee charged,transfer fee,64,True,True,False,"{51: 1, 45: 2, 30: 1, 16: 1, 66: 1, 54: 1, 69: 1, 46: 1, 44: 1, 28: 1, 21: 1, 64: 1, 7: 1, 65: 1, 32: 1, 68: 1, 6: 1, 4: 1, 70: 1}","[8274, 1156, 7684, 5164, 8250, 3012, 4355, 3707, 6362, 1536, 3819, 2077, 624, 2932, 5666, 2290, 1429, 66, 1699, 8781]",2201,20,3,False
1523,passcode forgotten,pass,44,True,True,False,"{51: 1, 45: 2, 30: 1, 16: 1, 66: 1, 54: 1, 69: 1, 46: 1, 44: 1, 28: 1, 21: 1, 64: 1, 7: 1, 65: 1, 32: 1, 68: 1, 6: 1, 4: 1, 70: 1}","[8274, 1156, 7684, 5164, 8250, 3012, 4355, 3707, 6362, 1536, 3819, 2077, 624, 2932, 5666, 2290, 1429, 66, 1699, 8781]",1523,20,3,False
2629,disposable card limits,get dispos,37,False,False,False,"{51: 1, 45: 2, 30: 1, 16: 1, 66: 1, 54: 1, 69: 1, 46: 1, 44: 1, 28: 1, 21: 1, 64: 1, 7: 1, 65: 1, 32: 1, 68: 1, 6: 1, 4: 1, 70: 1}","[8274, 1156, 7684, 5164, 8250, 3012, 4355, 3707, 6362, 1536, 3819, 2077, 624, 2932, 5666, 2290, 1429, 66, 1699, 8781]",2629,20,3,False
1760,Refund not showing up,Ref,51,True,True,False,"{51: 1, 45: 2, 30: 1, 16: 1, 66: 1, 54: 1, 69: 1, 46: 1, 44: 1, 28: 1, 21: 1, 64: 1, 7: 1, 65: 1, 32: 1, 68: 1, 6: 1, 4: 1, 70: 1}","[8274, 1156, 7684, 5164, 8250, 3012, 4355, 3707, 6362, 1536, 3819, 2077, 624, 2932, 5666, 2290, 1429, 66, 1699, 8781]",1760,20,3,False
1176,why verify identity,why,74,False,True,False,"{51: 1, 45: 2, 30: 1, 16: 1, 66: 1, 54: 1, 69: 1, 46: 1, 44: 1, 28: 1, 21: 1, 64: 1, 7: 1, 65: 1, 32: 1, 68: 1, 6: 1, 4: 1, 70: 1}","[8274, 1156, 7684, 5164, 8250, 3012, 4355, 3707, 6362, 1536, 3819, 2077, 624, 2932, 5666, 2290, 1429, 66, 1699, 8781]",1176,20,3,False
68,card linking,card link,13,False,True,False,"{51: 1, 45: 2, 30: 1, 16: 1, 66: 1, 54: 1, 69: 1, 46: 1, 44: 1, 28: 1, 21: 1, 64: 1, 7: 1, 65: 1, 32: 1, 68: 1, 6: 1, 4: 1, 70: 1}","[8274, 1156, 7684, 5164, 8250, 3012, 4355, 3707, 6362, 1536, 3819, 2077, 624, 2932, 5666, 2290, 1429, 66, 1699, 8781]",68,20,3,False
1901,request refund,term,55,False,False,False,"{51: 1, 45: 2, 30: 1, 16: 1, 66: 1, 54: 1, 69: 1, 46: 1, 44: 1, 28: 1, 21: 1, 64: 1, 7: 1, 65: 1, 32: 1, 68: 1, 6: 1, 4: 1, 70: 1}","[8274, 1156, 7684, 5164, 8250, 3012, 4355, 3707, 6362, 1536, 3819, 2077, 624, 2932, 5666, 2290, 1429, 66, 1699, 8781]",1901,20,3,False
2274,transfer into account,receiving,50,False,False,False,"{51: 1, 45: 2, 30: 1, 16: 1, 66: 1, 54: 1, 69: 1, 46: 1, 44: 1, 28: 1, 21: 1, 64: 1, 7: 1, 65: 1, 32: 1, 68: 1, 6: 1, 4: 1, 70: 1}","[8274, 1156, 7684, 5164, 8250, 3012, 4355, 3707, 6362, 1536, 3819, 2077, 624, 2932, 5666, 2290, 1429, 66, 1699, 8781]",2274,20,3,False
2249,receiving money,receiving,50,False,True,False,"{51: 1, 45: 2, 30: 1, 16: 1, 66: 1, 54: 1, 69: 1, 46: 1, 44: 1, 28: 1, 21: 1, 64: 1, 7: 1, 65: 1, 32: 1, 68: 1, 6: 1, 4: 1, 70: 1}","[8274, 1156, 7684, 5164, 8250, 3012, 4355, 3707, 6362, 1536, 3819, 2077, 624, 2932, 5666, 2290, 1429, 66, 1699, 8781]",2249,20,3,False
519,age limit,age,1,False,True,False,"{51: 1, 45: 2, 30: 1, 16: 1, 66: 1, 54: 1, 69: 1, 46: 1, 44: 1, 28: 1, 21: 1, 64: 1, 7: 1, 65: 1, 32: 1, 68: 1, 6: 1, 4: 1, 70: 1}","[8274, 1156, 7684, 5164, 8250, 3012, 4355, 3707, 6362, 1536, 3819, 2077, 624, 2932, 5666, 2290, 1429, 66, 1699, 8781]",519,20,3,False
2019,verify source of funds,verify source,70,True,True,False,"{51: 1, 45: 2, 30: 1, 16: 1, 66: 1, 54: 1, 69: 1, 46: 1, 44: 1, 28: 1, 21: 1, 64: 1, 7: 1, 65: 1, 32: 1, 68: 1, 6: 1, 4: 1, 70: 1}","[8274, 1156, 7684, 5164, 8250, 3012, 4355, 3707, 6362, 1536, 3819, 2077, 624, 2932, 5666, 2290, 1429, 66, 1699, 8781]",2019,20,3,False
2997,apple pay or google pay,apple,2,False,True,False,"{51: 1, 45: 2, 30: 1, 16: 1, 66: 1, 54: 1, 69: 1, 46: 1, 44: 1, 28: 1, 21: 1, 64: 1, 7: 1, 65: 1, 32: 1, 68: 1, 6: 1, 4: 1, 70: 1}","[8274, 1156, 7684, 5164, 8250, 3012, 4355, 3707, 6362, 1536, 3819, 2077, 624, 2932, 5666, 2290, 1429, 66, 1699, 8781]",2997,20,3,False
744,top up limits,top up limits,60,False,True,False,"{51: 1, 45: 2, 30: 1, 16: 1, 66: 1, 54: 1, 69: 1, 46: 1, 44: 1, 28: 1, 21: 1, 64: 1, 7: 1, 65: 1, 32: 1, 68: 1, 6: 1, 4: 1, 70: 1}","[8274, 1156, 7684, 5164, 8250, 3012, 4355, 3707, 6362, 1536, 3819, 2077, 624, 2932, 5666, 2290, 1429, 66, 1699, 8781]",744,20,3,False
1377,disposable card limits,dispos,29,False,True,False,"{51: 1, 45: 2, 30: 1, 16: 1, 66: 1, 54: 1, 69: 1, 46: 1, 44: 1, 28: 1, 21: 1, 64: 1, 7: 1, 65: 1, 32: 1, 68: 1, 6: 1, 4: 1, 70: 1}","[8274, 1156, 7684, 5164, 8250, 3012, 4355, 3707, 6362, 1536, 3819, 2077, 624, 2932, 5666, 2290, 1429, 66, 1699, 8781]",1377,20,3,False
893,card acceptance,supported,54,True,False,False,"{51: 1, 45: 2, 30: 1, 16: 1, 66: 1, 54: 1, 69: 1, 46: 1, 44: 1, 28: 1, 21: 1, 64: 1, 7: 1, 65: 1, 32: 1, 68: 1, 6: 1, 4: 1, 70: 1}","[8274, 1156, 7684, 5164, 8250, 3012, 4355, 3707, 6362, 1536, 3819, 2077, 624, 2932, 5666, 2290, 1429, 66, 1699, 8781]",893,20,3,False
1833,card payment not recognised,declined card,25,False,False,False,"{51: 1, 45: 2, 30: 1, 16: 1, 66: 1, 54: 1, 69: 1, 46: 1, 44: 1, 28: 1, 21: 1, 64: 1, 7: 1, 65: 1, 32: 1, 68: 1, 6: 1, 4: 1, 70: 1}","[8274, 1156, 7684, 5164, 8250, 3012, 4355, 3707, 6362, 1536, 3819, 2077, 624, 2932, 5666, 2290, 1429, 66, 1699, 8781]",1833,20,3,False
1114,card payment not recognised,card payment not,16,True,True,False,"{51: 1, 45: 2, 30: 1, 16: 1, 66: 1, 54: 1, 69: 1, 46: 1, 44: 1, 28: 1, 21: 1, 64: 1, 7: 1, 65: 1, 32: 1, 68: 1, 6: 1, 4: 1, 70: 1}","[8274, 1156, 7684, 5164, 8250, 3012, 4355, 3707, 6362, 1536, 3819, 2077, 624, 2932, 5666, 2290, 1429, 66, 1699, 8781]",1114,20,3,False
1899,terminate account,term,55,False,True,False,"{51: 1, 45: 2, 30: 1, 16: 1, 66: 1, 54: 1, 69: 1, 46: 1, 44: 1, 28: 1, 21: 1, 64: 1, 7: 1, 65: 1, 32: 1, 68: 1, 6: 1, 4: 1, 70: 1}","[8274, 1156, 7684, 5164, 8250, 3012, 4355, 3707, 6362, 1536, 3819, 2077, 624, 2932, 5666, 2290, 1429, 66, 1699, 8781]",1899,20,3,False
1059,pending transfer,balance not updated after che,6,True,False,False,"{51: 1, 45: 2, 30: 1, 16: 1, 66: 1, 54: 1, 69: 1, 46: 1, 44: 1, 28: 1, 21: 1, 64: 1, 7: 1, 65: 1, 32: 1, 68: 1, 6: 1, 4: 1, 70: 1}","[8274, 1156, 7684, 5164, 8250, 3012, 4355, 3707, 6362, 1536, 3819, 2077, 624, 2932, 5666, 2290, 1429, 66, 1699, 8781]",1059,20,3,False
1428,card payment not recognised,comprom,22,False,False,False,"{51: 1, 45: 2, 30: 1, 16: 1, 66: 1, 54: 1, 69: 1, 46: 1, 44: 1, 28: 1, 21: 1, 64: 1, 7: 1, 65: 1, 32: 1, 68: 1, 6: 1, 4: 1, 70: 1}","[8274, 1156, 7684, 5164, 8250, 3012, 4355, 3707, 6362, 1536, 3819, 2077, 624, 2932, 5666, 2290, 1429, 66, 1699, 8781]",1428,20,3,False
1915,cancel transfer,term,55,False,False,False,"{51: 1, 45: 2, 30: 1, 16: 1, 66: 1, 54: 1, 69: 1, 46: 1, 44: 1, 28: 1, 21: 1, 64: 1, 7: 1, 65: 1, 32: 1, 68: 1, 6: 1, 4: 1, 70: 1}","[8274, 1156, 7684, 5164, 8250, 3012, 4355, 3707, 6362, 1536, 3819, 2077, 624, 2932, 5666, 2290, 1429, 66, 1699, 8781]",1915,20,3,False
826,card payment fee charged,card payment fee,15,False,True,False,"{51: 1, 45: 2, 30: 1, 16: 1, 66: 1, 54: 1, 69: 1, 46: 1, 44: 1, 28: 1, 21: 1, 64: 1, 7: 1, 65: 1, 32: 1, 68: 1, 6: 1, 4: 1, 70: 1}","[8274, 1156, 7684, 5164, 8250, 3012, 4355, 3707, 6362, 1536, 3819, 2077, 624, 2932, 5666, 2290, 1429, 66, 1699, 8781]",826,20,3,False
2580,wrong exchange rate for cash withdrawal,wrong exchange,76,False,True,False,"{51: 1, 45: 2, 30: 1, 16: 1, 66: 1, 54: 1, 69: 1, 46: 1, 44: 1, 28: 1, 21: 1, 64: 1, 7: 1, 65: 1, 32: 1, 68: 1, 6: 1, 4: 1, 70: 1}","[8274, 1156, 7684, 5164, 8250, 3012, 4355, 3707, 6362, 1536, 3819, 2077, 624, 2932, 5666, 2290, 1429, 66, 1699, 8781]",2580,20,3,False
2132,change pin,change,21,True,True,False,"{51: 1, 45: 2, 30: 1, 16: 1, 66: 1, 54: 1, 69: 1, 46: 1, 44: 1, 28: 1, 21: 1, 64: 1, 7: 1, 65: 1, 32: 1, 68: 1, 6: 1, 4: 1, 70: 1}","[8274, 1156, 7684, 5164, 8250, 3012, 4355, 3707, 6362, 1536, 3819, 2077, 624, 2932, 5666, 2290, 1429, 66, 1699, 8781]",2132,20,3,False
418,change pin,exchange via,33,False,False,False,"{51: 1, 45: 2, 30: 1, 16: 1, 66: 1, 54: 1, 69: 1, 46: 1, 44: 1, 28: 1, 21: 1, 64: 1, 7: 1, 65: 1, 32: 1, 68: 1, 6: 1, 4: 1, 70: 1}","[8274, 1156, 7684, 5164, 8250, 3012, 4355, 3707, 6362, 1536, 3819, 2077, 624, 2932, 5666, 2290, 1429, 66, 1699, 8781]",418,20,3,False
1601,pending card payment,pending card,45,True,True,False,"{51: 1, 45: 2, 30: 1, 16: 1, 66: 1, 54: 1, 69: 1, 46: 1, 44: 1, 28: 1, 21: 1, 64: 1, 7: 1, 65: 1, 32: 1, 68: 1, 6: 1, 4: 1, 70: 1}","[8274, 1156, 7684, 5164, 8250, 3012, 4355, 3707, 6362, 1536, 3819, 2077, 624, 2932, 5666, 2290, 1429, 66, 1699, 8781]",1601,20,3,False
1645,lost or stolen phone,lost or stolen phone,42,False,True,False,"{51: 1, 45: 2, 30: 1, 16: 1, 66: 1, 54: 1, 69: 1, 46: 1, 44: 1, 28: 1, 21: 1, 64: 1, 7: 1, 65: 1, 32: 1, 68: 1, 6: 1, 4: 1, 70: 1}","[8274, 1156, 7684, 5164, 8250, 3012, 4355, 3707, 6362, 1536, 3819, 2077, 624, 2932, 5666, 2290, 1429, 66, 1699, 8781]",1645,20,3,False
1610,transaction charged twice,pending card,45,True,False,False,"{51: 1, 45: 2, 30: 1, 16: 1, 66: 1, 54: 1, 69: 1, 46: 1, 44: 1, 28: 1, 21: 1, 64: 1, 7: 1, 65: 1, 32: 1, 68: 1, 6: 1, 4: 1, 70: 1}","[8274, 1156, 7684, 5164, 8250, 3012, 4355, 3707, 6362, 1536, 3819, 2077, 624, 2932, 5666, 2290, 1429, 66, 1699, 8781]",1610,20,3,False
598,contactless not working,contact,23,False,True,False,"{51: 1, 45: 2, 30: 1, 16: 1, 66: 1, 54: 1, 69: 1, 46: 1, 44: 1, 28: 1, 21: 1, 64: 1, 7: 1, 65: 1, 32: 1, 68: 1, 6: 1, 4: 1, 70: 1}","[8274, 1156, 7684, 5164, 8250, 3012, 4355, 3707, 6362, 1536, 3819, 2077, 624, 2932, 5666, 2290, 1429, 66, 1699, 8781]",598,20,3,False
2992,top up by card charge,apple,2,False,False,False,"{51: 1, 45: 2, 30: 1, 16: 1, 66: 1, 54: 1, 69: 1, 46: 1, 44: 1, 28: 1, 21: 1, 64: 1, 7: 1, 65: 1, 32: 1, 68: 1, 6: 1, 4: 1, 70: 1}","[8274, 1156, 7684, 5164, 8250, 3012, 4355, 3707, 6362, 1536, 3819, 2077, 624, 2932, 5666, 2290, 1429, 66, 1699, 8781]",2992,20,3,False
3017,verify my identity,verify my,69,True,True,False,"{51: 1, 45: 2, 30: 1, 16: 1, 66: 1, 54: 1, 69: 1, 46: 1, 44: 1, 28: 1, 21: 1, 64: 1, 7: 1, 65: 1, 32: 1, 68: 1, 6: 1, 4: 1, 70: 1}","[8274, 1156, 7684, 5164, 8250, 3012, 4355, 3707, 6362, 1536, 3819, 2077, 624, 2932, 5666, 2290, 1429, 66, 1699, 8781]",3017,20,3,False
2134,change pin,change,21,True,True,False,"{51: 1, 45: 2, 30: 1, 16: 1, 66: 1, 54: 1, 69: 1, 46: 1, 44: 1, 28: 1, 21: 1, 64: 1, 7: 1, 65: 1, 32: 1, 68: 1, 6: 1, 4: 1, 70: 1}","[8274, 1156, 7684, 5164, 8250, 3012, 4355, 3707, 6362, 1536, 3819, 2077, 624, 2932, 5666, 2290, 1429, 66, 1699, 8781]",2134,20,3,False
2540,virtual card not working,virtual,72,False,True,False,"{51: 1, 45: 2, 30: 1, 16: 1, 66: 1, 54: 1, 69: 1, 46: 1, 44: 1, 28: 1, 21: 1, 64: 1, 7: 1, 65: 1, 32: 1, 68: 1, 6: 1, 4: 1, 70: 1}","[8274, 1156, 7684, 5164, 8250, 3012, 4355, 3707, 6362, 1536, 3819, 2077, 624, 2932, 5666, 2290, 1429, 66, 1699, 8781]",2540,20,3,False
1505,direct debit payment not recognised,direct,28,True,True,False,"{51: 1, 45: 2, 30: 1, 16: 1, 66: 1, 54: 1, 69: 1, 46: 1, 44: 1, 28: 1, 21: 1, 64: 1, 7: 1, 65: 1, 32: 1, 68: 1, 6: 1, 4: 1, 70: 1}","[8274, 1156, 7684, 5164, 8250, 3012, 4355, 3707, 6362, 1536, 3819, 2077, 624, 2932, 5666, 2290, 1429, 66, 1699, 8781]",1505,20,3,False
1093,card payment not recognised,card payment not,16,True,True,False,"{51: 1, 45: 2, 30: 1, 16: 1, 66: 1, 54: 1, 69: 1, 46: 1, 44: 1, 28: 1, 21: 1, 64: 1, 7: 1, 65: 1, 32: 1, 68: 1, 6: 1, 4: 1, 70: 1}","[8274, 1156, 7684, 5164, 8250, 3012, 4355, 3707, 6362, 1536, 3819, 2077, 624, 2932, 5666, 2290, 1429, 66, 1699, 8781]",1093,20,3,False
863,transfer not received by recipient,transfer not,66,True,True,False,"{51: 1, 45: 2, 30: 1, 16: 1, 66: 1, 54: 1, 69: 1, 46: 1, 44: 1, 28: 1, 21: 1, 64: 1, 7: 1, 65: 1, 32: 1, 68: 1, 6: 1, 4: 1, 70: 1}","[8274, 1156, 7684, 5164, 8250, 3012, 4355, 3707, 6362, 1536, 3819, 2077, 624, 2932, 5666, 2290, 1429, 66, 1699, 8781]",863,20,3,False
1021,top up reverted,top up re,61,False,True,False,"{51: 1, 45: 2, 30: 1, 16: 1, 66: 1, 54: 1, 69: 1, 46: 1, 44: 1, 28: 1, 21: 1, 64: 1, 7: 1, 65: 1, 32: 1, 68: 1, 6: 1, 4: 1, 70: 1}","[8274, 1156, 7684, 5164, 8250, 3012, 4355, 3707, 6362, 1536, 3819, 2077, 624, 2932, 5666, 2290, 1429, 66, 1699, 8781]",1021,20,3,False
754,top up limits,top up limits,60,False,True,False,"{51: 1, 45: 2, 30: 1, 16: 1, 66: 1, 54: 1, 69: 1, 46: 1, 44: 1, 28: 1, 21: 1, 64: 1, 7: 1, 65: 1, 32: 1, 68: 1, 6: 1, 4: 1, 70: 1}","[8274, 1156, 7684, 5164, 8250, 3012, 4355, 3707, 6362, 1536, 3819, 2077, 624, 2932, 5666, 2290, 1429, 66, 1699, 8781]",754,20,3,False
1364,disposable card limits,dispos,29,False,True,False,"{51: 1, 45: 2, 30: 1, 16: 1, 66: 1, 54: 1, 69: 1, 46: 1, 44: 1, 28: 1, 21: 1, 64: 1, 7: 1, 65: 1, 32: 1, 68: 1, 6: 1, 4: 1, 70: 1}","[8274, 1156, 7684, 5164, 8250, 3012, 4355, 3707, 6362, 1536, 3819, 2077, 624, 2932, 5666, 2290, 1429, 66, 1699, 8781]",1364,20,3,False
2301,transfer not received by recipient,failed,35,False,False,False,"{51: 1, 45: 2, 30: 1, 16: 1, 66: 1, 54: 1, 69: 1, 46: 1, 44: 1, 28: 1, 21: 1, 64: 1, 7: 1, 65: 1, 32: 1, 68: 1, 6: 1, 4: 1, 70: 1}","[8274, 1156, 7684, 5164, 8250, 3012, 4355, 3707, 6362, 1536, 3819, 2077, 624, 2932, 5666, 2290, 1429, 66, 1699, 8781]",2301,20,3,False
1134,change pin,edit,30,True,False,False,"{51: 1, 45: 2, 30: 1, 16: 1, 66: 1, 54: 1, 69: 1, 46: 1, 44: 1, 28: 1, 21: 1, 64: 1, 7: 1, 65: 1, 32: 1, 68: 1, 6: 1, 4: 1, 70: 1}","[8274, 1156, 7684, 5164, 8250, 3012, 4355, 3707, 6362, 1536, 3819, 2077, 624, 2932, 5666, 2290, 1429, 66, 1699, 8781]",1134,20,3,False
1186,pending card payment,why,74,False,False,False,"{51: 1, 45: 2, 30: 1, 16: 1, 66: 1, 54: 1, 69: 1, 46: 1, 44: 1, 28: 1, 21: 1, 64: 1, 7: 1, 65: 1, 32: 1, 68: 1, 6: 1, 4: 1, 70: 1}","[8274, 1156, 7684, 5164, 8250, 3012, 4355, 3707, 6362, 1536, 3819, 2077, 624, 2932, 5666, 2290, 1429, 66, 1699, 8781]",1186,20,3,False
1774,Refund not showing up,Ref,51,True,True,False,"{51: 1, 45: 2, 30: 1, 16: 1, 66: 1, 54: 1, 69: 1, 46: 1, 44: 1, 28: 1, 21: 1, 64: 1, 7: 1, 65: 1, 32: 1, 68: 1, 6: 1, 4: 1, 70: 1}","[8274, 1156, 7684, 5164, 8250, 3012, 4355, 3707, 6362, 1536, 3819, 2077, 624, 2932, 5666, 2290, 1429, 66, 1699, 8781]",1774,20,3,False
131,exchange rate,card payment wrong,17,False,False,True,"{51: 1, 45: 2, 30: 1, 16: 1, 66: 1, 54: 1, 69: 1, 46: 1, 44: 1, 28: 1, 21: 1, 64: 1, 7: 1, 65: 1, 32: 1, 68: 1, 6: 1, 4: 1, 70: 1}","[8274, 1156, 7684, 5164, 8250, 3012, 4355, 3707, 6362, 1536, 3819, 2077, 624, 2932, 5666, 2290, 1429, 66, 1699, 8781]",131,20,3,False
902,supported cards and currencies,supported,54,True,True,False,"{51: 1, 45: 2, 30: 1, 16: 1, 66: 1, 54: 1, 69: 1, 46: 1, 44: 1, 28: 1, 21: 1, 64: 1, 7: 1, 65: 1, 32: 1, 68: 1, 6: 1, 4: 1, 70: 1}","[8274, 1156, 7684, 5164, 8250, 3012, 4355, 3707, 6362, 1536, 3819, 2077, 624, 2932, 5666, 2290, 1429, 66, 1699, 8781]",902,20,3,False
2243,get physical card,receiving,50,False,False,False,"{51: 1, 45: 2, 30: 1, 16: 1, 66: 1, 54: 1, 69: 1, 46: 1, 44: 1, 28: 1, 21: 1, 64: 1, 7: 1, 65: 1, 32: 1, 68: 1, 6: 1, 4: 1, 70: 1}","[8274, 1156, 7684, 5164, 8250, 3012, 4355, 3707, 6362, 1536, 3819, 2077, 624, 2932, 5666, 2290, 1429, 66, 1699, 8781]",2243,20,3,False
2494,card delivery estimate,order,43,False,False,False,"{51: 1, 45: 2, 30: 1, 16: 1, 66: 1, 54: 1, 69: 1, 46: 1, 44: 1, 28: 1, 21: 1, 64: 1, 7: 1, 65: 1, 32: 1, 68: 1, 6: 1, 4: 1, 70: 1}","[8274, 1156, 7684, 5164, 8250, 3012, 4355, 3707, 6362, 1536, 3819, 2077, 624, 2932, 5666, 2290, 1429, 66, 1699, 8781]",2494,20,3,False
2705,transfer not received by recipient,balance not updated after bank,5,False,False,False,"{51: 1, 45: 2, 30: 1, 16: 1, 66: 1, 54: 1, 69: 1, 46: 1, 44: 1, 28: 1, 21: 1, 64: 1, 7: 1, 65: 1, 32: 1, 68: 1, 6: 1, 4: 1, 70: 1}","[8274, 1156, 7684, 5164, 8250, 3012, 4355, 3707, 6362, 1536, 3819, 2077, 624, 2932, 5666, 2290, 1429, 66, 1699, 8781]",2705,20,3,False
592,contactless not working,contact,23,False,True,False,"{51: 1, 45: 2, 30: 1, 16: 1, 66: 1, 54: 1, 69: 1, 46: 1, 44: 1, 28: 1, 21: 1, 64: 1, 7: 1, 65: 1, 32: 1, 68: 1, 6: 1, 4: 1, 70: 1}","[8274, 1156, 7684, 5164, 8250, 3012, 4355, 3707, 6362, 1536, 3819, 2077, 624, 2932, 5666, 2290, 1429, 66, 1699, 8781]",592,20,3,False
2386,verify top up,verify top,71,False,True,False,"{51: 1, 45: 2, 30: 1, 16: 1, 66: 1, 54: 1, 69: 1, 46: 1, 44: 1, 28: 1, 21: 1, 64: 1, 7: 1, 65: 1, 32: 1, 68: 1, 6: 1, 4: 1, 70: 1}","[8274, 1156, 7684, 5164, 8250, 3012, 4355, 3707, 6362, 1536, 3819, 2077, 624, 2932, 5666, 2290, 1429, 66, 1699, 8781]",2386,20,3,False
2800,card payment fee charged,top up by card,57,False,False,False,"{51: 1, 45: 2, 30: 1, 16: 1, 66: 1, 54: 1, 69: 1, 46: 1, 44: 1, 28: 1, 21: 1, 64: 1, 7: 1, 65: 1, 32: 1, 68: 1, 6: 1, 4: 1, 70: 1}","[8274, 1156, 7684, 5164, 8250, 3012, 4355, 3707, 6362, 1536, 3819, 2077, 624, 2932, 5666, 2290, 1429, 66, 1699, 8781]",2800,20,3,False
949,virtual card not working,getting virtual,40,False,False,False,"{51: 1, 45: 2, 30: 1, 16: 1, 66: 1, 54: 1, 69: 1, 46: 1, 44: 1, 28: 1, 21: 1, 64: 1, 7: 1, 65: 1, 32: 1, 68: 1, 6: 1, 4: 1, 70: 1}","[8274, 1156, 7684, 5164, 8250, 3012, 4355, 3707, 6362, 1536, 3819, 2077, 624, 2932, 5666, 2290, 1429, 66, 1699, 8781]",949,20,3,False
448,card payment not recognised,lost or stolen card,41,False,False,False,"{51: 1, 45: 2, 30: 1, 16: 1, 66: 1, 54: 1, 69: 1, 46: 1, 44: 1, 28: 1, 21: 1, 64: 1, 7: 1, 65: 1, 32: 1, 68: 1, 6: 1, 4: 1, 70: 1}","[8274, 1156, 7684, 5164, 8250, 3012, 4355, 3707, 6362, 1536, 3819, 2077, 624, 2932, 5666, 2290, 1429, 66, 1699, 8781]",448,20,3,False
18,card delivery estimate,card arrival,11,False,False,False,"{51: 1, 45: 2, 30: 1, 16: 1, 66: 1, 54: 1, 69: 1, 46: 1, 44: 1, 28: 1, 21: 1, 64: 1, 7: 1, 65: 1, 32: 1, 68: 1, 6: 1, 4: 1, 70: 1}","[8274, 1156, 7684, 5164, 8250, 3012, 4355, 3707, 6362, 1536, 3819, 2077, 624, 2932, 5666, 2290, 1429, 66, 1699, 8781]",18,20,3,False
1348,top up by bank transfer charge,to,62,False,False,False,"{51: 1, 45: 2, 30: 1, 16: 1, 66: 1, 54: 1, 69: 1, 46: 1, 44: 1, 28: 1, 21: 1, 64: 1, 7: 1, 65: 1, 32: 1, 68: 1, 6: 1, 4: 1, 70: 1}","[8274, 1156, 7684, 5164, 8250, 3012, 4355, 3707, 6362, 1536, 3819, 2077, 624, 2932, 5666, 2290, 1429, 66, 1699, 8781]",1348,20,3,False
825,card payment fee charged,card payment fee,15,False,True,False,"{51: 1, 45: 2, 30: 1, 16: 1, 66: 1, 54: 1, 69: 1, 46: 1, 44: 1, 28: 1, 21: 1, 64: 1, 7: 1, 65: 1, 32: 1, 68: 1, 6: 1, 4: 1, 70: 1}","[8274, 1156, 7684, 5164, 8250, 3012, 4355, 3707, 6362, 1536, 3819, 2077, 624, 2932, 5666, 2290, 1429, 66, 1699, 8781]",825,20,3,False
362,card not working,card not,14,False,True,False,"{51: 1, 45: 2, 30: 1, 16: 1, 66: 1, 54: 1, 69: 1, 46: 1, 44: 1, 28: 1, 21: 1, 64: 1, 7: 1, 65: 1, 32: 1, 68: 1, 6: 1, 4: 1, 70: 1}","[8274, 1156, 7684, 5164, 8250, 3012, 4355, 3707, 6362, 1536, 3819, 2077, 624, 2932, 5666, 2290, 1429, 66, 1699, 8781]",362,20,3,False
1828,card payment not recognised,declined card,25,False,False,False,"{51: 1, 45: 2, 30: 1, 16: 1, 66: 1, 54: 1, 69: 1, 46: 1, 44: 1, 28: 1, 21: 1, 64: 1, 7: 1, 65: 1, 32: 1, 68: 1, 6: 1, 4: 1, 70: 1}","[8274, 1156, 7684, 5164, 8250, 3012, 4355, 3707, 6362, 1536, 3819, 2077, 624, 2932, 5666, 2290, 1429, 66, 1699, 8781]",1828,20,3,False
1554,passcode forgotten,pass,44,True,True,False,"{51: 1, 45: 2, 30: 1, 16: 1, 66: 1, 54: 1, 69: 1, 46: 1, 44: 1, 28: 1, 21: 1, 64: 1, 7: 1, 65: 1, 32: 1, 68: 1, 6: 1, 4: 1, 70: 1}","[8274, 1156, 7684, 5164, 8250, 3012, 4355, 3707, 6362, 1536, 3819, 2077, 624, 2932, 5666, 2290, 1429, 66, 1699, 8781]",1554,20,3,False
2568,wrong exchange rate for cash withdrawal,wrong exchange,76,False,True,False,"{51: 1, 45: 2, 30: 1, 16: 1, 66: 1, 54: 1, 69: 1, 46: 1, 44: 1, 28: 1, 21: 1, 64: 1, 7: 1, 65: 1, 32: 1, 68: 1, 6: 1, 4: 1, 70: 1}","[8274, 1156, 7684, 5164, 8250, 3012, 4355, 3707, 6362, 1536, 3819, 2077, 624, 2932, 5666, 2290, 1429, 66, 1699, 8781]",2568,20,3,False
385,card not working,card not,14,False,True,False,"{51: 1, 45: 2, 30: 1, 16: 1, 66: 1, 54: 1, 69: 1, 46: 1, 44: 1, 28: 1, 21: 1, 64: 1, 7: 1, 65: 1, 32: 1, 68: 1, 6: 1, 4: 1, 70: 1}","[8274, 1156, 7684, 5164, 8250, 3012, 4355, 3707, 6362, 1536, 3819, 2077, 624, 2932, 5666, 2290, 1429, 66, 1699, 8781]",385,20,3,False
2911,cash withdrawal charge,cash withdrawal charge,19,False,True,False,"{51: 1, 45: 2, 30: 1, 16: 1, 66: 1, 54: 1, 69: 1, 46: 1, 44: 1, 28: 1, 21: 1, 64: 1, 7: 1, 65: 1, 32: 1, 68: 1, 6: 1, 4: 1, 70: 1}","[8274, 1156, 7684, 5164, 8250, 3012, 4355, 3707, 6362, 1536, 3819, 2077, 624, 2932, 5666, 2290, 1429, 66, 1699, 8781]",2911,20,3,False
2305,transfer not received by recipient,failed,35,False,False,False,"{51: 1, 45: 2, 30: 1, 16: 1, 66: 1, 54: 1, 69: 1, 46: 1, 44: 1, 28: 1, 21: 1, 64: 1, 7: 1, 65: 1, 32: 1, 68: 1, 6: 1, 4: 1, 70: 1}","[8274, 1156, 7684, 5164, 8250, 3012, 4355, 3707, 6362, 1536, 3819, 2077, 624, 2932, 5666, 2290, 1429, 66, 1699, 8781]",2305,20,3,False
2467,cash withdrawal not recognised,top up by cash,58,False,False,False,"{51: 1, 45: 2, 30: 1, 16: 1, 66: 1, 54: 1, 69: 1, 46: 1, 44: 1, 28: 1, 21: 1, 64: 1, 7: 1, 65: 1, 32: 1, 68: 1, 6: 1, 4: 1, 70: 1}","[8274, 1156, 7684, 5164, 8250, 3012, 4355, 3707, 6362, 1536, 3819, 2077, 624, 2932, 5666, 2290, 1429, 66, 1699, 8781]",2467,20,3,False
1252,pin blocked,get physical,38,False,False,False,"{51: 1, 45: 2, 30: 1, 16: 1, 66: 1, 54: 1, 69: 1, 46: 1, 44: 1, 28: 1, 21: 1, 64: 1, 7: 1, 65: 1, 32: 1, 68: 1, 6: 1, 4: 1, 70: 1}","[8274, 1156, 7684, 5164, 8250, 3012, 4355, 3707, 6362, 1536, 3819, 2077, 624, 2932, 5666, 2290, 1429, 66, 1699, 8781]",1252,20,3,False
2104,card payment not recognised,re,53,False,False,False,"{51: 1, 45: 2, 30: 1, 16: 1, 66: 1, 54: 1, 69: 1, 46: 1, 44: 1, 28: 1, 21: 1, 64: 1, 7: 1, 65: 1, 32: 1, 68: 1, 6: 1, 4: 1, 70: 1}","[8274, 1156, 7684, 5164, 8250, 3012, 4355, 3707, 6362, 1536, 3819, 2077, 624, 2932, 5666, 2290, 1429, 66, 1699, 8781]",2104,20,3,False
2316,transfer not received by recipient,failed,35,False,False,False,"{51: 1, 45: 2, 30: 1, 16: 1, 66: 1, 54: 1, 69: 1, 46: 1, 44: 1, 28: 1, 21: 1, 64: 1, 7: 1, 65: 1, 32: 1, 68: 1, 6: 1, 4: 1, 70: 1}","[8274, 1156, 7684, 5164, 8250, 3012, 4355, 3707, 6362, 1536, 3819, 2077, 624, 2932, 5666, 2290, 1429, 66, 1699, 8781]",2316,20,3,False
1595,cash withdrawal not recognised,declined cash,26,False,False,False,"{51: 1, 45: 2, 30: 1, 16: 1, 66: 1, 54: 1, 69: 1, 46: 1, 44: 1, 28: 1, 21: 1, 64: 1, 7: 1, 65: 1, 32: 1, 68: 1, 6: 1, 4: 1, 70: 1}","[8274, 1156, 7684, 5164, 8250, 3012, 4355, 3707, 6362, 1536, 3819, 2077, 624, 2932, 5666, 2290, 1429, 66, 1699, 8781]",1595,20,3,False
1673,lost or stolen phone,lost or stolen phone,42,False,True,False,"{51: 1, 45: 2, 30: 1, 16: 1, 66: 1, 54: 1, 69: 1, 46: 1, 44: 1, 28: 1, 21: 1, 64: 1, 7: 1, 65: 1, 32: 1, 68: 1, 6: 1, 4: 1, 70: 1}","[8274, 1156, 7684, 5164, 8250, 3012, 4355, 3707, 6362, 1536, 3819, 2077, 624, 2932, 5666, 2290, 1429, 66, 1699, 8781]",1673,20,3,False
1856,pending transfer,pending transfer,48,False,True,False,"{51: 1, 45: 2, 30: 1, 16: 1, 66: 1, 54: 1, 69: 1, 46: 1, 44: 1, 28: 1, 21: 1, 64: 1, 7: 1, 65: 1, 32: 1, 68: 1, 6: 1, 4: 1, 70: 1}","[8274, 1156, 7684, 5164, 8250, 3012, 4355, 3707, 6362, 1536, 3819, 2077, 624, 2932, 5666, 2290, 1429, 66, 1699, 8781]",1856,20,3,False
2106,transaction charged twice,re,53,False,False,False,"{51: 1, 45: 2, 30: 1, 16: 1, 66: 1, 54: 1, 69: 1, 46: 1, 44: 1, 28: 1, 21: 1, 64: 1, 7: 1, 65: 1, 32: 1, 68: 1, 6: 1, 4: 1, 70: 1}","[8274, 1156, 7684, 5164, 8250, 3012, 4355, 3707, 6362, 1536, 3819, 2077, 624, 2932, 5666, 2290, 1429, 66, 1699, 8781]",2106,20,3,False
2527,virtual card not working,virtual,72,False,True,False,"{51: 1, 45: 2, 30: 1, 16: 1, 66: 1, 54: 1, 69: 1, 46: 1, 44: 1, 28: 1, 21: 1, 64: 1, 7: 1, 65: 1, 32: 1, 68: 1, 6: 1, 4: 1, 70: 1}","[8274, 1156, 7684, 5164, 8250, 3012, 4355, 3707, 6362, 1536, 3819, 2077, 624, 2932, 5666, 2290, 1429, 66, 1699, 8781]",2527,20,3,False
2602,virtual card not working,get dispos,37,False,False,False,"{51: 1, 45: 2, 30: 1, 16: 1, 66: 1, 54: 1, 69: 1, 46: 1, 44: 1, 28: 1, 21: 1, 64: 1, 7: 1, 65: 1, 32: 1, 68: 1, 6: 1, 4: 1, 70: 1}","[8274, 1156, 7684, 5164, 8250, 3012, 4355, 3707, 6362, 1536, 3819, 2077, 624, 2932, 5666, 2290, 1429, 66, 1699, 8781]",2602,20,3,False
1522,passcode forgotten,pass,44,True,True,False,"{51: 1, 45: 2, 30: 1, 16: 1, 66: 1, 54: 1, 69: 1, 46: 1, 44: 1, 28: 1, 21: 1, 64: 1, 7: 1, 65: 1, 32: 1, 68: 1, 6: 1, 4: 1, 70: 1}","[8274, 1156, 7684, 5164, 8250, 3012, 4355, 3707, 6362, 1536, 3819, 2077, 624, 2932, 5666, 2290, 1429, 66, 1699, 8781]",1522,20,3,False
2713,transfer not received by recipient,balance not updated after bank,5,False,False,False,"{51: 1, 45: 2, 30: 1, 16: 1, 66: 1, 54: 1, 69: 1, 46: 1, 44: 1, 28: 1, 21: 1, 64: 1, 7: 1, 65: 1, 32: 1, 68: 1, 6: 1, 4: 1, 70: 1}","[8274, 1156, 7684, 5164, 8250, 3012, 4355, 3707, 6362, 1536, 3819, 2077, 624, 2932, 5666, 2290, 1429, 66, 1699, 8781]",2713,20,3,False
2519,request refund,order,43,False,False,False,"{51: 1, 45: 2, 30: 1, 16: 1, 66: 1, 54: 1, 69: 1, 46: 1, 44: 1, 28: 1, 21: 1, 64: 1, 7: 1, 65: 1, 32: 1, 68: 1, 6: 1, 4: 1, 70: 1}","[8274, 1156, 7684, 5164, 8250, 3012, 4355, 3707, 6362, 1536, 3819, 2077, 624, 2932, 5666, 2290, 1429, 66, 1699, 8781]",2519,20,3,False
2504,request refund,order,43,False,False,False,"{51: 1, 45: 2, 30: 1, 16: 1, 66: 1, 54: 1, 69: 1, 46: 1, 44: 1, 28: 1, 21: 1, 64: 1, 7: 1, 65: 1, 32: 1, 68: 1, 6: 1, 4: 1, 70: 1}","[8274, 1156, 7684, 5164, 8250, 3012, 4355, 3707, 6362, 1536, 3819, 2077, 624, 2932, 5666, 2290, 1429, 66, 1699, 8781]",2504,20,3,False
538,card not working,pin,49,False,False,False,"{51: 1, 45: 2, 30: 1, 16: 1, 66: 1, 54: 1, 69: 1, 46: 1, 44: 1, 28: 1, 21: 1, 64: 1, 7: 1, 65: 1, 32: 1, 68: 1, 6: 1, 4: 1, 70: 1}","[8274, 1156, 7684, 5164, 8250, 3012, 4355, 3707, 6362, 1536, 3819, 2077, 624, 2932, 5666, 2290, 1429, 66, 1699, 8781]",538,20,3,False
1635,pending card payment,pending card,45,True,True,False,"{51: 1, 45: 2, 30: 1, 16: 1, 66: 1, 54: 1, 69: 1, 46: 1, 44: 1, 28: 1, 21: 1, 64: 1, 7: 1, 65: 1, 32: 1, 68: 1, 6: 1, 4: 1, 70: 1}","[8274, 1156, 7684, 5164, 8250, 3012, 4355, 3707, 6362, 1536, 3819, 2077, 624, 2932, 5666, 2290, 1429, 66, 1699, 8781]",1635,20,3,False
2383,verify top up,verify top,71,False,True,False,"{51: 1, 45: 2, 30: 1, 16: 1, 66: 1, 54: 1, 69: 1, 46: 1, 44: 1, 28: 1, 21: 1, 64: 1, 7: 1, 65: 1, 32: 1, 68: 1, 6: 1, 4: 1, 70: 1}","[8274, 1156, 7684, 5164, 8250, 3012, 4355, 3707, 6362, 1536, 3819, 2077, 624, 2932, 5666, 2290, 1429, 66, 1699, 8781]",2383,20,3,False
1544,passcode forgotten,pass,44,True,True,False,"{51: 1, 45: 2, 30: 1, 16: 1, 66: 1, 54: 1, 69: 1, 46: 1, 44: 1, 28: 1, 21: 1, 64: 1, 7: 1, 65: 1, 32: 1, 68: 1, 6: 1, 4: 1, 70: 1}","[8274, 1156, 7684, 5164, 8250, 3012, 4355, 3707, 6362, 1536, 3819, 2077, 624, 2932, 5666, 2290, 1429, 66, 1699, 8781]",1544,20,3,False
1883,request refund,term,55,False,False,False,"{51: 1, 45: 2, 30: 1, 16: 1, 66: 1, 54: 1, 69: 1, 46: 1, 44: 1, 28: 1, 21: 1, 64: 1, 7: 1, 65: 1, 32: 1, 68: 1, 6: 1, 4: 1, 70: 1}","[8274, 1156, 7684, 5164, 8250, 3012, 4355, 3707, 6362, 1536, 3819, 2077, 624, 2932, 5666, 2290, 1429, 66, 1699, 8781]",1883,20,3,False
2493,get physical card,order,43,False,False,False,"{51: 1, 45: 2, 30: 1, 16: 1, 66: 1, 54: 1, 69: 1, 46: 1, 44: 1, 28: 1, 21: 1, 64: 1, 7: 1, 65: 1, 32: 1, 68: 1, 6: 1, 4: 1, 70: 1}","[8274, 1156, 7684, 5164, 8250, 3012, 4355, 3707, 6362, 1536, 3819, 2077, 624, 2932, 5666, 2290, 1429, 66, 1699, 8781]",2493,20,3,False
1877,transfer not received by recipient,pending transfer,48,False,False,False,"{51: 1, 45: 2, 30: 1, 16: 1, 66: 1, 54: 1, 69: 1, 46: 1, 44: 1, 28: 1, 21: 1, 64: 1, 7: 1, 65: 1, 32: 1, 68: 1, 6: 1, 4: 1, 70: 1}","[8274, 1156, 7684, 5164, 8250, 3012, 4355, 3707, 6362, 1536, 3819, 2077, 624, 2932, 5666, 2290, 1429, 66, 1699, 8781]",1877,20,3,False
2998,apple pay or google pay,apple,2,False,True,False,"{51: 1, 45: 2, 30: 1, 16: 1, 66: 1, 54: 1, 69: 1, 46: 1, 44: 1, 28: 1, 21: 1, 64: 1, 7: 1, 65: 1, 32: 1, 68: 1, 6: 1, 4: 1, 70: 1}","[8274, 1156, 7684, 5164, 8250, 3012, 4355, 3707, 6362, 1536, 3819, 2077, 624, 2932, 5666, 2290, 1429, 66, 1699, 8781]",2998,20,3,False
1717,request refund,request,52,False,True,False,"{51: 1, 45: 2, 30: 1, 16: 1, 66: 1, 54: 1, 69: 1, 46: 1, 44: 1, 28: 1, 21: 1, 64: 1, 7: 1, 65: 1, 32: 1, 68: 1, 6: 1, 4: 1, 70: 1}","[8274, 1156, 7684, 5164, 8250, 3012, 4355, 3707, 6362, 1536, 3819, 2077, 624, 2932, 5666, 2290, 1429, 66, 1699, 8781]",1717,20,3,False
1372,disposable card limits,dispos,29,False,True,False,"{51: 1, 45: 2, 30: 1, 16: 1, 66: 1, 54: 1, 69: 1, 46: 1, 44: 1, 28: 1, 21: 1, 64: 1, 7: 1, 65: 1, 32: 1, 68: 1, 6: 1, 4: 1, 70: 1}","[8274, 1156, 7684, 5164, 8250, 3012, 4355, 3707, 6362, 1536, 3819, 2077, 624, 2932, 5666, 2290, 1429, 66, 1699, 8781]",1372,20,3,False
1671,lost or stolen phone,lost or stolen phone,42,False,True,False,"{51: 1, 45: 2, 30: 1, 16: 1, 66: 1, 54: 1, 69: 1, 46: 1, 44: 1, 28: 1, 21: 1, 64: 1, 7: 1, 65: 1, 32: 1, 68: 1, 6: 1, 4: 1, 70: 1}","[8274, 1156, 7684, 5164, 8250, 3012, 4355, 3707, 6362, 1536, 3819, 2077, 624, 2932, 5666, 2290, 1429, 66, 1699, 8781]",1671,20,3,False
1793,Refund not showing up,Ref,51,True,True,False,"{51: 1, 45: 2, 30: 1, 16: 1, 66: 1, 54: 1, 69: 1, 46: 1, 44: 1, 28: 1, 21: 1, 64: 1, 7: 1, 65: 1, 32: 1, 68: 1, 6: 1, 4: 1, 70: 1}","[8274, 1156, 7684, 5164, 8250, 3012, 4355, 3707, 6362, 1536, 3819, 2077, 624, 2932, 5666, 2290, 1429, 66, 1699, 8781]",1793,20,3,False
469,card not working,lost or stolen card,41,False,False,False,"{51: 1, 45: 2, 30: 1, 16: 1, 66: 1, 54: 1, 69: 1, 46: 1, 44: 1, 28: 1, 21: 1, 64: 1, 7: 1, 65: 1, 32: 1, 68: 1, 6: 1, 4: 1, 70: 1}","[8274, 1156, 7684, 5164, 8250, 3012, 4355, 3707, 6362, 1536, 3819, 2077, 624, 2932, 5666, 2290, 1429, 66, 1699, 8781]",469,20,3,False
2324,transfer not received by recipient,transfer into,65,True,False,False,"{51: 1, 45: 2, 30: 1, 16: 1, 66: 1, 54: 1, 69: 1, 46: 1, 44: 1, 28: 1, 21: 1, 64: 1, 7: 1, 65: 1, 32: 1, 68: 1, 6: 1, 4: 1, 70: 1}","[8274, 1156, 7684, 5164, 8250, 3012, 4355, 3707, 6362, 1536, 3819, 2077, 624, 2932, 5666, 2290, 1429, 66, 1699, 8781]",2324,20,3,False
2202,transfer fee charged,transfer fee,64,True,True,False,"{51: 1, 45: 2, 30: 1, 16: 1, 66: 1, 54: 1, 69: 1, 46: 1, 44: 1, 28: 1, 21: 1, 64: 1, 7: 1, 65: 1, 32: 1, 68: 1, 6: 1, 4: 1, 70: 1}","[8274, 1156, 7684, 5164, 8250, 3012, 4355, 3707, 6362, 1536, 3819, 2077, 624, 2932, 5666, 2290, 1429, 66, 1699, 8781]",2202,20,3,False
1383,disposable card limits,dispos,29,False,True,False,"{51: 1, 45: 2, 30: 1, 16: 1, 66: 1, 54: 1, 69: 1, 46: 1, 44: 1, 28: 1, 21: 1, 64: 1, 7: 1, 65: 1, 32: 1, 68: 1, 6: 1, 4: 1, 70: 1}","[8274, 1156, 7684, 5164, 8250, 3012, 4355, 3707, 6362, 1536, 3819, 2077, 624, 2932, 5666, 2290, 1429, 66, 1699, 8781]",1383,20,3,False
2333,transfer into account,transfer into,65,True,True,False,"{51: 1, 45: 2, 30: 1, 16: 1, 66: 1, 54: 1, 69: 1, 46: 1, 44: 1, 28: 1, 21: 1, 64: 1, 7: 1, 65: 1, 32: 1, 68: 1, 6: 1, 4: 1, 70: 1}","[8274, 1156, 7684, 5164, 8250, 3012, 4355, 3707, 6362, 1536, 3819, 2077, 624, 2932, 5666, 2290, 1429, 66, 1699, 8781]",2333,20,3,False
2642,top up failed,top up failed,59,False,True,False,"{51: 1, 45: 2, 30: 1, 16: 1, 66: 1, 54: 1, 69: 1, 46: 1, 44: 1, 28: 1, 21: 1, 64: 1, 7: 1, 65: 1, 32: 1, 68: 1, 6: 1, 4: 1, 70: 1}","[8274, 1156, 7684, 5164, 8250, 3012, 4355, 3707, 6362, 1536, 3819, 2077, 624, 2932, 5666, 2290, 1429, 66, 1699, 8781]",2642,20,3,False
2726,cash withdrawal not recognised,cash withdrawal not,20,False,True,False,"{51: 1, 45: 2, 30: 1, 16: 1, 66: 1, 54: 1, 69: 1, 46: 1, 44: 1, 28: 1, 21: 1, 64: 1, 7: 1, 65: 1, 32: 1, 68: 1, 6: 1, 4: 1, 70: 1}","[8274, 1156, 7684, 5164, 8250, 3012, 4355, 3707, 6362, 1536, 3819, 2077, 624, 2932, 5666, 2290, 1429, 66, 1699, 8781]",2726,20,3,False
227,card payment not recognised,pending cash,46,True,False,False,"{51: 1, 45: 2, 30: 1, 16: 1, 66: 1, 54: 1, 69: 1, 46: 1, 44: 1, 28: 1, 21: 1, 64: 1, 7: 1, 65: 1, 32: 1, 68: 1, 6: 1, 4: 1, 70: 1}","[8274, 1156, 7684, 5164, 8250, 3012, 4355, 3707, 6362, 1536, 3819, 2077, 624, 2932, 5666, 2290, 1429, 66, 1699, 8781]",227,20,3,False
749,card payment fee charged,top up limits,60,False,False,False,"{51: 1, 45: 2, 30: 1, 16: 1, 66: 1, 54: 1, 69: 1, 46: 1, 44: 1, 28: 1, 21: 1, 64: 1, 7: 1, 65: 1, 32: 1, 68: 1, 6: 1, 4: 1, 70: 1}","[8274, 1156, 7684, 5164, 8250, 3012, 4355, 3707, 6362, 1536, 3819, 2077, 624, 2932, 5666, 2290, 1429, 66, 1699, 8781]",749,20,3,False
400,exchange rate,exchange via,33,False,False,True,"{51: 1, 45: 2, 30: 1, 16: 1, 66: 1, 54: 1, 69: 1, 46: 1, 44: 1, 28: 1, 21: 1, 64: 1, 7: 1, 65: 1, 32: 1, 68: 1, 6: 1, 4: 1, 70: 1}","[8274, 1156, 7684, 5164, 8250, 3012, 4355, 3707, 6362, 1536, 3819, 2077, 624, 2932, 5666, 2290, 1429, 66, 1699, 8781]",400,20,3,False
2711,transfer not received by recipient,balance not updated after bank,5,False,False,False,"{51: 1, 45: 2, 30: 1, 16: 1, 66: 1, 54: 1, 69: 1, 46: 1, 44: 1, 28: 1, 21: 1, 64: 1, 7: 1, 65: 1, 32: 1, 68: 1, 6: 1, 4: 1, 70: 1}","[8274, 1156, 7684, 5164, 8250, 3012, 4355, 3707, 6362, 1536, 3819, 2077, 624, 2932, 5666, 2290, 1429, 66, 1699, 8781]",2711,20,3,False
59,card not working,card link,13,False,False,False,"{51: 1, 45: 2, 30: 1, 16: 1, 66: 1, 54: 1, 69: 1, 46: 1, 44: 1, 28: 1, 21: 1, 64: 1, 7: 1, 65: 1, 32: 1, 68: 1, 6: 1, 4: 1, 70: 1}","[8274, 1156, 7684, 5164, 8250, 3012, 4355, 3707, 6362, 1536, 3819, 2077, 624, 2932, 5666, 2290, 1429, 66, 1699, 8781]",59,20,3,False
1304,visa or mastercard,visa,73,False,True,False,"{51: 1, 45: 2, 30: 1, 16: 1, 66: 1, 54: 1, 69: 1, 46: 1, 44: 1, 28: 1, 21: 1, 64: 1, 7: 1, 65: 1, 32: 1, 68: 1, 6: 1, 4: 1, 70: 1}","[8274, 1156, 7684, 5164, 8250, 3012, 4355, 3707, 6362, 1536, 3819, 2077, 624, 2932, 5666, 2290, 1429, 66, 1699, 8781]",1304,20,3,False
1474,card acceptance,atm,3,False,False,False,"{51: 1, 45: 2, 30: 1, 16: 1, 66: 1, 54: 1, 69: 1, 46: 1, 44: 1, 28: 1, 21: 1, 64: 1, 7: 1, 65: 1, 32: 1, 68: 1, 6: 1, 4: 1, 70: 1}","[8274, 1156, 7684, 5164, 8250, 3012, 4355, 3707, 6362, 1536, 3819, 2077, 624, 2932, 5666, 2290, 1429, 66, 1699, 8781]",1474,20,3,False
2570,wrong exchange rate for cash withdrawal,wrong exchange,76,False,True,False,"{51: 1, 45: 2, 30: 1, 16: 1, 66: 1, 54: 1, 69: 1, 46: 1, 44: 1, 28: 1, 21: 1, 64: 1, 7: 1, 65: 1, 32: 1, 68: 1, 6: 1, 4: 1, 70: 1}","[8274, 1156, 7684, 5164, 8250, 3012, 4355, 3707, 6362, 1536, 3819, 2077, 624, 2932, 5666, 2290, 1429, 66, 1699, 8781]",2570,20,3,False
1539,passcode forgotten,pass,44,True,True,False,"{51: 1, 45: 2, 30: 1, 16: 1, 66: 1, 54: 1, 69: 1, 46: 1, 44: 1, 28: 1, 21: 1, 64: 1, 7: 1, 65: 1, 32: 1, 68: 1, 6: 1, 4: 1, 70: 1}","[8274, 1156, 7684, 5164, 8250, 3012, 4355, 3707, 6362, 1536, 3819, 2077, 624, 2932, 5666, 2290, 1429, 66, 1699, 8781]",1539,20,3,False
2302,transfer not received by recipient,failed,35,False,False,False,"{51: 1, 45: 2, 30: 1, 16: 1, 66: 1, 54: 1, 69: 1, 46: 1, 44: 1, 28: 1, 21: 1, 64: 1, 7: 1, 65: 1, 32: 1, 68: 1, 6: 1, 4: 1, 70: 1}","[8274, 1156, 7684, 5164, 8250, 3012, 4355, 3707, 6362, 1536, 3819, 2077, 624, 2932, 5666, 2290, 1429, 66, 1699, 8781]",2302,20,3,False
305,request refund,card delivery,12,False,False,False,"{51: 1, 45: 2, 30: 1, 16: 1, 66: 1, 54: 1, 69: 1, 46: 1, 44: 1, 28: 1, 21: 1, 64: 1, 7: 1, 65: 1, 32: 1, 68: 1, 6: 1, 4: 1, 70: 1}","[8274, 1156, 7684, 5164, 8250, 3012, 4355, 3707, 6362, 1536, 3819, 2077, 624, 2932, 5666, 2290, 1429, 66, 1699, 8781]",305,20,3,False
713,change pin,cancel,8,False,False,False,"{51: 1, 45: 2, 30: 1, 16: 1, 66: 1, 54: 1, 69: 1, 46: 1, 44: 1, 28: 1, 21: 1, 64: 1, 7: 1, 65: 1, 32: 1, 68: 1, 6: 1, 4: 1, 70: 1}","[8274, 1156, 7684, 5164, 8250, 3012, 4355, 3707, 6362, 1536, 3819, 2077, 624, 2932, 5666, 2290, 1429, 66, 1699, 8781]",713,20,3,False
1398,disposable card limits,dispos,29,False,True,False,"{51: 1, 45: 2, 30: 1, 16: 1, 66: 1, 54: 1, 69: 1, 46: 1, 44: 1, 28: 1, 21: 1, 64: 1, 7: 1, 65: 1, 32: 1, 68: 1, 6: 1, 4: 1, 70: 1}","[8274, 1156, 7684, 5164, 8250, 3012, 4355, 3707, 6362, 1536, 3819, 2077, 624, 2932, 5666, 2290, 1429, 66, 1699, 8781]",1398,20,3,False
1241,pin blocked,get physical,38,False,False,False,"{51: 1, 45: 2, 30: 1, 16: 1, 66: 1, 54: 1, 69: 1, 46: 1, 44: 1, 28: 1, 21: 1, 64: 1, 7: 1, 65: 1, 32: 1, 68: 1, 6: 1, 4: 1, 70: 1}","[8274, 1156, 7684, 5164, 8250, 3012, 4355, 3707, 6362, 1536, 3819, 2077, 624, 2932, 5666, 2290, 1429, 66, 1699, 8781]",1241,20,3,False
271,exchange rate,fi,36,False,False,True,"{51: 1, 45: 2, 30: 1, 16: 1, 66: 1, 54: 1, 69: 1, 46: 1, 44: 1, 28: 1, 21: 1, 64: 1, 7: 1, 65: 1, 32: 1, 68: 1, 6: 1, 4: 1, 70: 1}","[8274, 1156, 7684, 5164, 8250, 3012, 4355, 3707, 6362, 1536, 3819, 2077, 624, 2932, 5666, 2290, 1429, 66, 1699, 8781]",271,20,3,False
1025,failed transfer,top up re,61,False,False,False,"{51: 1, 45: 2, 30: 1, 16: 1, 66: 1, 54: 1, 69: 1, 46: 1, 44: 1, 28: 1, 21: 1, 64: 1, 7: 1, 65: 1, 32: 1, 68: 1, 6: 1, 4: 1, 70: 1}","[8274, 1156, 7684, 5164, 8250, 3012, 4355, 3707, 6362, 1536, 3819, 2077, 624, 2932, 5666, 2290, 1429, 66, 1699, 8781]",1025,20,3,False
470,lost or stolen card,lost or stolen card,41,False,True,False,"{51: 1, 45: 2, 30: 1, 16: 1, 66: 1, 54: 1, 69: 1, 46: 1, 44: 1, 28: 1, 21: 1, 64: 1, 7: 1, 65: 1, 32: 1, 68: 1, 6: 1, 4: 1, 70: 1}","[8274, 1156, 7684, 5164, 8250, 3012, 4355, 3707, 6362, 1536, 3819, 2077, 624, 2932, 5666, 2290, 1429, 66, 1699, 8781]",470,20,3,False
2779,exchange rate,exchange charge,31,False,False,True,"{51: 1, 45: 2, 30: 1, 16: 1, 66: 1, 54: 1, 69: 1, 46: 1, 44: 1, 28: 1, 21: 1, 64: 1, 7: 1, 65: 1, 32: 1, 68: 1, 6: 1, 4: 1, 70: 1}","[8274, 1156, 7684, 5164, 8250, 3012, 4355, 3707, 6362, 1536, 3819, 2077, 624, 2932, 5666, 2290, 1429, 66, 1699, 8781]",2779,20,3,False
2417,card payment not recognised,getting spare,39,False,False,False,"{51: 1, 45: 2, 30: 1, 16: 1, 66: 1, 54: 1, 69: 1, 46: 1, 44: 1, 28: 1, 21: 1, 64: 1, 7: 1, 65: 1, 32: 1, 68: 1, 6: 1, 4: 1, 70: 1}","[8274, 1156, 7684, 5164, 8250, 3012, 4355, 3707, 6362, 1536, 3819, 2077, 624, 2932, 5666, 2290, 1429, 66, 1699, 8781]",2417,20,3,False
1887,request refund,term,55,False,False,False,"{51: 1, 45: 2, 30: 1, 16: 1, 66: 1, 54: 1, 69: 1, 46: 1, 44: 1, 28: 1, 21: 1, 64: 1, 7: 1, 65: 1, 32: 1, 68: 1, 6: 1, 4: 1, 70: 1}","[8274, 1156, 7684, 5164, 8250, 3012, 4355, 3707, 6362, 1536, 3819, 2077, 624, 2932, 5666, 2290, 1429, 66, 1699, 8781]",1887,20,3,False
1976,transaction charged twice,transaction,63,False,True,False,"{51: 1, 45: 2, 30: 1, 16: 1, 66: 1, 54: 1, 69: 1, 46: 1, 44: 1, 28: 1, 21: 1, 64: 1, 7: 1, 65: 1, 32: 1, 68: 1, 6: 1, 4: 1, 70: 1}","[8274, 1156, 7684, 5164, 8250, 3012, 4355, 3707, 6362, 1536, 3819, 2077, 624, 2932, 5666, 2290, 1429, 66, 1699, 8781]",1976,20,3,False
917,supported cards and currencies,supported,54,True,True,False,"{51: 1, 45: 2, 30: 1, 16: 1, 66: 1, 54: 1, 69: 1, 46: 1, 44: 1, 28: 1, 21: 1, 64: 1, 7: 1, 65: 1, 32: 1, 68: 1, 6: 1, 4: 1, 70: 1}","[8274, 1156, 7684, 5164, 8250, 3012, 4355, 3707, 6362, 1536, 3819, 2077, 624, 2932, 5666, 2290, 1429, 66, 1699, 8781]",917,20,3,False
2649,top up failed,top up failed,59,False,True,False,"{51: 1, 45: 2, 30: 1, 16: 1, 66: 1, 54: 1, 69: 1, 46: 1, 44: 1, 28: 1, 21: 1, 64: 1, 7: 1, 65: 1, 32: 1, 68: 1, 6: 1, 4: 1, 70: 1}","[8274, 1156, 7684, 5164, 8250, 3012, 4355, 3707, 6362, 1536, 3819, 2077, 624, 2932, 5666, 2290, 1429, 66, 1699, 8781]",2649,20,3,False
735,top up limits,top up limits,60,False,True,False,"{51: 1, 45: 2, 30: 1, 16: 1, 66: 1, 54: 1, 69: 1, 46: 1, 44: 1, 28: 1, 21: 1, 64: 1, 7: 1, 65: 1, 32: 1, 68: 1, 6: 1, 4: 1, 70: 1}","[8274, 1156, 7684, 5164, 8250, 3012, 4355, 3707, 6362, 1536, 3819, 2077, 624, 2932, 5666, 2290, 1429, 66, 1699, 8781]",735,20,3,False
2927,card delivery estimate,card about,9,False,False,False,"{51: 1, 45: 2, 30: 1, 16: 1, 66: 1, 54: 1, 69: 1, 46: 1, 44: 1, 28: 1, 21: 1, 64: 1, 7: 1, 65: 1, 32: 1, 68: 1, 6: 1, 4: 1, 70: 1}","[8274, 1156, 7684, 5164, 8250, 3012, 4355, 3707, 6362, 1536, 3819, 2077, 624, 2932, 5666, 2290, 1429, 66, 1699, 8781]",2927,20,3,False
1689,wrong amount of cash received,request,52,False,False,False,"{51: 1, 45: 2, 30: 1, 16: 1, 66: 1, 54: 1, 69: 1, 46: 1, 44: 1, 28: 1, 21: 1, 64: 1, 7: 1, 65: 1, 32: 1, 68: 1, 6: 1, 4: 1, 70: 1}","[8274, 1156, 7684, 5164, 8250, 3012, 4355, 3707, 6362, 1536, 3819, 2077, 624, 2932, 5666, 2290, 1429, 66, 1699, 8781]",1689,20,3,False
64,reverted card payment?,card link,13,False,False,False,"{51: 1, 45: 2, 30: 1, 16: 1, 66: 1, 54: 1, 69: 1, 46: 1, 44: 1, 28: 1, 21: 1, 64: 1, 7: 1, 65: 1, 32: 1, 68: 1, 6: 1, 4: 1, 70: 1}","[8274, 1156, 7684, 5164, 8250, 3012, 4355, 3707, 6362, 1536, 3819, 2077, 624, 2932, 5666, 2290, 1429, 66, 1699, 8781]",64,20,3,False
1568,unable to verify identity,declined cash,26,False,False,False,"{51: 1, 45: 2, 30: 1, 16: 1, 66: 1, 54: 1, 69: 1, 46: 1, 44: 1, 28: 1, 21: 1, 64: 1, 7: 1, 65: 1, 32: 1, 68: 1, 6: 1, 4: 1, 70: 1}","[8274, 1156, 7684, 5164, 8250, 3012, 4355, 3707, 6362, 1536, 3819, 2077, 624, 2932, 5666, 2290, 1429, 66, 1699, 8781]",1568,20,3,False
1391,virtual card not working,dispos,29,False,False,False,"{51: 1, 45: 2, 30: 1, 16: 1, 66: 1, 54: 1, 69: 1, 46: 1, 44: 1, 28: 1, 21: 1, 64: 1, 7: 1, 65: 1, 32: 1, 68: 1, 6: 1, 4: 1, 70: 1}","[8274, 1156, 7684, 5164, 8250, 3012, 4355, 3707, 6362, 1536, 3819, 2077, 624, 2932, 5666, 2290, 1429, 66, 1699, 8781]",1391,20,3,False
1744,transfer not received by recipient,declined transfer,27,False,False,False,"{51: 1, 45: 2, 30: 1, 16: 1, 66: 1, 54: 1, 69: 1, 46: 1, 44: 1, 28: 1, 21: 1, 64: 1, 7: 1, 65: 1, 32: 1, 68: 1, 6: 1, 4: 1, 70: 1}","[8274, 1156, 7684, 5164, 8250, 3012, 4355, 3707, 6362, 1536, 3819, 2077, 624, 2932, 5666, 2290, 1429, 66, 1699, 8781]",1744,20,3,False
2821,card payment fee charged,top up by card,57,False,False,False,"{51: 1, 45: 2, 30: 1, 16: 1, 66: 1, 54: 1, 69: 1, 46: 1, 44: 1, 28: 1, 21: 1, 64: 1, 7: 1, 65: 1, 32: 1, 68: 1, 6: 1, 4: 1, 70: 1}","[8274, 1156, 7684, 5164, 8250, 3012, 4355, 3707, 6362, 1536, 3819, 2077, 624, 2932, 5666, 2290, 1429, 66, 1699, 8781]",2821,20,3,False
1714,cancel transfer,request,52,False,False,False,"{51: 1, 45: 2, 30: 1, 16: 1, 66: 1, 54: 1, 69: 1, 46: 1, 44: 1, 28: 1, 21: 1, 64: 1, 7: 1, 65: 1, 32: 1, 68: 1, 6: 1, 4: 1, 70: 1}","[8274, 1156, 7684, 5164, 8250, 3012, 4355, 3707, 6362, 1536, 3819, 2077, 624, 2932, 5666, 2290, 1429, 66, 1699, 8781]",1714,20,3,False
2350,transfer into account,transfer into,65,True,True,False,"{51: 1, 45: 2, 30: 1, 16: 1, 66: 1, 54: 1, 69: 1, 46: 1, 44: 1, 28: 1, 21: 1, 64: 1, 7: 1, 65: 1, 32: 1, 68: 1, 6: 1, 4: 1, 70: 1}","[8274, 1156, 7684, 5164, 8250, 3012, 4355, 3707, 6362, 1536, 3819, 2077, 624, 2932, 5666, 2290, 1429, 66, 1699, 8781]",2350,20,3,False
1136,edit personal details,edit,30,True,True,False,"{51: 1, 45: 2, 30: 1, 16: 1, 66: 1, 54: 1, 69: 1, 46: 1, 44: 1, 28: 1, 21: 1, 64: 1, 7: 1, 65: 1, 32: 1, 68: 1, 6: 1, 4: 1, 70: 1}","[8274, 1156, 7684, 5164, 8250, 3012, 4355, 3707, 6362, 1536, 3819, 2077, 624, 2932, 5666, 2290, 1429, 66, 1699, 8781]",1136,20,3,False
2704,transfer not received by recipient,balance not updated after bank,5,False,False,False,"{51: 1, 45: 2, 30: 1, 16: 1, 66: 1, 54: 1, 69: 1, 46: 1, 44: 1, 28: 1, 21: 1, 64: 1, 7: 1, 65: 1, 32: 1, 68: 1, 6: 1, 4: 1, 70: 1}","[8274, 1156, 7684, 5164, 8250, 3012, 4355, 3707, 6362, 1536, 3819, 2077, 624, 2932, 5666, 2290, 1429, 66, 1699, 8781]",2704,20,3,False
1298,get physical card,visa,73,False,False,False,"{51: 1, 45: 2, 30: 1, 16: 1, 66: 1, 54: 1, 69: 1, 46: 1, 44: 1, 28: 1, 21: 1, 64: 1, 7: 1, 65: 1, 32: 1, 68: 1, 6: 1, 4: 1, 70: 1}","[8274, 1156, 7684, 5164, 8250, 3012, 4355, 3707, 6362, 1536, 3819, 2077, 624, 2932, 5666, 2290, 1429, 66, 1699, 8781]",1298,20,3,False
1586,cash withdrawal not recognised,declined cash,26,False,False,False,"{51: 1, 45: 2, 30: 1, 16: 1, 66: 1, 54: 1, 69: 1, 46: 1, 44: 1, 28: 1, 21: 1, 64: 1, 7: 1, 65: 1, 32: 1, 68: 1, 6: 1, 4: 1, 70: 1}","[8274, 1156, 7684, 5164, 8250, 3012, 4355, 3707, 6362, 1536, 3819, 2077, 624, 2932, 5666, 2290, 1429, 66, 1699, 8781]",1586,20,3,False
1435,card payment not recognised,comprom,22,False,False,False,"{51: 1, 45: 2, 30: 1, 16: 1, 66: 1, 54: 1, 69: 1, 46: 1, 44: 1, 28: 1, 21: 1, 64: 1, 7: 1, 65: 1, 32: 1, 68: 1, 6: 1, 4: 1, 70: 1}","[8274, 1156, 7684, 5164, 8250, 3012, 4355, 3707, 6362, 1536, 3819, 2077, 624, 2932, 5666, 2290, 1429, 66, 1699, 8781]",1435,20,3,False
1361,disposable card limits,dispos,29,False,True,False,"{51: 1, 45: 2, 30: 1, 16: 1, 66: 1, 54: 1, 69: 1, 46: 1, 44: 1, 28: 1, 21: 1, 64: 1, 7: 1, 65: 1, 32: 1, 68: 1, 6: 1, 4: 1, 70: 1}","[8274, 1156, 7684, 5164, 8250, 3012, 4355, 3707, 6362, 1536, 3819, 2077, 624, 2932, 5666, 2290, 1429, 66, 1699, 8781]",1361,20,3,False
1002,top up reverted,top up re,61,False,True,False,"{51: 1, 45: 2, 30: 1, 16: 1, 66: 1, 54: 1, 69: 1, 46: 1, 44: 1, 28: 1, 21: 1, 64: 1, 7: 1, 65: 1, 32: 1, 68: 1, 6: 1, 4: 1, 70: 1}","[8274, 1156, 7684, 5164, 8250, 3012, 4355, 3707, 6362, 1536, 3819, 2077, 624, 2932, 5666, 2290, 1429, 66, 1699, 8781]",1002,20,3,False
1360,get disposable virtual card,dispos,29,False,False,False,"{51: 1, 45: 2, 30: 1, 16: 1, 66: 1, 54: 1, 69: 1, 46: 1, 44: 1, 28: 1, 21: 1, 64: 1, 7: 1, 65: 1, 32: 1, 68: 1, 6: 1, 4: 1, 70: 1}","[8274, 1156, 7684, 5164, 8250, 3012, 4355, 3707, 6362, 1536, 3819, 2077, 624, 2932, 5666, 2290, 1429, 66, 1699, 8781]",1360,20,3,False
2356,transfer into account,transfer into,65,True,True,False,"{51: 1, 45: 2, 30: 1, 16: 1, 66: 1, 54: 1, 69: 1, 46: 1, 44: 1, 28: 1, 21: 1, 64: 1, 7: 1, 65: 1, 32: 1, 68: 1, 6: 1, 4: 1, 70: 1}","[8274, 1156, 7684, 5164, 8250, 3012, 4355, 3707, 6362, 1536, 3819, 2077, 624, 2932, 5666, 2290, 1429, 66, 1699, 8781]",2356,20,3,False
2289,transfer not received by recipient,failed,35,False,False,False,"{51: 1, 45: 2, 30: 1, 16: 1, 66: 1, 54: 1, 69: 1, 46: 1, 44: 1, 28: 1, 21: 1, 64: 1, 7: 1, 65: 1, 32: 1, 68: 1, 6: 1, 4: 1, 70: 1}","[8274, 1156, 7684, 5164, 8250, 3012, 4355, 3707, 6362, 1536, 3819, 2077, 624, 2932, 5666, 2290, 1429, 66, 1699, 8781]",2289,20,3,False
1384,disposable card limits,dispos,29,False,True,False,"{51: 1, 45: 2, 30: 1, 16: 1, 66: 1, 54: 1, 69: 1, 46: 1, 44: 1, 28: 1, 21: 1, 64: 1, 7: 1, 65: 1, 32: 1, 68: 1, 6: 1, 4: 1, 70: 1}","[8274, 1156, 7684, 5164, 8250, 3012, 4355, 3707, 6362, 1536, 3819, 2077, 624, 2932, 5666, 2290, 1429, 66, 1699, 8781]",1384,20,3,False
1210,unable to verify identity,unable,68,True,True,False,"{51: 1, 45: 2, 30: 1, 16: 1, 66: 1, 54: 1, 69: 1, 46: 1, 44: 1, 28: 1, 21: 1, 64: 1, 7: 1, 65: 1, 32: 1, 68: 1, 6: 1, 4: 1, 70: 1}","[8274, 1156, 7684, 5164, 8250, 3012, 4355, 3707, 6362, 1536, 3819, 2077, 624, 2932, 5666, 2290, 1429, 66, 1699, 8781]",1210,20,3,False
2240,receiving money,receiving,50,False,True,False,"{51: 1, 45: 2, 30: 1, 16: 1, 66: 1, 54: 1, 69: 1, 46: 1, 44: 1, 28: 1, 21: 1, 64: 1, 7: 1, 65: 1, 32: 1, 68: 1, 6: 1, 4: 1, 70: 1}","[8274, 1156, 7684, 5164, 8250, 3012, 4355, 3707, 6362, 1536, 3819, 2077, 624, 2932, 5666, 2290, 1429, 66, 1699, 8781]",2240,20,3,False
1266,pin blocked,get physical,38,False,False,False,"{51: 1, 45: 2, 30: 1, 16: 1, 66: 1, 54: 1, 69: 1, 46: 1, 44: 1, 28: 1, 21: 1, 64: 1, 7: 1, 65: 1, 32: 1, 68: 1, 6: 1, 4: 1, 70: 1}","[8274, 1156, 7684, 5164, 8250, 3012, 4355, 3707, 6362, 1536, 3819, 2077, 624, 2932, 5666, 2290, 1429, 66, 1699, 8781]",1266,20,3,False
2060,transfer timing,transfer timing,67,False,True,False,"{51: 1, 45: 2, 30: 1, 16: 1, 66: 1, 54: 1, 69: 1, 46: 1, 44: 1, 28: 1, 21: 1, 64: 1, 7: 1, 65: 1, 32: 1, 68: 1, 6: 1, 4: 1, 70: 1}","[8274, 1156, 7684, 5164, 8250, 3012, 4355, 3707, 6362, 1536, 3819, 2077, 624, 2932, 5666, 2290, 1429, 66, 1699, 8781]",2060,20,3,False
769,wrong amount of cash received,wrong amount,75,False,True,False,"{51: 1, 45: 2, 30: 1, 16: 1, 66: 1, 54: 1, 69: 1, 46: 1, 44: 1, 28: 1, 21: 1, 64: 1, 7: 1, 65: 1, 32: 1, 68: 1, 6: 1, 4: 1, 70: 1}","[8274, 1156, 7684, 5164, 8250, 3012, 4355, 3707, 6362, 1536, 3819, 2077, 624, 2932, 5666, 2290, 1429, 66, 1699, 8781]",769,20,3,False
979,card acceptance,card acceptance,10,False,True,False,"{51: 1, 45: 2, 30: 1, 16: 1, 66: 1, 54: 1, 69: 1, 46: 1, 44: 1, 28: 1, 21: 1, 64: 1, 7: 1, 65: 1, 32: 1, 68: 1, 6: 1, 4: 1, 70: 1}","[8274, 1156, 7684, 5164, 8250, 3012, 4355, 3707, 6362, 1536, 3819, 2077, 624, 2932, 5666, 2290, 1429, 66, 1699, 8781]",979,20,3,False
1237,unable to verify identity,unable,68,True,True,False,"{51: 1, 45: 2, 30: 1, 16: 1, 66: 1, 54: 1, 69: 1, 46: 1, 44: 1, 28: 1, 21: 1, 64: 1, 7: 1, 65: 1, 32: 1, 68: 1, 6: 1, 4: 1, 70: 1}","[8274, 1156, 7684, 5164, 8250, 3012, 4355, 3707, 6362, 1536, 3819, 2077, 624, 2932, 5666, 2290, 1429, 66, 1699, 8781]",1237,20,3,False
1456,cash withdrawal not recognised,atm,3,False,False,False,"{51: 1, 45: 2, 30: 1, 16: 1, 66: 1, 54: 1, 69: 1, 46: 1, 44: 1, 28: 1, 21: 1, 64: 1, 7: 1, 65: 1, 32: 1, 68: 1, 6: 1, 4: 1, 70: 1}","[8274, 1156, 7684, 5164, 8250, 3012, 4355, 3707, 6362, 1536, 3819, 2077, 624, 2932, 5666, 2290, 1429, 66, 1699, 8781]",1456,20,3,False
948,order physical card,getting virtual,40,False,False,False,"{51: 1, 45: 2, 30: 1, 16: 1, 66: 1, 54: 1, 69: 1, 46: 1, 44: 1, 28: 1, 21: 1, 64: 1, 7: 1, 65: 1, 32: 1, 68: 1, 6: 1, 4: 1, 70: 1}","[8274, 1156, 7684, 5164, 8250, 3012, 4355, 3707, 6362, 1536, 3819, 2077, 624, 2932, 5666, 2290, 1429, 66, 1699, 8781]",948,20,3,False
1261,card not working,get physical,38,False,False,False,"{51: 1, 45: 2, 30: 1, 16: 1, 66: 1, 54: 1, 69: 1, 46: 1, 44: 1, 28: 1, 21: 1, 64: 1, 7: 1, 65: 1, 32: 1, 68: 1, 6: 1, 4: 1, 70: 1}","[8274, 1156, 7684, 5164, 8250, 3012, 4355, 3707, 6362, 1536, 3819, 2077, 624, 2932, 5666, 2290, 1429, 66, 1699, 8781]",1261,20,3,False
1752,unable to verify identity,declined transfer,27,False,False,False,"{51: 1, 45: 2, 30: 1, 16: 1, 66: 1, 54: 1, 69: 1, 46: 1, 44: 1, 28: 1, 21: 1, 64: 1, 7: 1, 65: 1, 32: 1, 68: 1, 6: 1, 4: 1, 70: 1}","[8274, 1156, 7684, 5164, 8250, 3012, 4355, 3707, 6362, 1536, 3819, 2077, 624, 2932, 5666, 2290, 1429, 66, 1699, 8781]",1752,20,3,False
1862,transfer timing,pending transfer,48,False,False,False,"{51: 1, 45: 2, 30: 1, 16: 1, 66: 1, 54: 1, 69: 1, 46: 1, 44: 1, 28: 1, 21: 1, 64: 1, 7: 1, 65: 1, 32: 1, 68: 1, 6: 1, 4: 1, 70: 1}","[8274, 1156, 7684, 5164, 8250, 3012, 4355, 3707, 6362, 1536, 3819, 2077, 624, 2932, 5666, 2290, 1429, 66, 1699, 8781]",1862,20,3,False
709,cancel transfer,cancel,8,False,True,False,"{51: 1, 45: 2, 30: 1, 16: 1, 66: 1, 54: 1, 69: 1, 46: 1, 44: 1, 28: 1, 21: 1, 64: 1, 7: 1, 65: 1, 32: 1, 68: 1, 6: 1, 4: 1, 70: 1}","[8274, 1156, 7684, 5164, 8250, 3012, 4355, 3707, 6362, 1536, 3819, 2077, 624, 2932, 5666, 2290, 1429, 66, 1699, 8781]",709,20,3,False
1981,transaction charged twice,transaction,63,False,True,False,"{51: 1, 45: 2, 30: 1, 16: 1, 66: 1, 54: 1, 69: 1, 46: 1, 44: 1, 28: 1, 21: 1, 64: 1, 7: 1, 65: 1, 32: 1, 68: 1, 6: 1, 4: 1, 70: 1}","[8274, 1156, 7684, 5164, 8250, 3012, 4355, 3707, 6362, 1536, 3819, 2077, 624, 2932, 5666, 2290, 1429, 66, 1699, 8781]",1981,20,3,False
2746,cancel transfer,cash withdrawal not,20,False,False,False,"{51: 1, 45: 2, 30: 1, 16: 1, 66: 1, 54: 1, 69: 1, 46: 1, 44: 1, 28: 1, 21: 1, 64: 1, 7: 1, 65: 1, 32: 1, 68: 1, 6: 1, 4: 1, 70: 1}","[8274, 1156, 7684, 5164, 8250, 3012, 4355, 3707, 6362, 1536, 3819, 2077, 624, 2932, 5666, 2290, 1429, 66, 1699, 8781]",2746,20,3,False
3036,verify my identity,verify my,69,True,True,False,"{51: 1, 45: 2, 30: 1, 16: 1, 66: 1, 54: 1, 69: 1, 46: 1, 44: 1, 28: 1, 21: 1, 64: 1, 7: 1, 65: 1, 32: 1, 68: 1, 6: 1, 4: 1, 70: 1}","[8274, 1156, 7684, 5164, 8250, 3012, 4355, 3707, 6362, 1536, 3819, 2077, 624, 2932, 5666, 2290, 1429, 66, 1699, 8781]",3036,20,3,False
1501,cancel transfer,direct,28,True,False,False,"{51: 1, 45: 2, 30: 1, 16: 1, 66: 1, 54: 1, 69: 1, 46: 1, 44: 1, 28: 1, 21: 1, 64: 1, 7: 1, 65: 1, 32: 1, 68: 1, 6: 1, 4: 1, 70: 1}","[8274, 1156, 7684, 5164, 8250, 3012, 4355, 3707, 6362, 1536, 3819, 2077, 624, 2932, 5666, 2290, 1429, 66, 1699, 8781]",1501,20,3,False
2819,card payment fee charged,top up by card,57,False,False,False,"{51: 1, 45: 2, 30: 1, 16: 1, 66: 1, 54: 1, 69: 1, 46: 1, 44: 1, 28: 1, 21: 1, 64: 1, 7: 1, 65: 1, 32: 1, 68: 1, 6: 1, 4: 1, 70: 1}","[8274, 1156, 7684, 5164, 8250, 3012, 4355, 3707, 6362, 1536, 3819, 2077, 624, 2932, 5666, 2290, 1429, 66, 1699, 8781]",2819,20,3,False
2826,card payment fee charged,top up by card,57,False,False,False,"{51: 1, 45: 2, 30: 1, 16: 1, 66: 1, 54: 1, 69: 1, 46: 1, 44: 1, 28: 1, 21: 1, 64: 1, 7: 1, 65: 1, 32: 1, 68: 1, 6: 1, 4: 1, 70: 1}","[8274, 1156, 7684, 5164, 8250, 3012, 4355, 3707, 6362, 1536, 3819, 2077, 624, 2932, 5666, 2290, 1429, 66, 1699, 8781]",2826,20,3,False
2723,cash withdrawal not recognised,cash withdrawal not,20,False,True,False,"{51: 1, 45: 2, 30: 1, 16: 1, 66: 1, 54: 1, 69: 1, 46: 1, 44: 1, 28: 1, 21: 1, 64: 1, 7: 1, 65: 1, 32: 1, 68: 1, 6: 1, 4: 1, 70: 1}","[8274, 1156, 7684, 5164, 8250, 3012, 4355, 3707, 6362, 1536, 3819, 2077, 624, 2932, 5666, 2290, 1429, 66, 1699, 8781]",2723,20,3,False
1325,top up by bank transfer charge,to,62,False,False,False,"{51: 1, 45: 2, 30: 1, 16: 1, 66: 1, 54: 1, 69: 1, 46: 1, 44: 1, 28: 1, 21: 1, 64: 1, 7: 1, 65: 1, 32: 1, 68: 1, 6: 1, 4: 1, 70: 1}","[8274, 1156, 7684, 5164, 8250, 3012, 4355, 3707, 6362, 1536, 3819, 2077, 624, 2932, 5666, 2290, 1429, 66, 1699, 8781]",1325,20,3,False
2124,change pin,change,21,True,True,False,"{51: 1, 45: 2, 30: 1, 16: 1, 66: 1, 54: 1, 69: 1, 46: 1, 44: 1, 28: 1, 21: 1, 64: 1, 7: 1, 65: 1, 32: 1, 68: 1, 6: 1, 4: 1, 70: 1}","[8274, 1156, 7684, 5164, 8250, 3012, 4355, 3707, 6362, 1536, 3819, 2077, 624, 2932, 5666, 2290, 1429, 66, 1699, 8781]",2124,20,3,False
1417,card payment not recognised,comprom,22,False,False,False,"{51: 1, 45: 2, 30: 1, 16: 1, 66: 1, 54: 1, 69: 1, 46: 1, 44: 1, 28: 1, 21: 1, 64: 1, 7: 1, 65: 1, 32: 1, 68: 1, 6: 1, 4: 1, 70: 1}","[8274, 1156, 7684, 5164, 8250, 3012, 4355, 3707, 6362, 1536, 3819, 2077, 624, 2932, 5666, 2290, 1429, 66, 1699, 8781]",1417,20,3,False
791,cash withdrawal not recognised,wrong amount,75,False,False,False,"{51: 1, 45: 2, 30: 1, 16: 1, 66: 1, 54: 1, 69: 1, 46: 1, 44: 1, 28: 1, 21: 1, 64: 1, 7: 1, 65: 1, 32: 1, 68: 1, 6: 1, 4: 1, 70: 1}","[8274, 1156, 7684, 5164, 8250, 3012, 4355, 3707, 6362, 1536, 3819, 2077, 624, 2932, 5666, 2290, 1429, 66, 1699, 8781]",791,20,3,False
2136,change pin,change,21,True,True,False,"{51: 1, 45: 2, 30: 1, 16: 1, 66: 1, 54: 1, 69: 1, 46: 1, 44: 1, 28: 1, 21: 1, 64: 1, 7: 1, 65: 1, 32: 1, 68: 1, 6: 1, 4: 1, 70: 1}","[8274, 1156, 7684, 5164, 8250, 3012, 4355, 3707, 6362, 1536, 3819, 2077, 624, 2932, 5666, 2290, 1429, 66, 1699, 8781]",2136,20,3,False
1352,transfer not received by recipient,to,62,False,False,False,"{51: 1, 45: 2, 30: 1, 16: 1, 66: 1, 54: 1, 69: 1, 46: 1, 44: 1, 28: 1, 21: 1, 64: 1, 7: 1, 65: 1, 32: 1, 68: 1, 6: 1, 4: 1, 70: 1}","[8274, 1156, 7684, 5164, 8250, 3012, 4355, 3707, 6362, 1536, 3819, 2077, 624, 2932, 5666, 2290, 1429, 66, 1699, 8781]",1352,20,3,False
2905,cash withdrawal charge,cash withdrawal charge,19,False,True,False,"{51: 1, 45: 2, 30: 1, 16: 1, 66: 1, 54: 1, 69: 1, 46: 1, 44: 1, 28: 1, 21: 1, 64: 1, 7: 1, 65: 1, 32: 1, 68: 1, 6: 1, 4: 1, 70: 1}","[8274, 1156, 7684, 5164, 8250, 3012, 4355, 3707, 6362, 1536, 3819, 2077, 624, 2932, 5666, 2290, 1429, 66, 1699, 8781]",2905,20,3,False
2360,verify top up,verify top,71,False,True,False,"{51: 1, 45: 2, 30: 1, 16: 1, 66: 1, 54: 1, 69: 1, 46: 1, 44: 1, 28: 1, 21: 1, 64: 1, 7: 1, 65: 1, 32: 1, 68: 1, 6: 1, 4: 1, 70: 1}","[8274, 1156, 7684, 5164, 8250, 3012, 4355, 3707, 6362, 1536, 3819, 2077, 624, 2932, 5666, 2290, 1429, 66, 1699, 8781]",2360,20,3,False
1319,visa or mastercard,visa,73,False,True,False,"{51: 1, 45: 2, 30: 1, 16: 1, 66: 1, 54: 1, 69: 1, 46: 1, 44: 1, 28: 1, 21: 1, 64: 1, 7: 1, 65: 1, 32: 1, 68: 1, 6: 1, 4: 1, 70: 1}","[8274, 1156, 7684, 5164, 8250, 3012, 4355, 3707, 6362, 1536, 3819, 2077, 624, 2932, 5666, 2290, 1429, 66, 1699, 8781]",1319,20,3,False
1772,pending card payment,Ref,51,True,False,False,"{51: 1, 45: 2, 30: 1, 16: 1, 66: 1, 54: 1, 69: 1, 46: 1, 44: 1, 28: 1, 21: 1, 64: 1, 7: 1, 65: 1, 32: 1, 68: 1, 6: 1, 4: 1, 70: 1}","[8274, 1156, 7684, 5164, 8250, 3012, 4355, 3707, 6362, 1536, 3819, 2077, 624, 2932, 5666, 2290, 1429, 66, 1699, 8781]",1772,20,3,False
217,pending cash withdrawal,pending cash,46,True,True,False,"{51: 1, 45: 2, 30: 1, 16: 1, 66: 1, 54: 1, 69: 1, 46: 1, 44: 1, 28: 1, 21: 1, 64: 1, 7: 1, 65: 1, 32: 1, 68: 1, 6: 1, 4: 1, 70: 1}","[8274, 1156, 7684, 5164, 8250, 3012, 4355, 3707, 6362, 1536, 3819, 2077, 624, 2932, 5666, 2290, 1429, 66, 1699, 8781]",217,20,3,False
1936,card not working,card swallowed,18,False,False,False,"{51: 1, 45: 2, 30: 1, 16: 1, 66: 1, 54: 1, 69: 1, 46: 1, 44: 1, 28: 1, 21: 1, 64: 1, 7: 1, 65: 1, 32: 1, 68: 1, 6: 1, 4: 1, 70: 1}","[8274, 1156, 7684, 5164, 8250, 3012, 4355, 3707, 6362, 1536, 3819, 2077, 624, 2932, 5666, 2290, 1429, 66, 1699, 8781]",1936,20,3,False
2880,cash withdrawal charge,cash withdrawal charge,19,False,True,False,"{51: 1, 45: 2, 30: 1, 16: 1, 66: 1, 54: 1, 69: 1, 46: 1, 44: 1, 28: 1, 21: 1, 64: 1, 7: 1, 65: 1, 32: 1, 68: 1, 6: 1, 4: 1, 70: 1}","[8274, 1156, 7684, 5164, 8250, 3012, 4355, 3707, 6362, 1536, 3819, 2077, 624, 2932, 5666, 2290, 1429, 66, 1699, 8781]",2880,20,3,False
402,change pin,exchange via,33,False,False,False,"{51: 1, 45: 2, 30: 1, 16: 1, 66: 1, 54: 1, 69: 1, 46: 1, 44: 1, 28: 1, 21: 1, 64: 1, 7: 1, 65: 1, 32: 1, 68: 1, 6: 1, 4: 1, 70: 1}","[8274, 1156, 7684, 5164, 8250, 3012, 4355, 3707, 6362, 1536, 3819, 2077, 624, 2932, 5666, 2290, 1429, 66, 1699, 8781]",402,20,3,False
1350,top up by bank transfer charge,to,62,False,False,False,"{51: 1, 45: 2, 30: 1, 16: 1, 66: 1, 54: 1, 69: 1, 46: 1, 44: 1, 28: 1, 21: 1, 64: 1, 7: 1, 65: 1, 32: 1, 68: 1, 6: 1, 4: 1, 70: 1}","[8274, 1156, 7684, 5164, 8250, 3012, 4355, 3707, 6362, 1536, 3819, 2077, 624, 2932, 5666, 2290, 1429, 66, 1699, 8781]",1350,20,3,False
80,exchange rate,exchange rate,32,True,True,True,"{51: 1, 45: 2, 30: 1, 16: 1, 66: 1, 54: 1, 69: 1, 46: 1, 44: 1, 28: 1, 21: 1, 64: 1, 7: 1, 65: 1, 32: 1, 68: 1, 6: 1, 4: 1, 70: 1}","[8274, 1156, 7684, 5164, 8250, 3012, 4355, 3707, 6362, 1536, 3819, 2077, 624, 2932, 5666, 2290, 1429, 66, 1699, 8781]",80,20,3,False
1356,top up failed,to,62,False,False,False,"{51: 1, 45: 2, 30: 1, 16: 1, 66: 1, 54: 1, 69: 1, 46: 1, 44: 1, 28: 1, 21: 1, 64: 1, 7: 1, 65: 1, 32: 1, 68: 1, 6: 1, 4: 1, 70: 1}","[8274, 1156, 7684, 5164, 8250, 3012, 4355, 3707, 6362, 1536, 3819, 2077, 624, 2932, 5666, 2290, 1429, 66, 1699, 8781]",1356,20,3,False
2385,verify top up,verify top,71,False,True,False,"{51: 1, 45: 2, 30: 1, 16: 1, 66: 1, 54: 1, 69: 1, 46: 1, 44: 1, 28: 1, 21: 1, 64: 1, 7: 1, 65: 1, 32: 1, 68: 1, 6: 1, 4: 1, 70: 1}","[8274, 1156, 7684, 5164, 8250, 3012, 4355, 3707, 6362, 1536, 3819, 2077, 624, 2932, 5666, 2290, 1429, 66, 1699, 8781]",2385,20,3,False
2341,top up by cash or cheque,transfer into,65,True,False,False,"{51: 1, 45: 2, 30: 1, 16: 1, 66: 1, 54: 1, 69: 1, 46: 1, 44: 1, 28: 1, 21: 1, 64: 1, 7: 1, 65: 1, 32: 1, 68: 1, 6: 1, 4: 1, 70: 1}","[8274, 1156, 7684, 5164, 8250, 3012, 4355, 3707, 6362, 1536, 3819, 2077, 624, 2932, 5666, 2290, 1429, 66, 1699, 8781]",2341,20,3,False
1869,pending transfer,pending transfer,48,False,True,False,"{51: 1, 45: 2, 30: 1, 16: 1, 66: 1, 54: 1, 69: 1, 46: 1, 44: 1, 28: 1, 21: 1, 64: 1, 7: 1, 65: 1, 32: 1, 68: 1, 6: 1, 4: 1, 70: 1}","[8274, 1156, 7684, 5164, 8250, 3012, 4355, 3707, 6362, 1536, 3819, 2077, 624, 2932, 5666, 2290, 1429, 66, 1699, 8781]",1869,20,3,False
2881,extra charge on statement,cash withdrawal charge,19,False,False,False,"{51: 1, 45: 2, 30: 1, 16: 1, 66: 1, 54: 1, 69: 1, 46: 1, 44: 1, 28: 1, 21: 1, 64: 1, 7: 1, 65: 1, 32: 1, 68: 1, 6: 1, 4: 1, 70: 1}","[8274, 1156, 7684, 5164, 8250, 3012, 4355, 3707, 6362, 1536, 3819, 2077, 624, 2932, 5666, 2290, 1429, 66, 1699, 8781]",2881,20,3,False
1151,edit personal details,edit,30,True,True,False,"{51: 1, 45: 2, 30: 1, 16: 1, 66: 1, 54: 1, 69: 1, 46: 1, 44: 1, 28: 1, 21: 1, 64: 1, 7: 1, 65: 1, 32: 1, 68: 1, 6: 1, 4: 1, 70: 1}","[8274, 1156, 7684, 5164, 8250, 3012, 4355, 3707, 6362, 1536, 3819, 2077, 624, 2932, 5666, 2290, 1429, 66, 1699, 8781]",1151,20,3,False
73,card linking,card link,13,False,True,False,"{51: 1, 45: 2, 30: 1, 16: 1, 66: 1, 54: 1, 69: 1, 46: 1, 44: 1, 28: 1, 21: 1, 64: 1, 7: 1, 65: 1, 32: 1, 68: 1, 6: 1, 4: 1, 70: 1}","[8274, 1156, 7684, 5164, 8250, 3012, 4355, 3707, 6362, 1536, 3819, 2077, 624, 2932, 5666, 2290, 1429, 66, 1699, 8781]",73,20,3,False
2264,transfer into account,receiving,50,False,False,False,"{51: 1, 45: 2, 30: 1, 16: 1, 66: 1, 54: 1, 69: 1, 46: 1, 44: 1, 28: 1, 21: 1, 64: 1, 7: 1, 65: 1, 32: 1, 68: 1, 6: 1, 4: 1, 70: 1}","[8274, 1156, 7684, 5164, 8250, 3012, 4355, 3707, 6362, 1536, 3819, 2077, 624, 2932, 5666, 2290, 1429, 66, 1699, 8781]",2264,20,3,False
1779,Refund not showing up,Ref,51,True,True,False,"{51: 1, 45: 2, 30: 1, 16: 1, 66: 1, 54: 1, 69: 1, 46: 1, 44: 1, 28: 1, 21: 1, 64: 1, 7: 1, 65: 1, 32: 1, 68: 1, 6: 1, 4: 1, 70: 1}","[8274, 1156, 7684, 5164, 8250, 3012, 4355, 3707, 6362, 1536, 3819, 2077, 624, 2932, 5666, 2290, 1429, 66, 1699, 8781]",1779,20,3,False
46,reverted card payment?,card link,13,False,False,False,"{51: 1, 45: 2, 30: 1, 16: 1, 66: 1, 54: 1, 69: 1, 46: 1, 44: 1, 28: 1, 21: 1, 64: 1, 7: 1, 65: 1, 32: 1, 68: 1, 6: 1, 4: 1, 70: 1}","[8274, 1156, 7684, 5164, 8250, 3012, 4355, 3707, 6362, 1536, 3819, 2077, 624, 2932, 5666, 2290, 1429, 66, 1699, 8781]",46,20,3,False
2898,cash withdrawal charge,cash withdrawal charge,19,False,True,False,"{51: 1, 45: 2, 30: 1, 16: 1, 66: 1, 54: 1, 69: 1, 46: 1, 44: 1, 28: 1, 21: 1, 64: 1, 7: 1, 65: 1, 32: 1, 68: 1, 6: 1, 4: 1, 70: 1}","[8274, 1156, 7684, 5164, 8250, 3012, 4355, 3707, 6362, 1536, 3819, 2077, 624, 2932, 5666, 2290, 1429, 66, 1699, 8781]",2898,20,3,False
