,outputs,label_tokens,true_numeric_labels,true_label_present_in_prompt,correct,predicted_label_present_in_prompt,prompt_labels,prompt_example_indices,id,n_shots,run_number,unlimiformer,nspw
0,location,location,4,True,True,True,"{1: 106, 0: 10, 4: 84}","[816, 387, 1942, 2167, 2071, 1129, 1505, 284, 849, 2082, 791, 1493, 331, 784, 2028, 589, 1762, 143, 1020, 633, 1934, 2, 1484, 1118, 1372, 712, 535, 1734, 783, 1634, 1331, 2041, 256, 426, 1311, 675, 584, 1189, 351, 1755, 1575, 553, 722, 1369, 609, 101, 1365, 976, 765, 1702, 1096, 1374, 118, 1670, 713, 1380, 1989, 1746, 1748, 882, 1875, 1309, 434, 517, 261, 556, 2117, 1652, 790, 165, 1308, 1263, 1793, 133, 691, 2092, 67, 863, 442, 1277, 1084, 186, 1627, 529, 1485, 1719, 1021, 595, 1632, 1735, 1603, 242, 497, 1638, 1201, 2077, 1531, 646, 1598, 532, 469, 1016, 1503, 359, 62, 925, 1500, 311, 1459, 368, 108, 1179, 2129, 1502, 231, 1289, 312, 53, 1338, 678, 2119, 1643, 2120, 1245, 693, 2149, 1489, 874, 1395, 1467, 1002, 521, 662, 1937, 1999, 1487, 1624, 1303, 1212, 1110, 677, 799, 1070, 18, 1690, 44, 2139, 668, 1921, 1792, 197, 856, 667, 1528, 1975, 420, 1956, 659, 993, 636, 2080, 1711, 822, 1109, 886, 1922, 1916, 801, 875, 666, 1794, 979, 43, 325, 211, 1980, 1227, 2107, 2036, 612, 321, 1771, 1705, 634, 406, 1413, 1400, 1523, 1163, 1936, 241, 774, 115, 1382, 372, 1486, 820, 1773, 1298, 393]",0,200,8,False,200
1,entity,entity,1,True,True,True,"{1: 106, 0: 10, 4: 84}","[816, 387, 1942, 2167, 2071, 1129, 1505, 284, 849, 2082, 791, 1493, 331, 784, 2028, 589, 1762, 143, 1020, 633, 1934, 2, 1484, 1118, 1372, 712, 535, 1734, 783, 1634, 1331, 2041, 256, 426, 1311, 675, 584, 1189, 351, 1755, 1575, 553, 722, 1369, 609, 101, 1365, 976, 765, 1702, 1096, 1374, 118, 1670, 713, 1380, 1989, 1746, 1748, 882, 1875, 1309, 434, 517, 261, 556, 2117, 1652, 790, 165, 1308, 1263, 1793, 133, 691, 2092, 67, 863, 442, 1277, 1084, 186, 1627, 529, 1485, 1719, 1021, 595, 1632, 1735, 1603, 242, 497, 1638, 1201, 2077, 1531, 646, 1598, 532, 469, 1016, 1503, 359, 62, 925, 1500, 311, 1459, 368, 108, 1179, 2129, 1502, 231, 1289, 312, 53, 1338, 678, 2119, 1643, 2120, 1245, 693, 2149, 1489, 874, 1395, 1467, 1002, 521, 662, 1937, 1999, 1487, 1624, 1303, 1212, 1110, 677, 799, 1070, 18, 1690, 44, 2139, 668, 1921, 1792, 197, 856, 667, 1528, 1975, 420, 1956, 659, 993, 636, 2080, 1711, 822, 1109, 886, 1922, 1916, 801, 875, 666, 1794, 979, 43, 325, 211, 1980, 1227, 2107, 2036, 612, 321, 1771, 1705, 634, 406, 1413, 1400, 1523, 1163, 1936, 241, 774, 115, 1382, 372, 1486, 820, 1773, 1298, 393]",1,200,8,False,200
2,location,location,4,True,True,True,"{1: 106, 0: 10, 4: 84}","[816, 387, 1942, 2167, 2071, 1129, 1505, 284, 849, 2082, 791, 1493, 331, 784, 2028, 589, 1762, 143, 1020, 633, 1934, 2, 1484, 1118, 1372, 712, 535, 1734, 783, 1634, 1331, 2041, 256, 426, 1311, 675, 584, 1189, 351, 1755, 1575, 553, 722, 1369, 609, 101, 1365, 976, 765, 1702, 1096, 1374, 118, 1670, 713, 1380, 1989, 1746, 1748, 882, 1875, 1309, 434, 517, 261, 556, 2117, 1652, 790, 165, 1308, 1263, 1793, 133, 691, 2092, 67, 863, 442, 1277, 1084, 186, 1627, 529, 1485, 1719, 1021, 595, 1632, 1735, 1603, 242, 497, 1638, 1201, 2077, 1531, 646, 1598, 532, 469, 1016, 1503, 359, 62, 925, 1500, 311, 1459, 368, 108, 1179, 2129, 1502, 231, 1289, 312, 53, 1338, 678, 2119, 1643, 2120, 1245, 693, 2149, 1489, 874, 1395, 1467, 1002, 521, 662, 1937, 1999, 1487, 1624, 1303, 1212, 1110, 677, 799, 1070, 18, 1690, 44, 2139, 668, 1921, 1792, 197, 856, 667, 1528, 1975, 420, 1956, 659, 993, 636, 2080, 1711, 822, 1109, 886, 1922, 1916, 801, 875, 666, 1794, 979, 43, 325, 211, 1980, 1227, 2107, 2036, 612, 321, 1771, 1705, 634, 406, 1413, 1400, 1523, 1163, 1936, 241, 774, 115, 1382, 372, 1486, 820, 1773, 1298, 393]",2,200,8,False,200
3,entity,entity,1,True,True,True,"{1: 106, 0: 10, 4: 84}","[816, 387, 1942, 2167, 2071, 1129, 1505, 284, 849, 2082, 791, 1493, 331, 784, 2028, 589, 1762, 143, 1020, 633, 1934, 2, 1484, 1118, 1372, 712, 535, 1734, 783, 1634, 1331, 2041, 256, 426, 1311, 675, 584, 1189, 351, 1755, 1575, 553, 722, 1369, 609, 101, 1365, 976, 765, 1702, 1096, 1374, 118, 1670, 713, 1380, 1989, 1746, 1748, 882, 1875, 1309, 434, 517, 261, 556, 2117, 1652, 790, 165, 1308, 1263, 1793, 133, 691, 2092, 67, 863, 442, 1277, 1084, 186, 1627, 529, 1485, 1719, 1021, 595, 1632, 1735, 1603, 242, 497, 1638, 1201, 2077, 1531, 646, 1598, 532, 469, 1016, 1503, 359, 62, 925, 1500, 311, 1459, 368, 108, 1179, 2129, 1502, 231, 1289, 312, 53, 1338, 678, 2119, 1643, 2120, 1245, 693, 2149, 1489, 874, 1395, 1467, 1002, 521, 662, 1937, 1999, 1487, 1624, 1303, 1212, 1110, 677, 799, 1070, 18, 1690, 44, 2139, 668, 1921, 1792, 197, 856, 667, 1528, 1975, 420, 1956, 659, 993, 636, 2080, 1711, 822, 1109, 886, 1922, 1916, 801, 875, 666, 1794, 979, 43, 325, 211, 1980, 1227, 2107, 2036, 612, 321, 1771, 1705, 634, 406, 1413, 1400, 1523, 1163, 1936, 241, 774, 115, 1382, 372, 1486, 820, 1773, 1298, 393]",3,200,8,False,200
4,location,location,4,True,True,True,"{1: 106, 0: 10, 4: 84}","[816, 387, 1942, 2167, 2071, 1129, 1505, 284, 849, 2082, 791, 1493, 331, 784, 2028, 589, 1762, 143, 1020, 633, 1934, 2, 1484, 1118, 1372, 712, 535, 1734, 783, 1634, 1331, 2041, 256, 426, 1311, 675, 584, 1189, 351, 1755, 1575, 553, 722, 1369, 609, 101, 1365, 976, 765, 1702, 1096, 1374, 118, 1670, 713, 1380, 1989, 1746, 1748, 882, 1875, 1309, 434, 517, 261, 556, 2117, 1652, 790, 165, 1308, 1263, 1793, 133, 691, 2092, 67, 863, 442, 1277, 1084, 186, 1627, 529, 1485, 1719, 1021, 595, 1632, 1735, 1603, 242, 497, 1638, 1201, 2077, 1531, 646, 1598, 532, 469, 1016, 1503, 359, 62, 925, 1500, 311, 1459, 368, 108, 1179, 2129, 1502, 231, 1289, 312, 53, 1338, 678, 2119, 1643, 2120, 1245, 693, 2149, 1489, 874, 1395, 1467, 1002, 521, 662, 1937, 1999, 1487, 1624, 1303, 1212, 1110, 677, 799, 1070, 18, 1690, 44, 2139, 668, 1921, 1792, 197, 856, 667, 1528, 1975, 420, 1956, 659, 993, 636, 2080, 1711, 822, 1109, 886, 1922, 1916, 801, 875, 666, 1794, 979, 43, 325, 211, 1980, 1227, 2107, 2036, 612, 321, 1771, 1705, 634, 406, 1413, 1400, 1523, 1163, 1936, 241, 774, 115, 1382, 372, 1486, 820, 1773, 1298, 393]",4,200,8,False,200
5,location,location,4,True,True,True,"{1: 106, 0: 10, 4: 84}","[816, 387, 1942, 2167, 2071, 1129, 1505, 284, 849, 2082, 791, 1493, 331, 784, 2028, 589, 1762, 143, 1020, 633, 1934, 2, 1484, 1118, 1372, 712, 535, 1734, 783, 1634, 1331, 2041, 256, 426, 1311, 675, 584, 1189, 351, 1755, 1575, 553, 722, 1369, 609, 101, 1365, 976, 765, 1702, 1096, 1374, 118, 1670, 713, 1380, 1989, 1746, 1748, 882, 1875, 1309, 434, 517, 261, 556, 2117, 1652, 790, 165, 1308, 1263, 1793, 133, 691, 2092, 67, 863, 442, 1277, 1084, 186, 1627, 529, 1485, 1719, 1021, 595, 1632, 1735, 1603, 242, 497, 1638, 1201, 2077, 1531, 646, 1598, 532, 469, 1016, 1503, 359, 62, 925, 1500, 311, 1459, 368, 108, 1179, 2129, 1502, 231, 1289, 312, 53, 1338, 678, 2119, 1643, 2120, 1245, 693, 2149, 1489, 874, 1395, 1467, 1002, 521, 662, 1937, 1999, 1487, 1624, 1303, 1212, 1110, 677, 799, 1070, 18, 1690, 44, 2139, 668, 1921, 1792, 197, 856, 667, 1528, 1975, 420, 1956, 659, 993, 636, 2080, 1711, 822, 1109, 886, 1922, 1916, 801, 875, 666, 1794, 979, 43, 325, 211, 1980, 1227, 2107, 2036, 612, 321, 1771, 1705, 634, 406, 1413, 1400, 1523, 1163, 1936, 241, 774, 115, 1382, 372, 1486, 820, 1773, 1298, 393]",5,200,8,False,200
6,location,location,4,True,True,True,"{1: 106, 0: 10, 4: 84}","[816, 387, 1942, 2167, 2071, 1129, 1505, 284, 849, 2082, 791, 1493, 331, 784, 2028, 589, 1762, 143, 1020, 633, 1934, 2, 1484, 1118, 1372, 712, 535, 1734, 783, 1634, 1331, 2041, 256, 426, 1311, 675, 584, 1189, 351, 1755, 1575, 553, 722, 1369, 609, 101, 1365, 976, 765, 1702, 1096, 1374, 118, 1670, 713, 1380, 1989, 1746, 1748, 882, 1875, 1309, 434, 517, 261, 556, 2117, 1652, 790, 165, 1308, 1263, 1793, 133, 691, 2092, 67, 863, 442, 1277, 1084, 186, 1627, 529, 1485, 1719, 1021, 595, 1632, 1735, 1603, 242, 497, 1638, 1201, 2077, 1531, 646, 1598, 532, 469, 1016, 1503, 359, 62, 925, 1500, 311, 1459, 368, 108, 1179, 2129, 1502, 231, 1289, 312, 53, 1338, 678, 2119, 1643, 2120, 1245, 693, 2149, 1489, 874, 1395, 1467, 1002, 521, 662, 1937, 1999, 1487, 1624, 1303, 1212, 1110, 677, 799, 1070, 18, 1690, 44, 2139, 668, 1921, 1792, 197, 856, 667, 1528, 1975, 420, 1956, 659, 993, 636, 2080, 1711, 822, 1109, 886, 1922, 1916, 801, 875, 666, 1794, 979, 43, 325, 211, 1980, 1227, 2107, 2036, 612, 321, 1771, 1705, 634, 406, 1413, 1400, 1523, 1163, 1936, 241, 774, 115, 1382, 372, 1486, 820, 1773, 1298, 393]",6,200,8,False,200
7,location,location,4,True,True,True,"{1: 106, 0: 10, 4: 84}","[816, 387, 1942, 2167, 2071, 1129, 1505, 284, 849, 2082, 791, 1493, 331, 784, 2028, 589, 1762, 143, 1020, 633, 1934, 2, 1484, 1118, 1372, 712, 535, 1734, 783, 1634, 1331, 2041, 256, 426, 1311, 675, 584, 1189, 351, 1755, 1575, 553, 722, 1369, 609, 101, 1365, 976, 765, 1702, 1096, 1374, 118, 1670, 713, 1380, 1989, 1746, 1748, 882, 1875, 1309, 434, 517, 261, 556, 2117, 1652, 790, 165, 1308, 1263, 1793, 133, 691, 2092, 67, 863, 442, 1277, 1084, 186, 1627, 529, 1485, 1719, 1021, 595, 1632, 1735, 1603, 242, 497, 1638, 1201, 2077, 1531, 646, 1598, 532, 469, 1016, 1503, 359, 62, 925, 1500, 311, 1459, 368, 108, 1179, 2129, 1502, 231, 1289, 312, 53, 1338, 678, 2119, 1643, 2120, 1245, 693, 2149, 1489, 874, 1395, 1467, 1002, 521, 662, 1937, 1999, 1487, 1624, 1303, 1212, 1110, 677, 799, 1070, 18, 1690, 44, 2139, 668, 1921, 1792, 197, 856, 667, 1528, 1975, 420, 1956, 659, 993, 636, 2080, 1711, 822, 1109, 886, 1922, 1916, 801, 875, 666, 1794, 979, 43, 325, 211, 1980, 1227, 2107, 2036, 612, 321, 1771, 1705, 634, 406, 1413, 1400, 1523, 1163, 1936, 241, 774, 115, 1382, 372, 1486, 820, 1773, 1298, 393]",7,200,8,False,200
8,location,location,4,True,True,True,"{1: 106, 0: 10, 4: 84}","[816, 387, 1942, 2167, 2071, 1129, 1505, 284, 849, 2082, 791, 1493, 331, 784, 2028, 589, 1762, 143, 1020, 633, 1934, 2, 1484, 1118, 1372, 712, 535, 1734, 783, 1634, 1331, 2041, 256, 426, 1311, 675, 584, 1189, 351, 1755, 1575, 553, 722, 1369, 609, 101, 1365, 976, 765, 1702, 1096, 1374, 118, 1670, 713, 1380, 1989, 1746, 1748, 882, 1875, 1309, 434, 517, 261, 556, 2117, 1652, 790, 165, 1308, 1263, 1793, 133, 691, 2092, 67, 863, 442, 1277, 1084, 186, 1627, 529, 1485, 1719, 1021, 595, 1632, 1735, 1603, 242, 497, 1638, 1201, 2077, 1531, 646, 1598, 532, 469, 1016, 1503, 359, 62, 925, 1500, 311, 1459, 368, 108, 1179, 2129, 1502, 231, 1289, 312, 53, 1338, 678, 2119, 1643, 2120, 1245, 693, 2149, 1489, 874, 1395, 1467, 1002, 521, 662, 1937, 1999, 1487, 1624, 1303, 1212, 1110, 677, 799, 1070, 18, 1690, 44, 2139, 668, 1921, 1792, 197, 856, 667, 1528, 1975, 420, 1956, 659, 993, 636, 2080, 1711, 822, 1109, 886, 1922, 1916, 801, 875, 666, 1794, 979, 43, 325, 211, 1980, 1227, 2107, 2036, 612, 321, 1771, 1705, 634, 406, 1413, 1400, 1523, 1163, 1936, 241, 774, 115, 1382, 372, 1486, 820, 1773, 1298, 393]",8,200,8,False,200
9,location,location,4,True,True,True,"{1: 106, 0: 10, 4: 84}","[816, 387, 1942, 2167, 2071, 1129, 1505, 284, 849, 2082, 791, 1493, 331, 784, 2028, 589, 1762, 143, 1020, 633, 1934, 2, 1484, 1118, 1372, 712, 535, 1734, 783, 1634, 1331, 2041, 256, 426, 1311, 675, 584, 1189, 351, 1755, 1575, 553, 722, 1369, 609, 101, 1365, 976, 765, 1702, 1096, 1374, 118, 1670, 713, 1380, 1989, 1746, 1748, 882, 1875, 1309, 434, 517, 261, 556, 2117, 1652, 790, 165, 1308, 1263, 1793, 133, 691, 2092, 67, 863, 442, 1277, 1084, 186, 1627, 529, 1485, 1719, 1021, 595, 1632, 1735, 1603, 242, 497, 1638, 1201, 2077, 1531, 646, 1598, 532, 469, 1016, 1503, 359, 62, 925, 1500, 311, 1459, 368, 108, 1179, 2129, 1502, 231, 1289, 312, 53, 1338, 678, 2119, 1643, 2120, 1245, 693, 2149, 1489, 874, 1395, 1467, 1002, 521, 662, 1937, 1999, 1487, 1624, 1303, 1212, 1110, 677, 799, 1070, 18, 1690, 44, 2139, 668, 1921, 1792, 197, 856, 667, 1528, 1975, 420, 1956, 659, 993, 636, 2080, 1711, 822, 1109, 886, 1922, 1916, 801, 875, 666, 1794, 979, 43, 325, 211, 1980, 1227, 2107, 2036, 612, 321, 1771, 1705, 634, 406, 1413, 1400, 1523, 1163, 1936, 241, 774, 115, 1382, 372, 1486, 820, 1773, 1298, 393]",9,200,8,False,200
10,entity,entity,1,True,True,True,"{1: 106, 0: 10, 4: 84}","[816, 387, 1942, 2167, 2071, 1129, 1505, 284, 849, 2082, 791, 1493, 331, 784, 2028, 589, 1762, 143, 1020, 633, 1934, 2, 1484, 1118, 1372, 712, 535, 1734, 783, 1634, 1331, 2041, 256, 426, 1311, 675, 584, 1189, 351, 1755, 1575, 553, 722, 1369, 609, 101, 1365, 976, 765, 1702, 1096, 1374, 118, 1670, 713, 1380, 1989, 1746, 1748, 882, 1875, 1309, 434, 517, 261, 556, 2117, 1652, 790, 165, 1308, 1263, 1793, 133, 691, 2092, 67, 863, 442, 1277, 1084, 186, 1627, 529, 1485, 1719, 1021, 595, 1632, 1735, 1603, 242, 497, 1638, 1201, 2077, 1531, 646, 1598, 532, 469, 1016, 1503, 359, 62, 925, 1500, 311, 1459, 368, 108, 1179, 2129, 1502, 231, 1289, 312, 53, 1338, 678, 2119, 1643, 2120, 1245, 693, 2149, 1489, 874, 1395, 1467, 1002, 521, 662, 1937, 1999, 1487, 1624, 1303, 1212, 1110, 677, 799, 1070, 18, 1690, 44, 2139, 668, 1921, 1792, 197, 856, 667, 1528, 1975, 420, 1956, 659, 993, 636, 2080, 1711, 822, 1109, 886, 1922, 1916, 801, 875, 666, 1794, 979, 43, 325, 211, 1980, 1227, 2107, 2036, 612, 321, 1771, 1705, 634, 406, 1413, 1400, 1523, 1163, 1936, 241, 774, 115, 1382, 372, 1486, 820, 1773, 1298, 393]",10,200,8,False,200
11,entity,entity,1,True,True,True,"{1: 106, 0: 10, 4: 84}","[816, 387, 1942, 2167, 2071, 1129, 1505, 284, 849, 2082, 791, 1493, 331, 784, 2028, 589, 1762, 143, 1020, 633, 1934, 2, 1484, 1118, 1372, 712, 535, 1734, 783, 1634, 1331, 2041, 256, 426, 1311, 675, 584, 1189, 351, 1755, 1575, 553, 722, 1369, 609, 101, 1365, 976, 765, 1702, 1096, 1374, 118, 1670, 713, 1380, 1989, 1746, 1748, 882, 1875, 1309, 434, 517, 261, 556, 2117, 1652, 790, 165, 1308, 1263, 1793, 133, 691, 2092, 67, 863, 442, 1277, 1084, 186, 1627, 529, 1485, 1719, 1021, 595, 1632, 1735, 1603, 242, 497, 1638, 1201, 2077, 1531, 646, 1598, 532, 469, 1016, 1503, 359, 62, 925, 1500, 311, 1459, 368, 108, 1179, 2129, 1502, 231, 1289, 312, 53, 1338, 678, 2119, 1643, 2120, 1245, 693, 2149, 1489, 874, 1395, 1467, 1002, 521, 662, 1937, 1999, 1487, 1624, 1303, 1212, 1110, 677, 799, 1070, 18, 1690, 44, 2139, 668, 1921, 1792, 197, 856, 667, 1528, 1975, 420, 1956, 659, 993, 636, 2080, 1711, 822, 1109, 886, 1922, 1916, 801, 875, 666, 1794, 979, 43, 325, 211, 1980, 1227, 2107, 2036, 612, 321, 1771, 1705, 634, 406, 1413, 1400, 1523, 1163, 1936, 241, 774, 115, 1382, 372, 1486, 820, 1773, 1298, 393]",11,200,8,False,200
12,entity,entity,1,True,True,True,"{1: 106, 0: 10, 4: 84}","[816, 387, 1942, 2167, 2071, 1129, 1505, 284, 849, 2082, 791, 1493, 331, 784, 2028, 589, 1762, 143, 1020, 633, 1934, 2, 1484, 1118, 1372, 712, 535, 1734, 783, 1634, 1331, 2041, 256, 426, 1311, 675, 584, 1189, 351, 1755, 1575, 553, 722, 1369, 609, 101, 1365, 976, 765, 1702, 1096, 1374, 118, 1670, 713, 1380, 1989, 1746, 1748, 882, 1875, 1309, 434, 517, 261, 556, 2117, 1652, 790, 165, 1308, 1263, 1793, 133, 691, 2092, 67, 863, 442, 1277, 1084, 186, 1627, 529, 1485, 1719, 1021, 595, 1632, 1735, 1603, 242, 497, 1638, 1201, 2077, 1531, 646, 1598, 532, 469, 1016, 1503, 359, 62, 925, 1500, 311, 1459, 368, 108, 1179, 2129, 1502, 231, 1289, 312, 53, 1338, 678, 2119, 1643, 2120, 1245, 693, 2149, 1489, 874, 1395, 1467, 1002, 521, 662, 1937, 1999, 1487, 1624, 1303, 1212, 1110, 677, 799, 1070, 18, 1690, 44, 2139, 668, 1921, 1792, 197, 856, 667, 1528, 1975, 420, 1956, 659, 993, 636, 2080, 1711, 822, 1109, 886, 1922, 1916, 801, 875, 666, 1794, 979, 43, 325, 211, 1980, 1227, 2107, 2036, 612, 321, 1771, 1705, 634, 406, 1413, 1400, 1523, 1163, 1936, 241, 774, 115, 1382, 372, 1486, 820, 1773, 1298, 393]",12,200,8,False,200
13,location,location,4,True,True,True,"{1: 106, 0: 10, 4: 84}","[816, 387, 1942, 2167, 2071, 1129, 1505, 284, 849, 2082, 791, 1493, 331, 784, 2028, 589, 1762, 143, 1020, 633, 1934, 2, 1484, 1118, 1372, 712, 535, 1734, 783, 1634, 1331, 2041, 256, 426, 1311, 675, 584, 1189, 351, 1755, 1575, 553, 722, 1369, 609, 101, 1365, 976, 765, 1702, 1096, 1374, 118, 1670, 713, 1380, 1989, 1746, 1748, 882, 1875, 1309, 434, 517, 261, 556, 2117, 1652, 790, 165, 1308, 1263, 1793, 133, 691, 2092, 67, 863, 442, 1277, 1084, 186, 1627, 529, 1485, 1719, 1021, 595, 1632, 1735, 1603, 242, 497, 1638, 1201, 2077, 1531, 646, 1598, 532, 469, 1016, 1503, 359, 62, 925, 1500, 311, 1459, 368, 108, 1179, 2129, 1502, 231, 1289, 312, 53, 1338, 678, 2119, 1643, 2120, 1245, 693, 2149, 1489, 874, 1395, 1467, 1002, 521, 662, 1937, 1999, 1487, 1624, 1303, 1212, 1110, 677, 799, 1070, 18, 1690, 44, 2139, 668, 1921, 1792, 197, 856, 667, 1528, 1975, 420, 1956, 659, 993, 636, 2080, 1711, 822, 1109, 886, 1922, 1916, 801, 875, 666, 1794, 979, 43, 325, 211, 1980, 1227, 2107, 2036, 612, 321, 1771, 1705, 634, 406, 1413, 1400, 1523, 1163, 1936, 241, 774, 115, 1382, 372, 1486, 820, 1773, 1298, 393]",13,200,8,False,200
14,location,location,4,True,True,True,"{1: 106, 0: 10, 4: 84}","[816, 387, 1942, 2167, 2071, 1129, 1505, 284, 849, 2082, 791, 1493, 331, 784, 2028, 589, 1762, 143, 1020, 633, 1934, 2, 1484, 1118, 1372, 712, 535, 1734, 783, 1634, 1331, 2041, 256, 426, 1311, 675, 584, 1189, 351, 1755, 1575, 553, 722, 1369, 609, 101, 1365, 976, 765, 1702, 1096, 1374, 118, 1670, 713, 1380, 1989, 1746, 1748, 882, 1875, 1309, 434, 517, 261, 556, 2117, 1652, 790, 165, 1308, 1263, 1793, 133, 691, 2092, 67, 863, 442, 1277, 1084, 186, 1627, 529, 1485, 1719, 1021, 595, 1632, 1735, 1603, 242, 497, 1638, 1201, 2077, 1531, 646, 1598, 532, 469, 1016, 1503, 359, 62, 925, 1500, 311, 1459, 368, 108, 1179, 2129, 1502, 231, 1289, 312, 53, 1338, 678, 2119, 1643, 2120, 1245, 693, 2149, 1489, 874, 1395, 1467, 1002, 521, 662, 1937, 1999, 1487, 1624, 1303, 1212, 1110, 677, 799, 1070, 18, 1690, 44, 2139, 668, 1921, 1792, 197, 856, 667, 1528, 1975, 420, 1956, 659, 993, 636, 2080, 1711, 822, 1109, 886, 1922, 1916, 801, 875, 666, 1794, 979, 43, 325, 211, 1980, 1227, 2107, 2036, 612, 321, 1771, 1705, 634, 406, 1413, 1400, 1523, 1163, 1936, 241, 774, 115, 1382, 372, 1486, 820, 1773, 1298, 393]",14,200,8,False,200
15,location,location,4,True,True,True,"{1: 106, 0: 10, 4: 84}","[816, 387, 1942, 2167, 2071, 1129, 1505, 284, 849, 2082, 791, 1493, 331, 784, 2028, 589, 1762, 143, 1020, 633, 1934, 2, 1484, 1118, 1372, 712, 535, 1734, 783, 1634, 1331, 2041, 256, 426, 1311, 675, 584, 1189, 351, 1755, 1575, 553, 722, 1369, 609, 101, 1365, 976, 765, 1702, 1096, 1374, 118, 1670, 713, 1380, 1989, 1746, 1748, 882, 1875, 1309, 434, 517, 261, 556, 2117, 1652, 790, 165, 1308, 1263, 1793, 133, 691, 2092, 67, 863, 442, 1277, 1084, 186, 1627, 529, 1485, 1719, 1021, 595, 1632, 1735, 1603, 242, 497, 1638, 1201, 2077, 1531, 646, 1598, 532, 469, 1016, 1503, 359, 62, 925, 1500, 311, 1459, 368, 108, 1179, 2129, 1502, 231, 1289, 312, 53, 1338, 678, 2119, 1643, 2120, 1245, 693, 2149, 1489, 874, 1395, 1467, 1002, 521, 662, 1937, 1999, 1487, 1624, 1303, 1212, 1110, 677, 799, 1070, 18, 1690, 44, 2139, 668, 1921, 1792, 197, 856, 667, 1528, 1975, 420, 1956, 659, 993, 636, 2080, 1711, 822, 1109, 886, 1922, 1916, 801, 875, 666, 1794, 979, 43, 325, 211, 1980, 1227, 2107, 2036, 612, 321, 1771, 1705, 634, 406, 1413, 1400, 1523, 1163, 1936, 241, 774, 115, 1382, 372, 1486, 820, 1773, 1298, 393]",15,200,8,False,200
16,location,location,4,True,True,True,"{1: 106, 0: 10, 4: 84}","[816, 387, 1942, 2167, 2071, 1129, 1505, 284, 849, 2082, 791, 1493, 331, 784, 2028, 589, 1762, 143, 1020, 633, 1934, 2, 1484, 1118, 1372, 712, 535, 1734, 783, 1634, 1331, 2041, 256, 426, 1311, 675, 584, 1189, 351, 1755, 1575, 553, 722, 1369, 609, 101, 1365, 976, 765, 1702, 1096, 1374, 118, 1670, 713, 1380, 1989, 1746, 1748, 882, 1875, 1309, 434, 517, 261, 556, 2117, 1652, 790, 165, 1308, 1263, 1793, 133, 691, 2092, 67, 863, 442, 1277, 1084, 186, 1627, 529, 1485, 1719, 1021, 595, 1632, 1735, 1603, 242, 497, 1638, 1201, 2077, 1531, 646, 1598, 532, 469, 1016, 1503, 359, 62, 925, 1500, 311, 1459, 368, 108, 1179, 2129, 1502, 231, 1289, 312, 53, 1338, 678, 2119, 1643, 2120, 1245, 693, 2149, 1489, 874, 1395, 1467, 1002, 521, 662, 1937, 1999, 1487, 1624, 1303, 1212, 1110, 677, 799, 1070, 18, 1690, 44, 2139, 668, 1921, 1792, 197, 856, 667, 1528, 1975, 420, 1956, 659, 993, 636, 2080, 1711, 822, 1109, 886, 1922, 1916, 801, 875, 666, 1794, 979, 43, 325, 211, 1980, 1227, 2107, 2036, 612, 321, 1771, 1705, 634, 406, 1413, 1400, 1523, 1163, 1936, 241, 774, 115, 1382, 372, 1486, 820, 1773, 1298, 393]",16,200,8,False,200
17,entity,entity,1,True,True,True,"{1: 106, 0: 10, 4: 84}","[816, 387, 1942, 2167, 2071, 1129, 1505, 284, 849, 2082, 791, 1493, 331, 784, 2028, 589, 1762, 143, 1020, 633, 1934, 2, 1484, 1118, 1372, 712, 535, 1734, 783, 1634, 1331, 2041, 256, 426, 1311, 675, 584, 1189, 351, 1755, 1575, 553, 722, 1369, 609, 101, 1365, 976, 765, 1702, 1096, 1374, 118, 1670, 713, 1380, 1989, 1746, 1748, 882, 1875, 1309, 434, 517, 261, 556, 2117, 1652, 790, 165, 1308, 1263, 1793, 133, 691, 2092, 67, 863, 442, 1277, 1084, 186, 1627, 529, 1485, 1719, 1021, 595, 1632, 1735, 1603, 242, 497, 1638, 1201, 2077, 1531, 646, 1598, 532, 469, 1016, 1503, 359, 62, 925, 1500, 311, 1459, 368, 108, 1179, 2129, 1502, 231, 1289, 312, 53, 1338, 678, 2119, 1643, 2120, 1245, 693, 2149, 1489, 874, 1395, 1467, 1002, 521, 662, 1937, 1999, 1487, 1624, 1303, 1212, 1110, 677, 799, 1070, 18, 1690, 44, 2139, 668, 1921, 1792, 197, 856, 667, 1528, 1975, 420, 1956, 659, 993, 636, 2080, 1711, 822, 1109, 886, 1922, 1916, 801, 875, 666, 1794, 979, 43, 325, 211, 1980, 1227, 2107, 2036, 612, 321, 1771, 1705, 634, 406, 1413, 1400, 1523, 1163, 1936, 241, 774, 115, 1382, 372, 1486, 820, 1773, 1298, 393]",17,200,8,False,200
18,location,location,4,True,True,True,"{1: 106, 0: 10, 4: 84}","[816, 387, 1942, 2167, 2071, 1129, 1505, 284, 849, 2082, 791, 1493, 331, 784, 2028, 589, 1762, 143, 1020, 633, 1934, 2, 1484, 1118, 1372, 712, 535, 1734, 783, 1634, 1331, 2041, 256, 426, 1311, 675, 584, 1189, 351, 1755, 1575, 553, 722, 1369, 609, 101, 1365, 976, 765, 1702, 1096, 1374, 118, 1670, 713, 1380, 1989, 1746, 1748, 882, 1875, 1309, 434, 517, 261, 556, 2117, 1652, 790, 165, 1308, 1263, 1793, 133, 691, 2092, 67, 863, 442, 1277, 1084, 186, 1627, 529, 1485, 1719, 1021, 595, 1632, 1735, 1603, 242, 497, 1638, 1201, 2077, 1531, 646, 1598, 532, 469, 1016, 1503, 359, 62, 925, 1500, 311, 1459, 368, 108, 1179, 2129, 1502, 231, 1289, 312, 53, 1338, 678, 2119, 1643, 2120, 1245, 693, 2149, 1489, 874, 1395, 1467, 1002, 521, 662, 1937, 1999, 1487, 1624, 1303, 1212, 1110, 677, 799, 1070, 18, 1690, 44, 2139, 668, 1921, 1792, 197, 856, 667, 1528, 1975, 420, 1956, 659, 993, 636, 2080, 1711, 822, 1109, 886, 1922, 1916, 801, 875, 666, 1794, 979, 43, 325, 211, 1980, 1227, 2107, 2036, 612, 321, 1771, 1705, 634, 406, 1413, 1400, 1523, 1163, 1936, 241, 774, 115, 1382, 372, 1486, 820, 1773, 1298, 393]",18,200,8,False,200
19,entity,entity,1,True,True,True,"{1: 106, 0: 10, 4: 84}","[816, 387, 1942, 2167, 2071, 1129, 1505, 284, 849, 2082, 791, 1493, 331, 784, 2028, 589, 1762, 143, 1020, 633, 1934, 2, 1484, 1118, 1372, 712, 535, 1734, 783, 1634, 1331, 2041, 256, 426, 1311, 675, 584, 1189, 351, 1755, 1575, 553, 722, 1369, 609, 101, 1365, 976, 765, 1702, 1096, 1374, 118, 1670, 713, 1380, 1989, 1746, 1748, 882, 1875, 1309, 434, 517, 261, 556, 2117, 1652, 790, 165, 1308, 1263, 1793, 133, 691, 2092, 67, 863, 442, 1277, 1084, 186, 1627, 529, 1485, 1719, 1021, 595, 1632, 1735, 1603, 242, 497, 1638, 1201, 2077, 1531, 646, 1598, 532, 469, 1016, 1503, 359, 62, 925, 1500, 311, 1459, 368, 108, 1179, 2129, 1502, 231, 1289, 312, 53, 1338, 678, 2119, 1643, 2120, 1245, 693, 2149, 1489, 874, 1395, 1467, 1002, 521, 662, 1937, 1999, 1487, 1624, 1303, 1212, 1110, 677, 799, 1070, 18, 1690, 44, 2139, 668, 1921, 1792, 197, 856, 667, 1528, 1975, 420, 1956, 659, 993, 636, 2080, 1711, 822, 1109, 886, 1922, 1916, 801, 875, 666, 1794, 979, 43, 325, 211, 1980, 1227, 2107, 2036, 612, 321, 1771, 1705, 634, 406, 1413, 1400, 1523, 1163, 1936, 241, 774, 115, 1382, 372, 1486, 820, 1773, 1298, 393]",19,200,8,False,200
20,location,location,4,True,True,True,"{1: 106, 0: 10, 4: 84}","[816, 387, 1942, 2167, 2071, 1129, 1505, 284, 849, 2082, 791, 1493, 331, 784, 2028, 589, 1762, 143, 1020, 633, 1934, 2, 1484, 1118, 1372, 712, 535, 1734, 783, 1634, 1331, 2041, 256, 426, 1311, 675, 584, 1189, 351, 1755, 1575, 553, 722, 1369, 609, 101, 1365, 976, 765, 1702, 1096, 1374, 118, 1670, 713, 1380, 1989, 1746, 1748, 882, 1875, 1309, 434, 517, 261, 556, 2117, 1652, 790, 165, 1308, 1263, 1793, 133, 691, 2092, 67, 863, 442, 1277, 1084, 186, 1627, 529, 1485, 1719, 1021, 595, 1632, 1735, 1603, 242, 497, 1638, 1201, 2077, 1531, 646, 1598, 532, 469, 1016, 1503, 359, 62, 925, 1500, 311, 1459, 368, 108, 1179, 2129, 1502, 231, 1289, 312, 53, 1338, 678, 2119, 1643, 2120, 1245, 693, 2149, 1489, 874, 1395, 1467, 1002, 521, 662, 1937, 1999, 1487, 1624, 1303, 1212, 1110, 677, 799, 1070, 18, 1690, 44, 2139, 668, 1921, 1792, 197, 856, 667, 1528, 1975, 420, 1956, 659, 993, 636, 2080, 1711, 822, 1109, 886, 1922, 1916, 801, 875, 666, 1794, 979, 43, 325, 211, 1980, 1227, 2107, 2036, 612, 321, 1771, 1705, 634, 406, 1413, 1400, 1523, 1163, 1936, 241, 774, 115, 1382, 372, 1486, 820, 1773, 1298, 393]",20,200,8,False,200
21,location,location,4,True,True,True,"{1: 106, 0: 10, 4: 84}","[816, 387, 1942, 2167, 2071, 1129, 1505, 284, 849, 2082, 791, 1493, 331, 784, 2028, 589, 1762, 143, 1020, 633, 1934, 2, 1484, 1118, 1372, 712, 535, 1734, 783, 1634, 1331, 2041, 256, 426, 1311, 675, 584, 1189, 351, 1755, 1575, 553, 722, 1369, 609, 101, 1365, 976, 765, 1702, 1096, 1374, 118, 1670, 713, 1380, 1989, 1746, 1748, 882, 1875, 1309, 434, 517, 261, 556, 2117, 1652, 790, 165, 1308, 1263, 1793, 133, 691, 2092, 67, 863, 442, 1277, 1084, 186, 1627, 529, 1485, 1719, 1021, 595, 1632, 1735, 1603, 242, 497, 1638, 1201, 2077, 1531, 646, 1598, 532, 469, 1016, 1503, 359, 62, 925, 1500, 311, 1459, 368, 108, 1179, 2129, 1502, 231, 1289, 312, 53, 1338, 678, 2119, 1643, 2120, 1245, 693, 2149, 1489, 874, 1395, 1467, 1002, 521, 662, 1937, 1999, 1487, 1624, 1303, 1212, 1110, 677, 799, 1070, 18, 1690, 44, 2139, 668, 1921, 1792, 197, 856, 667, 1528, 1975, 420, 1956, 659, 993, 636, 2080, 1711, 822, 1109, 886, 1922, 1916, 801, 875, 666, 1794, 979, 43, 325, 211, 1980, 1227, 2107, 2036, 612, 321, 1771, 1705, 634, 406, 1413, 1400, 1523, 1163, 1936, 241, 774, 115, 1382, 372, 1486, 820, 1773, 1298, 393]",21,200,8,False,200
22,location,location,4,True,True,True,"{1: 106, 0: 10, 4: 84}","[816, 387, 1942, 2167, 2071, 1129, 1505, 284, 849, 2082, 791, 1493, 331, 784, 2028, 589, 1762, 143, 1020, 633, 1934, 2, 1484, 1118, 1372, 712, 535, 1734, 783, 1634, 1331, 2041, 256, 426, 1311, 675, 584, 1189, 351, 1755, 1575, 553, 722, 1369, 609, 101, 1365, 976, 765, 1702, 1096, 1374, 118, 1670, 713, 1380, 1989, 1746, 1748, 882, 1875, 1309, 434, 517, 261, 556, 2117, 1652, 790, 165, 1308, 1263, 1793, 133, 691, 2092, 67, 863, 442, 1277, 1084, 186, 1627, 529, 1485, 1719, 1021, 595, 1632, 1735, 1603, 242, 497, 1638, 1201, 2077, 1531, 646, 1598, 532, 469, 1016, 1503, 359, 62, 925, 1500, 311, 1459, 368, 108, 1179, 2129, 1502, 231, 1289, 312, 53, 1338, 678, 2119, 1643, 2120, 1245, 693, 2149, 1489, 874, 1395, 1467, 1002, 521, 662, 1937, 1999, 1487, 1624, 1303, 1212, 1110, 677, 799, 1070, 18, 1690, 44, 2139, 668, 1921, 1792, 197, 856, 667, 1528, 1975, 420, 1956, 659, 993, 636, 2080, 1711, 822, 1109, 886, 1922, 1916, 801, 875, 666, 1794, 979, 43, 325, 211, 1980, 1227, 2107, 2036, 612, 321, 1771, 1705, 634, 406, 1413, 1400, 1523, 1163, 1936, 241, 774, 115, 1382, 372, 1486, 820, 1773, 1298, 393]",22,200,8,False,200
23,entity,entity,1,True,True,True,"{1: 106, 0: 10, 4: 84}","[816, 387, 1942, 2167, 2071, 1129, 1505, 284, 849, 2082, 791, 1493, 331, 784, 2028, 589, 1762, 143, 1020, 633, 1934, 2, 1484, 1118, 1372, 712, 535, 1734, 783, 1634, 1331, 2041, 256, 426, 1311, 675, 584, 1189, 351, 1755, 1575, 553, 722, 1369, 609, 101, 1365, 976, 765, 1702, 1096, 1374, 118, 1670, 713, 1380, 1989, 1746, 1748, 882, 1875, 1309, 434, 517, 261, 556, 2117, 1652, 790, 165, 1308, 1263, 1793, 133, 691, 2092, 67, 863, 442, 1277, 1084, 186, 1627, 529, 1485, 1719, 1021, 595, 1632, 1735, 1603, 242, 497, 1638, 1201, 2077, 1531, 646, 1598, 532, 469, 1016, 1503, 359, 62, 925, 1500, 311, 1459, 368, 108, 1179, 2129, 1502, 231, 1289, 312, 53, 1338, 678, 2119, 1643, 2120, 1245, 693, 2149, 1489, 874, 1395, 1467, 1002, 521, 662, 1937, 1999, 1487, 1624, 1303, 1212, 1110, 677, 799, 1070, 18, 1690, 44, 2139, 668, 1921, 1792, 197, 856, 667, 1528, 1975, 420, 1956, 659, 993, 636, 2080, 1711, 822, 1109, 886, 1922, 1916, 801, 875, 666, 1794, 979, 43, 325, 211, 1980, 1227, 2107, 2036, 612, 321, 1771, 1705, 634, 406, 1413, 1400, 1523, 1163, 1936, 241, 774, 115, 1382, 372, 1486, 820, 1773, 1298, 393]",23,200,8,False,200
24,location,location,4,True,True,True,"{1: 106, 0: 10, 4: 84}","[816, 387, 1942, 2167, 2071, 1129, 1505, 284, 849, 2082, 791, 1493, 331, 784, 2028, 589, 1762, 143, 1020, 633, 1934, 2, 1484, 1118, 1372, 712, 535, 1734, 783, 1634, 1331, 2041, 256, 426, 1311, 675, 584, 1189, 351, 1755, 1575, 553, 722, 1369, 609, 101, 1365, 976, 765, 1702, 1096, 1374, 118, 1670, 713, 1380, 1989, 1746, 1748, 882, 1875, 1309, 434, 517, 261, 556, 2117, 1652, 790, 165, 1308, 1263, 1793, 133, 691, 2092, 67, 863, 442, 1277, 1084, 186, 1627, 529, 1485, 1719, 1021, 595, 1632, 1735, 1603, 242, 497, 1638, 1201, 2077, 1531, 646, 1598, 532, 469, 1016, 1503, 359, 62, 925, 1500, 311, 1459, 368, 108, 1179, 2129, 1502, 231, 1289, 312, 53, 1338, 678, 2119, 1643, 2120, 1245, 693, 2149, 1489, 874, 1395, 1467, 1002, 521, 662, 1937, 1999, 1487, 1624, 1303, 1212, 1110, 677, 799, 1070, 18, 1690, 44, 2139, 668, 1921, 1792, 197, 856, 667, 1528, 1975, 420, 1956, 659, 993, 636, 2080, 1711, 822, 1109, 886, 1922, 1916, 801, 875, 666, 1794, 979, 43, 325, 211, 1980, 1227, 2107, 2036, 612, 321, 1771, 1705, 634, 406, 1413, 1400, 1523, 1163, 1936, 241, 774, 115, 1382, 372, 1486, 820, 1773, 1298, 393]",24,200,8,False,200
26,location,location,4,True,True,True,"{1: 106, 0: 10, 4: 84}","[816, 387, 1942, 2167, 2071, 1129, 1505, 284, 849, 2082, 791, 1493, 331, 784, 2028, 589, 1762, 143, 1020, 633, 1934, 2, 1484, 1118, 1372, 712, 535, 1734, 783, 1634, 1331, 2041, 256, 426, 1311, 675, 584, 1189, 351, 1755, 1575, 553, 722, 1369, 609, 101, 1365, 976, 765, 1702, 1096, 1374, 118, 1670, 713, 1380, 1989, 1746, 1748, 882, 1875, 1309, 434, 517, 261, 556, 2117, 1652, 790, 165, 1308, 1263, 1793, 133, 691, 2092, 67, 863, 442, 1277, 1084, 186, 1627, 529, 1485, 1719, 1021, 595, 1632, 1735, 1603, 242, 497, 1638, 1201, 2077, 1531, 646, 1598, 532, 469, 1016, 1503, 359, 62, 925, 1500, 311, 1459, 368, 108, 1179, 2129, 1502, 231, 1289, 312, 53, 1338, 678, 2119, 1643, 2120, 1245, 693, 2149, 1489, 874, 1395, 1467, 1002, 521, 662, 1937, 1999, 1487, 1624, 1303, 1212, 1110, 677, 799, 1070, 18, 1690, 44, 2139, 668, 1921, 1792, 197, 856, 667, 1528, 1975, 420, 1956, 659, 993, 636, 2080, 1711, 822, 1109, 886, 1922, 1916, 801, 875, 666, 1794, 979, 43, 325, 211, 1980, 1227, 2107, 2036, 612, 321, 1771, 1705, 634, 406, 1413, 1400, 1523, 1163, 1936, 241, 774, 115, 1382, 372, 1486, 820, 1773, 1298, 393]",26,200,8,False,200
27,entity,entity,1,True,True,True,"{1: 106, 0: 10, 4: 84}","[816, 387, 1942, 2167, 2071, 1129, 1505, 284, 849, 2082, 791, 1493, 331, 784, 2028, 589, 1762, 143, 1020, 633, 1934, 2, 1484, 1118, 1372, 712, 535, 1734, 783, 1634, 1331, 2041, 256, 426, 1311, 675, 584, 1189, 351, 1755, 1575, 553, 722, 1369, 609, 101, 1365, 976, 765, 1702, 1096, 1374, 118, 1670, 713, 1380, 1989, 1746, 1748, 882, 1875, 1309, 434, 517, 261, 556, 2117, 1652, 790, 165, 1308, 1263, 1793, 133, 691, 2092, 67, 863, 442, 1277, 1084, 186, 1627, 529, 1485, 1719, 1021, 595, 1632, 1735, 1603, 242, 497, 1638, 1201, 2077, 1531, 646, 1598, 532, 469, 1016, 1503, 359, 62, 925, 1500, 311, 1459, 368, 108, 1179, 2129, 1502, 231, 1289, 312, 53, 1338, 678, 2119, 1643, 2120, 1245, 693, 2149, 1489, 874, 1395, 1467, 1002, 521, 662, 1937, 1999, 1487, 1624, 1303, 1212, 1110, 677, 799, 1070, 18, 1690, 44, 2139, 668, 1921, 1792, 197, 856, 667, 1528, 1975, 420, 1956, 659, 993, 636, 2080, 1711, 822, 1109, 886, 1922, 1916, 801, 875, 666, 1794, 979, 43, 325, 211, 1980, 1227, 2107, 2036, 612, 321, 1771, 1705, 634, 406, 1413, 1400, 1523, 1163, 1936, 241, 774, 115, 1382, 372, 1486, 820, 1773, 1298, 393]",27,200,8,False,200
28,location,location,4,True,True,True,"{1: 106, 0: 10, 4: 84}","[816, 387, 1942, 2167, 2071, 1129, 1505, 284, 849, 2082, 791, 1493, 331, 784, 2028, 589, 1762, 143, 1020, 633, 1934, 2, 1484, 1118, 1372, 712, 535, 1734, 783, 1634, 1331, 2041, 256, 426, 1311, 675, 584, 1189, 351, 1755, 1575, 553, 722, 1369, 609, 101, 1365, 976, 765, 1702, 1096, 1374, 118, 1670, 713, 1380, 1989, 1746, 1748, 882, 1875, 1309, 434, 517, 261, 556, 2117, 1652, 790, 165, 1308, 1263, 1793, 133, 691, 2092, 67, 863, 442, 1277, 1084, 186, 1627, 529, 1485, 1719, 1021, 595, 1632, 1735, 1603, 242, 497, 1638, 1201, 2077, 1531, 646, 1598, 532, 469, 1016, 1503, 359, 62, 925, 1500, 311, 1459, 368, 108, 1179, 2129, 1502, 231, 1289, 312, 53, 1338, 678, 2119, 1643, 2120, 1245, 693, 2149, 1489, 874, 1395, 1467, 1002, 521, 662, 1937, 1999, 1487, 1624, 1303, 1212, 1110, 677, 799, 1070, 18, 1690, 44, 2139, 668, 1921, 1792, 197, 856, 667, 1528, 1975, 420, 1956, 659, 993, 636, 2080, 1711, 822, 1109, 886, 1922, 1916, 801, 875, 666, 1794, 979, 43, 325, 211, 1980, 1227, 2107, 2036, 612, 321, 1771, 1705, 634, 406, 1413, 1400, 1523, 1163, 1936, 241, 774, 115, 1382, 372, 1486, 820, 1773, 1298, 393]",28,200,8,False,200
29,entity,entity,1,True,True,True,"{1: 106, 0: 10, 4: 84}","[816, 387, 1942, 2167, 2071, 1129, 1505, 284, 849, 2082, 791, 1493, 331, 784, 2028, 589, 1762, 143, 1020, 633, 1934, 2, 1484, 1118, 1372, 712, 535, 1734, 783, 1634, 1331, 2041, 256, 426, 1311, 675, 584, 1189, 351, 1755, 1575, 553, 722, 1369, 609, 101, 1365, 976, 765, 1702, 1096, 1374, 118, 1670, 713, 1380, 1989, 1746, 1748, 882, 1875, 1309, 434, 517, 261, 556, 2117, 1652, 790, 165, 1308, 1263, 1793, 133, 691, 2092, 67, 863, 442, 1277, 1084, 186, 1627, 529, 1485, 1719, 1021, 595, 1632, 1735, 1603, 242, 497, 1638, 1201, 2077, 1531, 646, 1598, 532, 469, 1016, 1503, 359, 62, 925, 1500, 311, 1459, 368, 108, 1179, 2129, 1502, 231, 1289, 312, 53, 1338, 678, 2119, 1643, 2120, 1245, 693, 2149, 1489, 874, 1395, 1467, 1002, 521, 662, 1937, 1999, 1487, 1624, 1303, 1212, 1110, 677, 799, 1070, 18, 1690, 44, 2139, 668, 1921, 1792, 197, 856, 667, 1528, 1975, 420, 1956, 659, 993, 636, 2080, 1711, 822, 1109, 886, 1922, 1916, 801, 875, 666, 1794, 979, 43, 325, 211, 1980, 1227, 2107, 2036, 612, 321, 1771, 1705, 634, 406, 1413, 1400, 1523, 1163, 1936, 241, 774, 115, 1382, 372, 1486, 820, 1773, 1298, 393]",29,200,8,False,200
30,location,location,4,True,True,True,"{1: 106, 0: 10, 4: 84}","[816, 387, 1942, 2167, 2071, 1129, 1505, 284, 849, 2082, 791, 1493, 331, 784, 2028, 589, 1762, 143, 1020, 633, 1934, 2, 1484, 1118, 1372, 712, 535, 1734, 783, 1634, 1331, 2041, 256, 426, 1311, 675, 584, 1189, 351, 1755, 1575, 553, 722, 1369, 609, 101, 1365, 976, 765, 1702, 1096, 1374, 118, 1670, 713, 1380, 1989, 1746, 1748, 882, 1875, 1309, 434, 517, 261, 556, 2117, 1652, 790, 165, 1308, 1263, 1793, 133, 691, 2092, 67, 863, 442, 1277, 1084, 186, 1627, 529, 1485, 1719, 1021, 595, 1632, 1735, 1603, 242, 497, 1638, 1201, 2077, 1531, 646, 1598, 532, 469, 1016, 1503, 359, 62, 925, 1500, 311, 1459, 368, 108, 1179, 2129, 1502, 231, 1289, 312, 53, 1338, 678, 2119, 1643, 2120, 1245, 693, 2149, 1489, 874, 1395, 1467, 1002, 521, 662, 1937, 1999, 1487, 1624, 1303, 1212, 1110, 677, 799, 1070, 18, 1690, 44, 2139, 668, 1921, 1792, 197, 856, 667, 1528, 1975, 420, 1956, 659, 993, 636, 2080, 1711, 822, 1109, 886, 1922, 1916, 801, 875, 666, 1794, 979, 43, 325, 211, 1980, 1227, 2107, 2036, 612, 321, 1771, 1705, 634, 406, 1413, 1400, 1523, 1163, 1936, 241, 774, 115, 1382, 372, 1486, 820, 1773, 1298, 393]",30,200,8,False,200
31,entity,entity,1,True,True,True,"{1: 106, 0: 10, 4: 84}","[816, 387, 1942, 2167, 2071, 1129, 1505, 284, 849, 2082, 791, 1493, 331, 784, 2028, 589, 1762, 143, 1020, 633, 1934, 2, 1484, 1118, 1372, 712, 535, 1734, 783, 1634, 1331, 2041, 256, 426, 1311, 675, 584, 1189, 351, 1755, 1575, 553, 722, 1369, 609, 101, 1365, 976, 765, 1702, 1096, 1374, 118, 1670, 713, 1380, 1989, 1746, 1748, 882, 1875, 1309, 434, 517, 261, 556, 2117, 1652, 790, 165, 1308, 1263, 1793, 133, 691, 2092, 67, 863, 442, 1277, 1084, 186, 1627, 529, 1485, 1719, 1021, 595, 1632, 1735, 1603, 242, 497, 1638, 1201, 2077, 1531, 646, 1598, 532, 469, 1016, 1503, 359, 62, 925, 1500, 311, 1459, 368, 108, 1179, 2129, 1502, 231, 1289, 312, 53, 1338, 678, 2119, 1643, 2120, 1245, 693, 2149, 1489, 874, 1395, 1467, 1002, 521, 662, 1937, 1999, 1487, 1624, 1303, 1212, 1110, 677, 799, 1070, 18, 1690, 44, 2139, 668, 1921, 1792, 197, 856, 667, 1528, 1975, 420, 1956, 659, 993, 636, 2080, 1711, 822, 1109, 886, 1922, 1916, 801, 875, 666, 1794, 979, 43, 325, 211, 1980, 1227, 2107, 2036, 612, 321, 1771, 1705, 634, 406, 1413, 1400, 1523, 1163, 1936, 241, 774, 115, 1382, 372, 1486, 820, 1773, 1298, 393]",31,200,8,False,200
32,entity,entity,1,True,True,True,"{1: 106, 0: 10, 4: 84}","[816, 387, 1942, 2167, 2071, 1129, 1505, 284, 849, 2082, 791, 1493, 331, 784, 2028, 589, 1762, 143, 1020, 633, 1934, 2, 1484, 1118, 1372, 712, 535, 1734, 783, 1634, 1331, 2041, 256, 426, 1311, 675, 584, 1189, 351, 1755, 1575, 553, 722, 1369, 609, 101, 1365, 976, 765, 1702, 1096, 1374, 118, 1670, 713, 1380, 1989, 1746, 1748, 882, 1875, 1309, 434, 517, 261, 556, 2117, 1652, 790, 165, 1308, 1263, 1793, 133, 691, 2092, 67, 863, 442, 1277, 1084, 186, 1627, 529, 1485, 1719, 1021, 595, 1632, 1735, 1603, 242, 497, 1638, 1201, 2077, 1531, 646, 1598, 532, 469, 1016, 1503, 359, 62, 925, 1500, 311, 1459, 368, 108, 1179, 2129, 1502, 231, 1289, 312, 53, 1338, 678, 2119, 1643, 2120, 1245, 693, 2149, 1489, 874, 1395, 1467, 1002, 521, 662, 1937, 1999, 1487, 1624, 1303, 1212, 1110, 677, 799, 1070, 18, 1690, 44, 2139, 668, 1921, 1792, 197, 856, 667, 1528, 1975, 420, 1956, 659, 993, 636, 2080, 1711, 822, 1109, 886, 1922, 1916, 801, 875, 666, 1794, 979, 43, 325, 211, 1980, 1227, 2107, 2036, 612, 321, 1771, 1705, 634, 406, 1413, 1400, 1523, 1163, 1936, 241, 774, 115, 1382, 372, 1486, 820, 1773, 1298, 393]",32,200,8,False,200
33,entity,entity,1,True,True,True,"{1: 106, 0: 10, 4: 84}","[816, 387, 1942, 2167, 2071, 1129, 1505, 284, 849, 2082, 791, 1493, 331, 784, 2028, 589, 1762, 143, 1020, 633, 1934, 2, 1484, 1118, 1372, 712, 535, 1734, 783, 1634, 1331, 2041, 256, 426, 1311, 675, 584, 1189, 351, 1755, 1575, 553, 722, 1369, 609, 101, 1365, 976, 765, 1702, 1096, 1374, 118, 1670, 713, 1380, 1989, 1746, 1748, 882, 1875, 1309, 434, 517, 261, 556, 2117, 1652, 790, 165, 1308, 1263, 1793, 133, 691, 2092, 67, 863, 442, 1277, 1084, 186, 1627, 529, 1485, 1719, 1021, 595, 1632, 1735, 1603, 242, 497, 1638, 1201, 2077, 1531, 646, 1598, 532, 469, 1016, 1503, 359, 62, 925, 1500, 311, 1459, 368, 108, 1179, 2129, 1502, 231, 1289, 312, 53, 1338, 678, 2119, 1643, 2120, 1245, 693, 2149, 1489, 874, 1395, 1467, 1002, 521, 662, 1937, 1999, 1487, 1624, 1303, 1212, 1110, 677, 799, 1070, 18, 1690, 44, 2139, 668, 1921, 1792, 197, 856, 667, 1528, 1975, 420, 1956, 659, 993, 636, 2080, 1711, 822, 1109, 886, 1922, 1916, 801, 875, 666, 1794, 979, 43, 325, 211, 1980, 1227, 2107, 2036, 612, 321, 1771, 1705, 634, 406, 1413, 1400, 1523, 1163, 1936, 241, 774, 115, 1382, 372, 1486, 820, 1773, 1298, 393]",33,200,8,False,200
34,location,location,4,True,True,True,"{1: 106, 0: 10, 4: 84}","[816, 387, 1942, 2167, 2071, 1129, 1505, 284, 849, 2082, 791, 1493, 331, 784, 2028, 589, 1762, 143, 1020, 633, 1934, 2, 1484, 1118, 1372, 712, 535, 1734, 783, 1634, 1331, 2041, 256, 426, 1311, 675, 584, 1189, 351, 1755, 1575, 553, 722, 1369, 609, 101, 1365, 976, 765, 1702, 1096, 1374, 118, 1670, 713, 1380, 1989, 1746, 1748, 882, 1875, 1309, 434, 517, 261, 556, 2117, 1652, 790, 165, 1308, 1263, 1793, 133, 691, 2092, 67, 863, 442, 1277, 1084, 186, 1627, 529, 1485, 1719, 1021, 595, 1632, 1735, 1603, 242, 497, 1638, 1201, 2077, 1531, 646, 1598, 532, 469, 1016, 1503, 359, 62, 925, 1500, 311, 1459, 368, 108, 1179, 2129, 1502, 231, 1289, 312, 53, 1338, 678, 2119, 1643, 2120, 1245, 693, 2149, 1489, 874, 1395, 1467, 1002, 521, 662, 1937, 1999, 1487, 1624, 1303, 1212, 1110, 677, 799, 1070, 18, 1690, 44, 2139, 668, 1921, 1792, 197, 856, 667, 1528, 1975, 420, 1956, 659, 993, 636, 2080, 1711, 822, 1109, 886, 1922, 1916, 801, 875, 666, 1794, 979, 43, 325, 211, 1980, 1227, 2107, 2036, 612, 321, 1771, 1705, 634, 406, 1413, 1400, 1523, 1163, 1936, 241, 774, 115, 1382, 372, 1486, 820, 1773, 1298, 393]",34,200,8,False,200
35,entity,entity,1,True,True,True,"{1: 106, 0: 10, 4: 84}","[816, 387, 1942, 2167, 2071, 1129, 1505, 284, 849, 2082, 791, 1493, 331, 784, 2028, 589, 1762, 143, 1020, 633, 1934, 2, 1484, 1118, 1372, 712, 535, 1734, 783, 1634, 1331, 2041, 256, 426, 1311, 675, 584, 1189, 351, 1755, 1575, 553, 722, 1369, 609, 101, 1365, 976, 765, 1702, 1096, 1374, 118, 1670, 713, 1380, 1989, 1746, 1748, 882, 1875, 1309, 434, 517, 261, 556, 2117, 1652, 790, 165, 1308, 1263, 1793, 133, 691, 2092, 67, 863, 442, 1277, 1084, 186, 1627, 529, 1485, 1719, 1021, 595, 1632, 1735, 1603, 242, 497, 1638, 1201, 2077, 1531, 646, 1598, 532, 469, 1016, 1503, 359, 62, 925, 1500, 311, 1459, 368, 108, 1179, 2129, 1502, 231, 1289, 312, 53, 1338, 678, 2119, 1643, 2120, 1245, 693, 2149, 1489, 874, 1395, 1467, 1002, 521, 662, 1937, 1999, 1487, 1624, 1303, 1212, 1110, 677, 799, 1070, 18, 1690, 44, 2139, 668, 1921, 1792, 197, 856, 667, 1528, 1975, 420, 1956, 659, 993, 636, 2080, 1711, 822, 1109, 886, 1922, 1916, 801, 875, 666, 1794, 979, 43, 325, 211, 1980, 1227, 2107, 2036, 612, 321, 1771, 1705, 634, 406, 1413, 1400, 1523, 1163, 1936, 241, 774, 115, 1382, 372, 1486, 820, 1773, 1298, 393]",35,200,8,False,200
36,location,entity,1,True,False,True,"{1: 106, 0: 10, 4: 84}","[816, 387, 1942, 2167, 2071, 1129, 1505, 284, 849, 2082, 791, 1493, 331, 784, 2028, 589, 1762, 143, 1020, 633, 1934, 2, 1484, 1118, 1372, 712, 535, 1734, 783, 1634, 1331, 2041, 256, 426, 1311, 675, 584, 1189, 351, 1755, 1575, 553, 722, 1369, 609, 101, 1365, 976, 765, 1702, 1096, 1374, 118, 1670, 713, 1380, 1989, 1746, 1748, 882, 1875, 1309, 434, 517, 261, 556, 2117, 1652, 790, 165, 1308, 1263, 1793, 133, 691, 2092, 67, 863, 442, 1277, 1084, 186, 1627, 529, 1485, 1719, 1021, 595, 1632, 1735, 1603, 242, 497, 1638, 1201, 2077, 1531, 646, 1598, 532, 469, 1016, 1503, 359, 62, 925, 1500, 311, 1459, 368, 108, 1179, 2129, 1502, 231, 1289, 312, 53, 1338, 678, 2119, 1643, 2120, 1245, 693, 2149, 1489, 874, 1395, 1467, 1002, 521, 662, 1937, 1999, 1487, 1624, 1303, 1212, 1110, 677, 799, 1070, 18, 1690, 44, 2139, 668, 1921, 1792, 197, 856, 667, 1528, 1975, 420, 1956, 659, 993, 636, 2080, 1711, 822, 1109, 886, 1922, 1916, 801, 875, 666, 1794, 979, 43, 325, 211, 1980, 1227, 2107, 2036, 612, 321, 1771, 1705, 634, 406, 1413, 1400, 1523, 1163, 1936, 241, 774, 115, 1382, 372, 1486, 820, 1773, 1298, 393]",36,200,8,False,200
37,location,location,4,True,True,True,"{1: 106, 0: 10, 4: 84}","[816, 387, 1942, 2167, 2071, 1129, 1505, 284, 849, 2082, 791, 1493, 331, 784, 2028, 589, 1762, 143, 1020, 633, 1934, 2, 1484, 1118, 1372, 712, 535, 1734, 783, 1634, 1331, 2041, 256, 426, 1311, 675, 584, 1189, 351, 1755, 1575, 553, 722, 1369, 609, 101, 1365, 976, 765, 1702, 1096, 1374, 118, 1670, 713, 1380, 1989, 1746, 1748, 882, 1875, 1309, 434, 517, 261, 556, 2117, 1652, 790, 165, 1308, 1263, 1793, 133, 691, 2092, 67, 863, 442, 1277, 1084, 186, 1627, 529, 1485, 1719, 1021, 595, 1632, 1735, 1603, 242, 497, 1638, 1201, 2077, 1531, 646, 1598, 532, 469, 1016, 1503, 359, 62, 925, 1500, 311, 1459, 368, 108, 1179, 2129, 1502, 231, 1289, 312, 53, 1338, 678, 2119, 1643, 2120, 1245, 693, 2149, 1489, 874, 1395, 1467, 1002, 521, 662, 1937, 1999, 1487, 1624, 1303, 1212, 1110, 677, 799, 1070, 18, 1690, 44, 2139, 668, 1921, 1792, 197, 856, 667, 1528, 1975, 420, 1956, 659, 993, 636, 2080, 1711, 822, 1109, 886, 1922, 1916, 801, 875, 666, 1794, 979, 43, 325, 211, 1980, 1227, 2107, 2036, 612, 321, 1771, 1705, 634, 406, 1413, 1400, 1523, 1163, 1936, 241, 774, 115, 1382, 372, 1486, 820, 1773, 1298, 393]",37,200,8,False,200
38,entity,entity,1,True,True,True,"{1: 106, 0: 10, 4: 84}","[816, 387, 1942, 2167, 2071, 1129, 1505, 284, 849, 2082, 791, 1493, 331, 784, 2028, 589, 1762, 143, 1020, 633, 1934, 2, 1484, 1118, 1372, 712, 535, 1734, 783, 1634, 1331, 2041, 256, 426, 1311, 675, 584, 1189, 351, 1755, 1575, 553, 722, 1369, 609, 101, 1365, 976, 765, 1702, 1096, 1374, 118, 1670, 713, 1380, 1989, 1746, 1748, 882, 1875, 1309, 434, 517, 261, 556, 2117, 1652, 790, 165, 1308, 1263, 1793, 133, 691, 2092, 67, 863, 442, 1277, 1084, 186, 1627, 529, 1485, 1719, 1021, 595, 1632, 1735, 1603, 242, 497, 1638, 1201, 2077, 1531, 646, 1598, 532, 469, 1016, 1503, 359, 62, 925, 1500, 311, 1459, 368, 108, 1179, 2129, 1502, 231, 1289, 312, 53, 1338, 678, 2119, 1643, 2120, 1245, 693, 2149, 1489, 874, 1395, 1467, 1002, 521, 662, 1937, 1999, 1487, 1624, 1303, 1212, 1110, 677, 799, 1070, 18, 1690, 44, 2139, 668, 1921, 1792, 197, 856, 667, 1528, 1975, 420, 1956, 659, 993, 636, 2080, 1711, 822, 1109, 886, 1922, 1916, 801, 875, 666, 1794, 979, 43, 325, 211, 1980, 1227, 2107, 2036, 612, 321, 1771, 1705, 634, 406, 1413, 1400, 1523, 1163, 1936, 241, 774, 115, 1382, 372, 1486, 820, 1773, 1298, 393]",38,200,8,False,200
39,location,location,4,True,True,True,"{1: 106, 0: 10, 4: 84}","[816, 387, 1942, 2167, 2071, 1129, 1505, 284, 849, 2082, 791, 1493, 331, 784, 2028, 589, 1762, 143, 1020, 633, 1934, 2, 1484, 1118, 1372, 712, 535, 1734, 783, 1634, 1331, 2041, 256, 426, 1311, 675, 584, 1189, 351, 1755, 1575, 553, 722, 1369, 609, 101, 1365, 976, 765, 1702, 1096, 1374, 118, 1670, 713, 1380, 1989, 1746, 1748, 882, 1875, 1309, 434, 517, 261, 556, 2117, 1652, 790, 165, 1308, 1263, 1793, 133, 691, 2092, 67, 863, 442, 1277, 1084, 186, 1627, 529, 1485, 1719, 1021, 595, 1632, 1735, 1603, 242, 497, 1638, 1201, 2077, 1531, 646, 1598, 532, 469, 1016, 1503, 359, 62, 925, 1500, 311, 1459, 368, 108, 1179, 2129, 1502, 231, 1289, 312, 53, 1338, 678, 2119, 1643, 2120, 1245, 693, 2149, 1489, 874, 1395, 1467, 1002, 521, 662, 1937, 1999, 1487, 1624, 1303, 1212, 1110, 677, 799, 1070, 18, 1690, 44, 2139, 668, 1921, 1792, 197, 856, 667, 1528, 1975, 420, 1956, 659, 993, 636, 2080, 1711, 822, 1109, 886, 1922, 1916, 801, 875, 666, 1794, 979, 43, 325, 211, 1980, 1227, 2107, 2036, 612, 321, 1771, 1705, 634, 406, 1413, 1400, 1523, 1163, 1936, 241, 774, 115, 1382, 372, 1486, 820, 1773, 1298, 393]",39,200,8,False,200
40,entity,entity,1,True,True,True,"{1: 106, 0: 10, 4: 84}","[816, 387, 1942, 2167, 2071, 1129, 1505, 284, 849, 2082, 791, 1493, 331, 784, 2028, 589, 1762, 143, 1020, 633, 1934, 2, 1484, 1118, 1372, 712, 535, 1734, 783, 1634, 1331, 2041, 256, 426, 1311, 675, 584, 1189, 351, 1755, 1575, 553, 722, 1369, 609, 101, 1365, 976, 765, 1702, 1096, 1374, 118, 1670, 713, 1380, 1989, 1746, 1748, 882, 1875, 1309, 434, 517, 261, 556, 2117, 1652, 790, 165, 1308, 1263, 1793, 133, 691, 2092, 67, 863, 442, 1277, 1084, 186, 1627, 529, 1485, 1719, 1021, 595, 1632, 1735, 1603, 242, 497, 1638, 1201, 2077, 1531, 646, 1598, 532, 469, 1016, 1503, 359, 62, 925, 1500, 311, 1459, 368, 108, 1179, 2129, 1502, 231, 1289, 312, 53, 1338, 678, 2119, 1643, 2120, 1245, 693, 2149, 1489, 874, 1395, 1467, 1002, 521, 662, 1937, 1999, 1487, 1624, 1303, 1212, 1110, 677, 799, 1070, 18, 1690, 44, 2139, 668, 1921, 1792, 197, 856, 667, 1528, 1975, 420, 1956, 659, 993, 636, 2080, 1711, 822, 1109, 886, 1922, 1916, 801, 875, 666, 1794, 979, 43, 325, 211, 1980, 1227, 2107, 2036, 612, 321, 1771, 1705, 634, 406, 1413, 1400, 1523, 1163, 1936, 241, 774, 115, 1382, 372, 1486, 820, 1773, 1298, 393]",40,200,8,False,200
41,entity,entity,1,True,True,True,"{1: 106, 0: 10, 4: 84}","[816, 387, 1942, 2167, 2071, 1129, 1505, 284, 849, 2082, 791, 1493, 331, 784, 2028, 589, 1762, 143, 1020, 633, 1934, 2, 1484, 1118, 1372, 712, 535, 1734, 783, 1634, 1331, 2041, 256, 426, 1311, 675, 584, 1189, 351, 1755, 1575, 553, 722, 1369, 609, 101, 1365, 976, 765, 1702, 1096, 1374, 118, 1670, 713, 1380, 1989, 1746, 1748, 882, 1875, 1309, 434, 517, 261, 556, 2117, 1652, 790, 165, 1308, 1263, 1793, 133, 691, 2092, 67, 863, 442, 1277, 1084, 186, 1627, 529, 1485, 1719, 1021, 595, 1632, 1735, 1603, 242, 497, 1638, 1201, 2077, 1531, 646, 1598, 532, 469, 1016, 1503, 359, 62, 925, 1500, 311, 1459, 368, 108, 1179, 2129, 1502, 231, 1289, 312, 53, 1338, 678, 2119, 1643, 2120, 1245, 693, 2149, 1489, 874, 1395, 1467, 1002, 521, 662, 1937, 1999, 1487, 1624, 1303, 1212, 1110, 677, 799, 1070, 18, 1690, 44, 2139, 668, 1921, 1792, 197, 856, 667, 1528, 1975, 420, 1956, 659, 993, 636, 2080, 1711, 822, 1109, 886, 1922, 1916, 801, 875, 666, 1794, 979, 43, 325, 211, 1980, 1227, 2107, 2036, 612, 321, 1771, 1705, 634, 406, 1413, 1400, 1523, 1163, 1936, 241, 774, 115, 1382, 372, 1486, 820, 1773, 1298, 393]",41,200,8,False,200
42,entity,entity,1,True,True,True,"{1: 106, 0: 10, 4: 84}","[816, 387, 1942, 2167, 2071, 1129, 1505, 284, 849, 2082, 791, 1493, 331, 784, 2028, 589, 1762, 143, 1020, 633, 1934, 2, 1484, 1118, 1372, 712, 535, 1734, 783, 1634, 1331, 2041, 256, 426, 1311, 675, 584, 1189, 351, 1755, 1575, 553, 722, 1369, 609, 101, 1365, 976, 765, 1702, 1096, 1374, 118, 1670, 713, 1380, 1989, 1746, 1748, 882, 1875, 1309, 434, 517, 261, 556, 2117, 1652, 790, 165, 1308, 1263, 1793, 133, 691, 2092, 67, 863, 442, 1277, 1084, 186, 1627, 529, 1485, 1719, 1021, 595, 1632, 1735, 1603, 242, 497, 1638, 1201, 2077, 1531, 646, 1598, 532, 469, 1016, 1503, 359, 62, 925, 1500, 311, 1459, 368, 108, 1179, 2129, 1502, 231, 1289, 312, 53, 1338, 678, 2119, 1643, 2120, 1245, 693, 2149, 1489, 874, 1395, 1467, 1002, 521, 662, 1937, 1999, 1487, 1624, 1303, 1212, 1110, 677, 799, 1070, 18, 1690, 44, 2139, 668, 1921, 1792, 197, 856, 667, 1528, 1975, 420, 1956, 659, 993, 636, 2080, 1711, 822, 1109, 886, 1922, 1916, 801, 875, 666, 1794, 979, 43, 325, 211, 1980, 1227, 2107, 2036, 612, 321, 1771, 1705, 634, 406, 1413, 1400, 1523, 1163, 1936, 241, 774, 115, 1382, 372, 1486, 820, 1773, 1298, 393]",42,200,8,False,200
43,entity,entity,1,True,True,True,"{1: 106, 0: 10, 4: 84}","[816, 387, 1942, 2167, 2071, 1129, 1505, 284, 849, 2082, 791, 1493, 331, 784, 2028, 589, 1762, 143, 1020, 633, 1934, 2, 1484, 1118, 1372, 712, 535, 1734, 783, 1634, 1331, 2041, 256, 426, 1311, 675, 584, 1189, 351, 1755, 1575, 553, 722, 1369, 609, 101, 1365, 976, 765, 1702, 1096, 1374, 118, 1670, 713, 1380, 1989, 1746, 1748, 882, 1875, 1309, 434, 517, 261, 556, 2117, 1652, 790, 165, 1308, 1263, 1793, 133, 691, 2092, 67, 863, 442, 1277, 1084, 186, 1627, 529, 1485, 1719, 1021, 595, 1632, 1735, 1603, 242, 497, 1638, 1201, 2077, 1531, 646, 1598, 532, 469, 1016, 1503, 359, 62, 925, 1500, 311, 1459, 368, 108, 1179, 2129, 1502, 231, 1289, 312, 53, 1338, 678, 2119, 1643, 2120, 1245, 693, 2149, 1489, 874, 1395, 1467, 1002, 521, 662, 1937, 1999, 1487, 1624, 1303, 1212, 1110, 677, 799, 1070, 18, 1690, 44, 2139, 668, 1921, 1792, 197, 856, 667, 1528, 1975, 420, 1956, 659, 993, 636, 2080, 1711, 822, 1109, 886, 1922, 1916, 801, 875, 666, 1794, 979, 43, 325, 211, 1980, 1227, 2107, 2036, 612, 321, 1771, 1705, 634, 406, 1413, 1400, 1523, 1163, 1936, 241, 774, 115, 1382, 372, 1486, 820, 1773, 1298, 393]",43,200,8,False,200
44,location,location,4,True,True,True,"{1: 106, 0: 10, 4: 84}","[816, 387, 1942, 2167, 2071, 1129, 1505, 284, 849, 2082, 791, 1493, 331, 784, 2028, 589, 1762, 143, 1020, 633, 1934, 2, 1484, 1118, 1372, 712, 535, 1734, 783, 1634, 1331, 2041, 256, 426, 1311, 675, 584, 1189, 351, 1755, 1575, 553, 722, 1369, 609, 101, 1365, 976, 765, 1702, 1096, 1374, 118, 1670, 713, 1380, 1989, 1746, 1748, 882, 1875, 1309, 434, 517, 261, 556, 2117, 1652, 790, 165, 1308, 1263, 1793, 133, 691, 2092, 67, 863, 442, 1277, 1084, 186, 1627, 529, 1485, 1719, 1021, 595, 1632, 1735, 1603, 242, 497, 1638, 1201, 2077, 1531, 646, 1598, 532, 469, 1016, 1503, 359, 62, 925, 1500, 311, 1459, 368, 108, 1179, 2129, 1502, 231, 1289, 312, 53, 1338, 678, 2119, 1643, 2120, 1245, 693, 2149, 1489, 874, 1395, 1467, 1002, 521, 662, 1937, 1999, 1487, 1624, 1303, 1212, 1110, 677, 799, 1070, 18, 1690, 44, 2139, 668, 1921, 1792, 197, 856, 667, 1528, 1975, 420, 1956, 659, 993, 636, 2080, 1711, 822, 1109, 886, 1922, 1916, 801, 875, 666, 1794, 979, 43, 325, 211, 1980, 1227, 2107, 2036, 612, 321, 1771, 1705, 634, 406, 1413, 1400, 1523, 1163, 1936, 241, 774, 115, 1382, 372, 1486, 820, 1773, 1298, 393]",44,200,8,False,200
45,location,location,4,True,True,True,"{1: 106, 0: 10, 4: 84}","[816, 387, 1942, 2167, 2071, 1129, 1505, 284, 849, 2082, 791, 1493, 331, 784, 2028, 589, 1762, 143, 1020, 633, 1934, 2, 1484, 1118, 1372, 712, 535, 1734, 783, 1634, 1331, 2041, 256, 426, 1311, 675, 584, 1189, 351, 1755, 1575, 553, 722, 1369, 609, 101, 1365, 976, 765, 1702, 1096, 1374, 118, 1670, 713, 1380, 1989, 1746, 1748, 882, 1875, 1309, 434, 517, 261, 556, 2117, 1652, 790, 165, 1308, 1263, 1793, 133, 691, 2092, 67, 863, 442, 1277, 1084, 186, 1627, 529, 1485, 1719, 1021, 595, 1632, 1735, 1603, 242, 497, 1638, 1201, 2077, 1531, 646, 1598, 532, 469, 1016, 1503, 359, 62, 925, 1500, 311, 1459, 368, 108, 1179, 2129, 1502, 231, 1289, 312, 53, 1338, 678, 2119, 1643, 2120, 1245, 693, 2149, 1489, 874, 1395, 1467, 1002, 521, 662, 1937, 1999, 1487, 1624, 1303, 1212, 1110, 677, 799, 1070, 18, 1690, 44, 2139, 668, 1921, 1792, 197, 856, 667, 1528, 1975, 420, 1956, 659, 993, 636, 2080, 1711, 822, 1109, 886, 1922, 1916, 801, 875, 666, 1794, 979, 43, 325, 211, 1980, 1227, 2107, 2036, 612, 321, 1771, 1705, 634, 406, 1413, 1400, 1523, 1163, 1936, 241, 774, 115, 1382, 372, 1486, 820, 1773, 1298, 393]",45,200,8,False,200
46,location,location,4,True,True,True,"{1: 106, 0: 10, 4: 84}","[816, 387, 1942, 2167, 2071, 1129, 1505, 284, 849, 2082, 791, 1493, 331, 784, 2028, 589, 1762, 143, 1020, 633, 1934, 2, 1484, 1118, 1372, 712, 535, 1734, 783, 1634, 1331, 2041, 256, 426, 1311, 675, 584, 1189, 351, 1755, 1575, 553, 722, 1369, 609, 101, 1365, 976, 765, 1702, 1096, 1374, 118, 1670, 713, 1380, 1989, 1746, 1748, 882, 1875, 1309, 434, 517, 261, 556, 2117, 1652, 790, 165, 1308, 1263, 1793, 133, 691, 2092, 67, 863, 442, 1277, 1084, 186, 1627, 529, 1485, 1719, 1021, 595, 1632, 1735, 1603, 242, 497, 1638, 1201, 2077, 1531, 646, 1598, 532, 469, 1016, 1503, 359, 62, 925, 1500, 311, 1459, 368, 108, 1179, 2129, 1502, 231, 1289, 312, 53, 1338, 678, 2119, 1643, 2120, 1245, 693, 2149, 1489, 874, 1395, 1467, 1002, 521, 662, 1937, 1999, 1487, 1624, 1303, 1212, 1110, 677, 799, 1070, 18, 1690, 44, 2139, 668, 1921, 1792, 197, 856, 667, 1528, 1975, 420, 1956, 659, 993, 636, 2080, 1711, 822, 1109, 886, 1922, 1916, 801, 875, 666, 1794, 979, 43, 325, 211, 1980, 1227, 2107, 2036, 612, 321, 1771, 1705, 634, 406, 1413, 1400, 1523, 1163, 1936, 241, 774, 115, 1382, 372, 1486, 820, 1773, 1298, 393]",46,200,8,False,200
47,location,location,4,True,True,True,"{1: 106, 0: 10, 4: 84}","[816, 387, 1942, 2167, 2071, 1129, 1505, 284, 849, 2082, 791, 1493, 331, 784, 2028, 589, 1762, 143, 1020, 633, 1934, 2, 1484, 1118, 1372, 712, 535, 1734, 783, 1634, 1331, 2041, 256, 426, 1311, 675, 584, 1189, 351, 1755, 1575, 553, 722, 1369, 609, 101, 1365, 976, 765, 1702, 1096, 1374, 118, 1670, 713, 1380, 1989, 1746, 1748, 882, 1875, 1309, 434, 517, 261, 556, 2117, 1652, 790, 165, 1308, 1263, 1793, 133, 691, 2092, 67, 863, 442, 1277, 1084, 186, 1627, 529, 1485, 1719, 1021, 595, 1632, 1735, 1603, 242, 497, 1638, 1201, 2077, 1531, 646, 1598, 532, 469, 1016, 1503, 359, 62, 925, 1500, 311, 1459, 368, 108, 1179, 2129, 1502, 231, 1289, 312, 53, 1338, 678, 2119, 1643, 2120, 1245, 693, 2149, 1489, 874, 1395, 1467, 1002, 521, 662, 1937, 1999, 1487, 1624, 1303, 1212, 1110, 677, 799, 1070, 18, 1690, 44, 2139, 668, 1921, 1792, 197, 856, 667, 1528, 1975, 420, 1956, 659, 993, 636, 2080, 1711, 822, 1109, 886, 1922, 1916, 801, 875, 666, 1794, 979, 43, 325, 211, 1980, 1227, 2107, 2036, 612, 321, 1771, 1705, 634, 406, 1413, 1400, 1523, 1163, 1936, 241, 774, 115, 1382, 372, 1486, 820, 1773, 1298, 393]",47,200,8,False,200
48,location,location,4,True,True,True,"{1: 106, 0: 10, 4: 84}","[816, 387, 1942, 2167, 2071, 1129, 1505, 284, 849, 2082, 791, 1493, 331, 784, 2028, 589, 1762, 143, 1020, 633, 1934, 2, 1484, 1118, 1372, 712, 535, 1734, 783, 1634, 1331, 2041, 256, 426, 1311, 675, 584, 1189, 351, 1755, 1575, 553, 722, 1369, 609, 101, 1365, 976, 765, 1702, 1096, 1374, 118, 1670, 713, 1380, 1989, 1746, 1748, 882, 1875, 1309, 434, 517, 261, 556, 2117, 1652, 790, 165, 1308, 1263, 1793, 133, 691, 2092, 67, 863, 442, 1277, 1084, 186, 1627, 529, 1485, 1719, 1021, 595, 1632, 1735, 1603, 242, 497, 1638, 1201, 2077, 1531, 646, 1598, 532, 469, 1016, 1503, 359, 62, 925, 1500, 311, 1459, 368, 108, 1179, 2129, 1502, 231, 1289, 312, 53, 1338, 678, 2119, 1643, 2120, 1245, 693, 2149, 1489, 874, 1395, 1467, 1002, 521, 662, 1937, 1999, 1487, 1624, 1303, 1212, 1110, 677, 799, 1070, 18, 1690, 44, 2139, 668, 1921, 1792, 197, 856, 667, 1528, 1975, 420, 1956, 659, 993, 636, 2080, 1711, 822, 1109, 886, 1922, 1916, 801, 875, 666, 1794, 979, 43, 325, 211, 1980, 1227, 2107, 2036, 612, 321, 1771, 1705, 634, 406, 1413, 1400, 1523, 1163, 1936, 241, 774, 115, 1382, 372, 1486, 820, 1773, 1298, 393]",48,200,8,False,200
49,entity,entity,1,True,True,True,"{1: 106, 0: 10, 4: 84}","[816, 387, 1942, 2167, 2071, 1129, 1505, 284, 849, 2082, 791, 1493, 331, 784, 2028, 589, 1762, 143, 1020, 633, 1934, 2, 1484, 1118, 1372, 712, 535, 1734, 783, 1634, 1331, 2041, 256, 426, 1311, 675, 584, 1189, 351, 1755, 1575, 553, 722, 1369, 609, 101, 1365, 976, 765, 1702, 1096, 1374, 118, 1670, 713, 1380, 1989, 1746, 1748, 882, 1875, 1309, 434, 517, 261, 556, 2117, 1652, 790, 165, 1308, 1263, 1793, 133, 691, 2092, 67, 863, 442, 1277, 1084, 186, 1627, 529, 1485, 1719, 1021, 595, 1632, 1735, 1603, 242, 497, 1638, 1201, 2077, 1531, 646, 1598, 532, 469, 1016, 1503, 359, 62, 925, 1500, 311, 1459, 368, 108, 1179, 2129, 1502, 231, 1289, 312, 53, 1338, 678, 2119, 1643, 2120, 1245, 693, 2149, 1489, 874, 1395, 1467, 1002, 521, 662, 1937, 1999, 1487, 1624, 1303, 1212, 1110, 677, 799, 1070, 18, 1690, 44, 2139, 668, 1921, 1792, 197, 856, 667, 1528, 1975, 420, 1956, 659, 993, 636, 2080, 1711, 822, 1109, 886, 1922, 1916, 801, 875, 666, 1794, 979, 43, 325, 211, 1980, 1227, 2107, 2036, 612, 321, 1771, 1705, 634, 406, 1413, 1400, 1523, 1163, 1936, 241, 774, 115, 1382, 372, 1486, 820, 1773, 1298, 393]",49,200,8,False,200
50,location,location,4,True,True,True,"{1: 106, 0: 10, 4: 84}","[816, 387, 1942, 2167, 2071, 1129, 1505, 284, 849, 2082, 791, 1493, 331, 784, 2028, 589, 1762, 143, 1020, 633, 1934, 2, 1484, 1118, 1372, 712, 535, 1734, 783, 1634, 1331, 2041, 256, 426, 1311, 675, 584, 1189, 351, 1755, 1575, 553, 722, 1369, 609, 101, 1365, 976, 765, 1702, 1096, 1374, 118, 1670, 713, 1380, 1989, 1746, 1748, 882, 1875, 1309, 434, 517, 261, 556, 2117, 1652, 790, 165, 1308, 1263, 1793, 133, 691, 2092, 67, 863, 442, 1277, 1084, 186, 1627, 529, 1485, 1719, 1021, 595, 1632, 1735, 1603, 242, 497, 1638, 1201, 2077, 1531, 646, 1598, 532, 469, 1016, 1503, 359, 62, 925, 1500, 311, 1459, 368, 108, 1179, 2129, 1502, 231, 1289, 312, 53, 1338, 678, 2119, 1643, 2120, 1245, 693, 2149, 1489, 874, 1395, 1467, 1002, 521, 662, 1937, 1999, 1487, 1624, 1303, 1212, 1110, 677, 799, 1070, 18, 1690, 44, 2139, 668, 1921, 1792, 197, 856, 667, 1528, 1975, 420, 1956, 659, 993, 636, 2080, 1711, 822, 1109, 886, 1922, 1916, 801, 875, 666, 1794, 979, 43, 325, 211, 1980, 1227, 2107, 2036, 612, 321, 1771, 1705, 634, 406, 1413, 1400, 1523, 1163, 1936, 241, 774, 115, 1382, 372, 1486, 820, 1773, 1298, 393]",50,200,8,False,200
51,location,location,4,True,True,True,"{1: 106, 0: 10, 4: 84}","[816, 387, 1942, 2167, 2071, 1129, 1505, 284, 849, 2082, 791, 1493, 331, 784, 2028, 589, 1762, 143, 1020, 633, 1934, 2, 1484, 1118, 1372, 712, 535, 1734, 783, 1634, 1331, 2041, 256, 426, 1311, 675, 584, 1189, 351, 1755, 1575, 553, 722, 1369, 609, 101, 1365, 976, 765, 1702, 1096, 1374, 118, 1670, 713, 1380, 1989, 1746, 1748, 882, 1875, 1309, 434, 517, 261, 556, 2117, 1652, 790, 165, 1308, 1263, 1793, 133, 691, 2092, 67, 863, 442, 1277, 1084, 186, 1627, 529, 1485, 1719, 1021, 595, 1632, 1735, 1603, 242, 497, 1638, 1201, 2077, 1531, 646, 1598, 532, 469, 1016, 1503, 359, 62, 925, 1500, 311, 1459, 368, 108, 1179, 2129, 1502, 231, 1289, 312, 53, 1338, 678, 2119, 1643, 2120, 1245, 693, 2149, 1489, 874, 1395, 1467, 1002, 521, 662, 1937, 1999, 1487, 1624, 1303, 1212, 1110, 677, 799, 1070, 18, 1690, 44, 2139, 668, 1921, 1792, 197, 856, 667, 1528, 1975, 420, 1956, 659, 993, 636, 2080, 1711, 822, 1109, 886, 1922, 1916, 801, 875, 666, 1794, 979, 43, 325, 211, 1980, 1227, 2107, 2036, 612, 321, 1771, 1705, 634, 406, 1413, 1400, 1523, 1163, 1936, 241, 774, 115, 1382, 372, 1486, 820, 1773, 1298, 393]",51,200,8,False,200
52,location,location,4,True,True,True,"{1: 106, 0: 10, 4: 84}","[816, 387, 1942, 2167, 2071, 1129, 1505, 284, 849, 2082, 791, 1493, 331, 784, 2028, 589, 1762, 143, 1020, 633, 1934, 2, 1484, 1118, 1372, 712, 535, 1734, 783, 1634, 1331, 2041, 256, 426, 1311, 675, 584, 1189, 351, 1755, 1575, 553, 722, 1369, 609, 101, 1365, 976, 765, 1702, 1096, 1374, 118, 1670, 713, 1380, 1989, 1746, 1748, 882, 1875, 1309, 434, 517, 261, 556, 2117, 1652, 790, 165, 1308, 1263, 1793, 133, 691, 2092, 67, 863, 442, 1277, 1084, 186, 1627, 529, 1485, 1719, 1021, 595, 1632, 1735, 1603, 242, 497, 1638, 1201, 2077, 1531, 646, 1598, 532, 469, 1016, 1503, 359, 62, 925, 1500, 311, 1459, 368, 108, 1179, 2129, 1502, 231, 1289, 312, 53, 1338, 678, 2119, 1643, 2120, 1245, 693, 2149, 1489, 874, 1395, 1467, 1002, 521, 662, 1937, 1999, 1487, 1624, 1303, 1212, 1110, 677, 799, 1070, 18, 1690, 44, 2139, 668, 1921, 1792, 197, 856, 667, 1528, 1975, 420, 1956, 659, 993, 636, 2080, 1711, 822, 1109, 886, 1922, 1916, 801, 875, 666, 1794, 979, 43, 325, 211, 1980, 1227, 2107, 2036, 612, 321, 1771, 1705, 634, 406, 1413, 1400, 1523, 1163, 1936, 241, 774, 115, 1382, 372, 1486, 820, 1773, 1298, 393]",52,200,8,False,200
53,location,location,4,True,True,True,"{1: 106, 0: 10, 4: 84}","[816, 387, 1942, 2167, 2071, 1129, 1505, 284, 849, 2082, 791, 1493, 331, 784, 2028, 589, 1762, 143, 1020, 633, 1934, 2, 1484, 1118, 1372, 712, 535, 1734, 783, 1634, 1331, 2041, 256, 426, 1311, 675, 584, 1189, 351, 1755, 1575, 553, 722, 1369, 609, 101, 1365, 976, 765, 1702, 1096, 1374, 118, 1670, 713, 1380, 1989, 1746, 1748, 882, 1875, 1309, 434, 517, 261, 556, 2117, 1652, 790, 165, 1308, 1263, 1793, 133, 691, 2092, 67, 863, 442, 1277, 1084, 186, 1627, 529, 1485, 1719, 1021, 595, 1632, 1735, 1603, 242, 497, 1638, 1201, 2077, 1531, 646, 1598, 532, 469, 1016, 1503, 359, 62, 925, 1500, 311, 1459, 368, 108, 1179, 2129, 1502, 231, 1289, 312, 53, 1338, 678, 2119, 1643, 2120, 1245, 693, 2149, 1489, 874, 1395, 1467, 1002, 521, 662, 1937, 1999, 1487, 1624, 1303, 1212, 1110, 677, 799, 1070, 18, 1690, 44, 2139, 668, 1921, 1792, 197, 856, 667, 1528, 1975, 420, 1956, 659, 993, 636, 2080, 1711, 822, 1109, 886, 1922, 1916, 801, 875, 666, 1794, 979, 43, 325, 211, 1980, 1227, 2107, 2036, 612, 321, 1771, 1705, 634, 406, 1413, 1400, 1523, 1163, 1936, 241, 774, 115, 1382, 372, 1486, 820, 1773, 1298, 393]",53,200,8,False,200
54,location,location,4,True,True,True,"{1: 106, 0: 10, 4: 84}","[816, 387, 1942, 2167, 2071, 1129, 1505, 284, 849, 2082, 791, 1493, 331, 784, 2028, 589, 1762, 143, 1020, 633, 1934, 2, 1484, 1118, 1372, 712, 535, 1734, 783, 1634, 1331, 2041, 256, 426, 1311, 675, 584, 1189, 351, 1755, 1575, 553, 722, 1369, 609, 101, 1365, 976, 765, 1702, 1096, 1374, 118, 1670, 713, 1380, 1989, 1746, 1748, 882, 1875, 1309, 434, 517, 261, 556, 2117, 1652, 790, 165, 1308, 1263, 1793, 133, 691, 2092, 67, 863, 442, 1277, 1084, 186, 1627, 529, 1485, 1719, 1021, 595, 1632, 1735, 1603, 242, 497, 1638, 1201, 2077, 1531, 646, 1598, 532, 469, 1016, 1503, 359, 62, 925, 1500, 311, 1459, 368, 108, 1179, 2129, 1502, 231, 1289, 312, 53, 1338, 678, 2119, 1643, 2120, 1245, 693, 2149, 1489, 874, 1395, 1467, 1002, 521, 662, 1937, 1999, 1487, 1624, 1303, 1212, 1110, 677, 799, 1070, 18, 1690, 44, 2139, 668, 1921, 1792, 197, 856, 667, 1528, 1975, 420, 1956, 659, 993, 636, 2080, 1711, 822, 1109, 886, 1922, 1916, 801, 875, 666, 1794, 979, 43, 325, 211, 1980, 1227, 2107, 2036, 612, 321, 1771, 1705, 634, 406, 1413, 1400, 1523, 1163, 1936, 241, 774, 115, 1382, 372, 1486, 820, 1773, 1298, 393]",54,200,8,False,200
55,entity,entity,1,True,True,True,"{1: 106, 0: 10, 4: 84}","[816, 387, 1942, 2167, 2071, 1129, 1505, 284, 849, 2082, 791, 1493, 331, 784, 2028, 589, 1762, 143, 1020, 633, 1934, 2, 1484, 1118, 1372, 712, 535, 1734, 783, 1634, 1331, 2041, 256, 426, 1311, 675, 584, 1189, 351, 1755, 1575, 553, 722, 1369, 609, 101, 1365, 976, 765, 1702, 1096, 1374, 118, 1670, 713, 1380, 1989, 1746, 1748, 882, 1875, 1309, 434, 517, 261, 556, 2117, 1652, 790, 165, 1308, 1263, 1793, 133, 691, 2092, 67, 863, 442, 1277, 1084, 186, 1627, 529, 1485, 1719, 1021, 595, 1632, 1735, 1603, 242, 497, 1638, 1201, 2077, 1531, 646, 1598, 532, 469, 1016, 1503, 359, 62, 925, 1500, 311, 1459, 368, 108, 1179, 2129, 1502, 231, 1289, 312, 53, 1338, 678, 2119, 1643, 2120, 1245, 693, 2149, 1489, 874, 1395, 1467, 1002, 521, 662, 1937, 1999, 1487, 1624, 1303, 1212, 1110, 677, 799, 1070, 18, 1690, 44, 2139, 668, 1921, 1792, 197, 856, 667, 1528, 1975, 420, 1956, 659, 993, 636, 2080, 1711, 822, 1109, 886, 1922, 1916, 801, 875, 666, 1794, 979, 43, 325, 211, 1980, 1227, 2107, 2036, 612, 321, 1771, 1705, 634, 406, 1413, 1400, 1523, 1163, 1936, 241, 774, 115, 1382, 372, 1486, 820, 1773, 1298, 393]",55,200,8,False,200
56,location,location,4,True,True,True,"{1: 106, 0: 10, 4: 84}","[816, 387, 1942, 2167, 2071, 1129, 1505, 284, 849, 2082, 791, 1493, 331, 784, 2028, 589, 1762, 143, 1020, 633, 1934, 2, 1484, 1118, 1372, 712, 535, 1734, 783, 1634, 1331, 2041, 256, 426, 1311, 675, 584, 1189, 351, 1755, 1575, 553, 722, 1369, 609, 101, 1365, 976, 765, 1702, 1096, 1374, 118, 1670, 713, 1380, 1989, 1746, 1748, 882, 1875, 1309, 434, 517, 261, 556, 2117, 1652, 790, 165, 1308, 1263, 1793, 133, 691, 2092, 67, 863, 442, 1277, 1084, 186, 1627, 529, 1485, 1719, 1021, 595, 1632, 1735, 1603, 242, 497, 1638, 1201, 2077, 1531, 646, 1598, 532, 469, 1016, 1503, 359, 62, 925, 1500, 311, 1459, 368, 108, 1179, 2129, 1502, 231, 1289, 312, 53, 1338, 678, 2119, 1643, 2120, 1245, 693, 2149, 1489, 874, 1395, 1467, 1002, 521, 662, 1937, 1999, 1487, 1624, 1303, 1212, 1110, 677, 799, 1070, 18, 1690, 44, 2139, 668, 1921, 1792, 197, 856, 667, 1528, 1975, 420, 1956, 659, 993, 636, 2080, 1711, 822, 1109, 886, 1922, 1916, 801, 875, 666, 1794, 979, 43, 325, 211, 1980, 1227, 2107, 2036, 612, 321, 1771, 1705, 634, 406, 1413, 1400, 1523, 1163, 1936, 241, 774, 115, 1382, 372, 1486, 820, 1773, 1298, 393]",56,200,8,False,200
57,location,location,4,True,True,True,"{1: 106, 0: 10, 4: 84}","[816, 387, 1942, 2167, 2071, 1129, 1505, 284, 849, 2082, 791, 1493, 331, 784, 2028, 589, 1762, 143, 1020, 633, 1934, 2, 1484, 1118, 1372, 712, 535, 1734, 783, 1634, 1331, 2041, 256, 426, 1311, 675, 584, 1189, 351, 1755, 1575, 553, 722, 1369, 609, 101, 1365, 976, 765, 1702, 1096, 1374, 118, 1670, 713, 1380, 1989, 1746, 1748, 882, 1875, 1309, 434, 517, 261, 556, 2117, 1652, 790, 165, 1308, 1263, 1793, 133, 691, 2092, 67, 863, 442, 1277, 1084, 186, 1627, 529, 1485, 1719, 1021, 595, 1632, 1735, 1603, 242, 497, 1638, 1201, 2077, 1531, 646, 1598, 532, 469, 1016, 1503, 359, 62, 925, 1500, 311, 1459, 368, 108, 1179, 2129, 1502, 231, 1289, 312, 53, 1338, 678, 2119, 1643, 2120, 1245, 693, 2149, 1489, 874, 1395, 1467, 1002, 521, 662, 1937, 1999, 1487, 1624, 1303, 1212, 1110, 677, 799, 1070, 18, 1690, 44, 2139, 668, 1921, 1792, 197, 856, 667, 1528, 1975, 420, 1956, 659, 993, 636, 2080, 1711, 822, 1109, 886, 1922, 1916, 801, 875, 666, 1794, 979, 43, 325, 211, 1980, 1227, 2107, 2036, 612, 321, 1771, 1705, 634, 406, 1413, 1400, 1523, 1163, 1936, 241, 774, 115, 1382, 372, 1486, 820, 1773, 1298, 393]",57,200,8,False,200
58,entity,entity,1,True,True,True,"{1: 106, 0: 10, 4: 84}","[816, 387, 1942, 2167, 2071, 1129, 1505, 284, 849, 2082, 791, 1493, 331, 784, 2028, 589, 1762, 143, 1020, 633, 1934, 2, 1484, 1118, 1372, 712, 535, 1734, 783, 1634, 1331, 2041, 256, 426, 1311, 675, 584, 1189, 351, 1755, 1575, 553, 722, 1369, 609, 101, 1365, 976, 765, 1702, 1096, 1374, 118, 1670, 713, 1380, 1989, 1746, 1748, 882, 1875, 1309, 434, 517, 261, 556, 2117, 1652, 790, 165, 1308, 1263, 1793, 133, 691, 2092, 67, 863, 442, 1277, 1084, 186, 1627, 529, 1485, 1719, 1021, 595, 1632, 1735, 1603, 242, 497, 1638, 1201, 2077, 1531, 646, 1598, 532, 469, 1016, 1503, 359, 62, 925, 1500, 311, 1459, 368, 108, 1179, 2129, 1502, 231, 1289, 312, 53, 1338, 678, 2119, 1643, 2120, 1245, 693, 2149, 1489, 874, 1395, 1467, 1002, 521, 662, 1937, 1999, 1487, 1624, 1303, 1212, 1110, 677, 799, 1070, 18, 1690, 44, 2139, 668, 1921, 1792, 197, 856, 667, 1528, 1975, 420, 1956, 659, 993, 636, 2080, 1711, 822, 1109, 886, 1922, 1916, 801, 875, 666, 1794, 979, 43, 325, 211, 1980, 1227, 2107, 2036, 612, 321, 1771, 1705, 634, 406, 1413, 1400, 1523, 1163, 1936, 241, 774, 115, 1382, 372, 1486, 820, 1773, 1298, 393]",58,200,8,False,200
59,location,location,4,True,True,True,"{1: 106, 0: 10, 4: 84}","[816, 387, 1942, 2167, 2071, 1129, 1505, 284, 849, 2082, 791, 1493, 331, 784, 2028, 589, 1762, 143, 1020, 633, 1934, 2, 1484, 1118, 1372, 712, 535, 1734, 783, 1634, 1331, 2041, 256, 426, 1311, 675, 584, 1189, 351, 1755, 1575, 553, 722, 1369, 609, 101, 1365, 976, 765, 1702, 1096, 1374, 118, 1670, 713, 1380, 1989, 1746, 1748, 882, 1875, 1309, 434, 517, 261, 556, 2117, 1652, 790, 165, 1308, 1263, 1793, 133, 691, 2092, 67, 863, 442, 1277, 1084, 186, 1627, 529, 1485, 1719, 1021, 595, 1632, 1735, 1603, 242, 497, 1638, 1201, 2077, 1531, 646, 1598, 532, 469, 1016, 1503, 359, 62, 925, 1500, 311, 1459, 368, 108, 1179, 2129, 1502, 231, 1289, 312, 53, 1338, 678, 2119, 1643, 2120, 1245, 693, 2149, 1489, 874, 1395, 1467, 1002, 521, 662, 1937, 1999, 1487, 1624, 1303, 1212, 1110, 677, 799, 1070, 18, 1690, 44, 2139, 668, 1921, 1792, 197, 856, 667, 1528, 1975, 420, 1956, 659, 993, 636, 2080, 1711, 822, 1109, 886, 1922, 1916, 801, 875, 666, 1794, 979, 43, 325, 211, 1980, 1227, 2107, 2036, 612, 321, 1771, 1705, 634, 406, 1413, 1400, 1523, 1163, 1936, 241, 774, 115, 1382, 372, 1486, 820, 1773, 1298, 393]",59,200,8,False,200
60,entity,entity,1,True,True,True,"{1: 106, 0: 10, 4: 84}","[816, 387, 1942, 2167, 2071, 1129, 1505, 284, 849, 2082, 791, 1493, 331, 784, 2028, 589, 1762, 143, 1020, 633, 1934, 2, 1484, 1118, 1372, 712, 535, 1734, 783, 1634, 1331, 2041, 256, 426, 1311, 675, 584, 1189, 351, 1755, 1575, 553, 722, 1369, 609, 101, 1365, 976, 765, 1702, 1096, 1374, 118, 1670, 713, 1380, 1989, 1746, 1748, 882, 1875, 1309, 434, 517, 261, 556, 2117, 1652, 790, 165, 1308, 1263, 1793, 133, 691, 2092, 67, 863, 442, 1277, 1084, 186, 1627, 529, 1485, 1719, 1021, 595, 1632, 1735, 1603, 242, 497, 1638, 1201, 2077, 1531, 646, 1598, 532, 469, 1016, 1503, 359, 62, 925, 1500, 311, 1459, 368, 108, 1179, 2129, 1502, 231, 1289, 312, 53, 1338, 678, 2119, 1643, 2120, 1245, 693, 2149, 1489, 874, 1395, 1467, 1002, 521, 662, 1937, 1999, 1487, 1624, 1303, 1212, 1110, 677, 799, 1070, 18, 1690, 44, 2139, 668, 1921, 1792, 197, 856, 667, 1528, 1975, 420, 1956, 659, 993, 636, 2080, 1711, 822, 1109, 886, 1922, 1916, 801, 875, 666, 1794, 979, 43, 325, 211, 1980, 1227, 2107, 2036, 612, 321, 1771, 1705, 634, 406, 1413, 1400, 1523, 1163, 1936, 241, 774, 115, 1382, 372, 1486, 820, 1773, 1298, 393]",60,200,8,False,200
61,entity,entity,1,True,True,True,"{1: 106, 0: 10, 4: 84}","[816, 387, 1942, 2167, 2071, 1129, 1505, 284, 849, 2082, 791, 1493, 331, 784, 2028, 589, 1762, 143, 1020, 633, 1934, 2, 1484, 1118, 1372, 712, 535, 1734, 783, 1634, 1331, 2041, 256, 426, 1311, 675, 584, 1189, 351, 1755, 1575, 553, 722, 1369, 609, 101, 1365, 976, 765, 1702, 1096, 1374, 118, 1670, 713, 1380, 1989, 1746, 1748, 882, 1875, 1309, 434, 517, 261, 556, 2117, 1652, 790, 165, 1308, 1263, 1793, 133, 691, 2092, 67, 863, 442, 1277, 1084, 186, 1627, 529, 1485, 1719, 1021, 595, 1632, 1735, 1603, 242, 497, 1638, 1201, 2077, 1531, 646, 1598, 532, 469, 1016, 1503, 359, 62, 925, 1500, 311, 1459, 368, 108, 1179, 2129, 1502, 231, 1289, 312, 53, 1338, 678, 2119, 1643, 2120, 1245, 693, 2149, 1489, 874, 1395, 1467, 1002, 521, 662, 1937, 1999, 1487, 1624, 1303, 1212, 1110, 677, 799, 1070, 18, 1690, 44, 2139, 668, 1921, 1792, 197, 856, 667, 1528, 1975, 420, 1956, 659, 993, 636, 2080, 1711, 822, 1109, 886, 1922, 1916, 801, 875, 666, 1794, 979, 43, 325, 211, 1980, 1227, 2107, 2036, 612, 321, 1771, 1705, 634, 406, 1413, 1400, 1523, 1163, 1936, 241, 774, 115, 1382, 372, 1486, 820, 1773, 1298, 393]",61,200,8,False,200
62,location,location,4,True,True,True,"{1: 106, 0: 10, 4: 84}","[816, 387, 1942, 2167, 2071, 1129, 1505, 284, 849, 2082, 791, 1493, 331, 784, 2028, 589, 1762, 143, 1020, 633, 1934, 2, 1484, 1118, 1372, 712, 535, 1734, 783, 1634, 1331, 2041, 256, 426, 1311, 675, 584, 1189, 351, 1755, 1575, 553, 722, 1369, 609, 101, 1365, 976, 765, 1702, 1096, 1374, 118, 1670, 713, 1380, 1989, 1746, 1748, 882, 1875, 1309, 434, 517, 261, 556, 2117, 1652, 790, 165, 1308, 1263, 1793, 133, 691, 2092, 67, 863, 442, 1277, 1084, 186, 1627, 529, 1485, 1719, 1021, 595, 1632, 1735, 1603, 242, 497, 1638, 1201, 2077, 1531, 646, 1598, 532, 469, 1016, 1503, 359, 62, 925, 1500, 311, 1459, 368, 108, 1179, 2129, 1502, 231, 1289, 312, 53, 1338, 678, 2119, 1643, 2120, 1245, 693, 2149, 1489, 874, 1395, 1467, 1002, 521, 662, 1937, 1999, 1487, 1624, 1303, 1212, 1110, 677, 799, 1070, 18, 1690, 44, 2139, 668, 1921, 1792, 197, 856, 667, 1528, 1975, 420, 1956, 659, 993, 636, 2080, 1711, 822, 1109, 886, 1922, 1916, 801, 875, 666, 1794, 979, 43, 325, 211, 1980, 1227, 2107, 2036, 612, 321, 1771, 1705, 634, 406, 1413, 1400, 1523, 1163, 1936, 241, 774, 115, 1382, 372, 1486, 820, 1773, 1298, 393]",62,200,8,False,200
63,entity,entity,1,True,True,True,"{1: 106, 0: 10, 4: 84}","[816, 387, 1942, 2167, 2071, 1129, 1505, 284, 849, 2082, 791, 1493, 331, 784, 2028, 589, 1762, 143, 1020, 633, 1934, 2, 1484, 1118, 1372, 712, 535, 1734, 783, 1634, 1331, 2041, 256, 426, 1311, 675, 584, 1189, 351, 1755, 1575, 553, 722, 1369, 609, 101, 1365, 976, 765, 1702, 1096, 1374, 118, 1670, 713, 1380, 1989, 1746, 1748, 882, 1875, 1309, 434, 517, 261, 556, 2117, 1652, 790, 165, 1308, 1263, 1793, 133, 691, 2092, 67, 863, 442, 1277, 1084, 186, 1627, 529, 1485, 1719, 1021, 595, 1632, 1735, 1603, 242, 497, 1638, 1201, 2077, 1531, 646, 1598, 532, 469, 1016, 1503, 359, 62, 925, 1500, 311, 1459, 368, 108, 1179, 2129, 1502, 231, 1289, 312, 53, 1338, 678, 2119, 1643, 2120, 1245, 693, 2149, 1489, 874, 1395, 1467, 1002, 521, 662, 1937, 1999, 1487, 1624, 1303, 1212, 1110, 677, 799, 1070, 18, 1690, 44, 2139, 668, 1921, 1792, 197, 856, 667, 1528, 1975, 420, 1956, 659, 993, 636, 2080, 1711, 822, 1109, 886, 1922, 1916, 801, 875, 666, 1794, 979, 43, 325, 211, 1980, 1227, 2107, 2036, 612, 321, 1771, 1705, 634, 406, 1413, 1400, 1523, 1163, 1936, 241, 774, 115, 1382, 372, 1486, 820, 1773, 1298, 393]",63,200,8,False,200
64,entity,entity,1,True,True,True,"{1: 106, 0: 10, 4: 84}","[816, 387, 1942, 2167, 2071, 1129, 1505, 284, 849, 2082, 791, 1493, 331, 784, 2028, 589, 1762, 143, 1020, 633, 1934, 2, 1484, 1118, 1372, 712, 535, 1734, 783, 1634, 1331, 2041, 256, 426, 1311, 675, 584, 1189, 351, 1755, 1575, 553, 722, 1369, 609, 101, 1365, 976, 765, 1702, 1096, 1374, 118, 1670, 713, 1380, 1989, 1746, 1748, 882, 1875, 1309, 434, 517, 261, 556, 2117, 1652, 790, 165, 1308, 1263, 1793, 133, 691, 2092, 67, 863, 442, 1277, 1084, 186, 1627, 529, 1485, 1719, 1021, 595, 1632, 1735, 1603, 242, 497, 1638, 1201, 2077, 1531, 646, 1598, 532, 469, 1016, 1503, 359, 62, 925, 1500, 311, 1459, 368, 108, 1179, 2129, 1502, 231, 1289, 312, 53, 1338, 678, 2119, 1643, 2120, 1245, 693, 2149, 1489, 874, 1395, 1467, 1002, 521, 662, 1937, 1999, 1487, 1624, 1303, 1212, 1110, 677, 799, 1070, 18, 1690, 44, 2139, 668, 1921, 1792, 197, 856, 667, 1528, 1975, 420, 1956, 659, 993, 636, 2080, 1711, 822, 1109, 886, 1922, 1916, 801, 875, 666, 1794, 979, 43, 325, 211, 1980, 1227, 2107, 2036, 612, 321, 1771, 1705, 634, 406, 1413, 1400, 1523, 1163, 1936, 241, 774, 115, 1382, 372, 1486, 820, 1773, 1298, 393]",64,200,8,False,200
65,entity,entity,1,True,True,True,"{1: 106, 0: 10, 4: 84}","[816, 387, 1942, 2167, 2071, 1129, 1505, 284, 849, 2082, 791, 1493, 331, 784, 2028, 589, 1762, 143, 1020, 633, 1934, 2, 1484, 1118, 1372, 712, 535, 1734, 783, 1634, 1331, 2041, 256, 426, 1311, 675, 584, 1189, 351, 1755, 1575, 553, 722, 1369, 609, 101, 1365, 976, 765, 1702, 1096, 1374, 118, 1670, 713, 1380, 1989, 1746, 1748, 882, 1875, 1309, 434, 517, 261, 556, 2117, 1652, 790, 165, 1308, 1263, 1793, 133, 691, 2092, 67, 863, 442, 1277, 1084, 186, 1627, 529, 1485, 1719, 1021, 595, 1632, 1735, 1603, 242, 497, 1638, 1201, 2077, 1531, 646, 1598, 532, 469, 1016, 1503, 359, 62, 925, 1500, 311, 1459, 368, 108, 1179, 2129, 1502, 231, 1289, 312, 53, 1338, 678, 2119, 1643, 2120, 1245, 693, 2149, 1489, 874, 1395, 1467, 1002, 521, 662, 1937, 1999, 1487, 1624, 1303, 1212, 1110, 677, 799, 1070, 18, 1690, 44, 2139, 668, 1921, 1792, 197, 856, 667, 1528, 1975, 420, 1956, 659, 993, 636, 2080, 1711, 822, 1109, 886, 1922, 1916, 801, 875, 666, 1794, 979, 43, 325, 211, 1980, 1227, 2107, 2036, 612, 321, 1771, 1705, 634, 406, 1413, 1400, 1523, 1163, 1936, 241, 774, 115, 1382, 372, 1486, 820, 1773, 1298, 393]",65,200,8,False,200
66,entity,entity,1,True,True,True,"{1: 106, 0: 10, 4: 84}","[816, 387, 1942, 2167, 2071, 1129, 1505, 284, 849, 2082, 791, 1493, 331, 784, 2028, 589, 1762, 143, 1020, 633, 1934, 2, 1484, 1118, 1372, 712, 535, 1734, 783, 1634, 1331, 2041, 256, 426, 1311, 675, 584, 1189, 351, 1755, 1575, 553, 722, 1369, 609, 101, 1365, 976, 765, 1702, 1096, 1374, 118, 1670, 713, 1380, 1989, 1746, 1748, 882, 1875, 1309, 434, 517, 261, 556, 2117, 1652, 790, 165, 1308, 1263, 1793, 133, 691, 2092, 67, 863, 442, 1277, 1084, 186, 1627, 529, 1485, 1719, 1021, 595, 1632, 1735, 1603, 242, 497, 1638, 1201, 2077, 1531, 646, 1598, 532, 469, 1016, 1503, 359, 62, 925, 1500, 311, 1459, 368, 108, 1179, 2129, 1502, 231, 1289, 312, 53, 1338, 678, 2119, 1643, 2120, 1245, 693, 2149, 1489, 874, 1395, 1467, 1002, 521, 662, 1937, 1999, 1487, 1624, 1303, 1212, 1110, 677, 799, 1070, 18, 1690, 44, 2139, 668, 1921, 1792, 197, 856, 667, 1528, 1975, 420, 1956, 659, 993, 636, 2080, 1711, 822, 1109, 886, 1922, 1916, 801, 875, 666, 1794, 979, 43, 325, 211, 1980, 1227, 2107, 2036, 612, 321, 1771, 1705, 634, 406, 1413, 1400, 1523, 1163, 1936, 241, 774, 115, 1382, 372, 1486, 820, 1773, 1298, 393]",66,200,8,False,200
67,location,location,4,True,True,True,"{1: 106, 0: 10, 4: 84}","[816, 387, 1942, 2167, 2071, 1129, 1505, 284, 849, 2082, 791, 1493, 331, 784, 2028, 589, 1762, 143, 1020, 633, 1934, 2, 1484, 1118, 1372, 712, 535, 1734, 783, 1634, 1331, 2041, 256, 426, 1311, 675, 584, 1189, 351, 1755, 1575, 553, 722, 1369, 609, 101, 1365, 976, 765, 1702, 1096, 1374, 118, 1670, 713, 1380, 1989, 1746, 1748, 882, 1875, 1309, 434, 517, 261, 556, 2117, 1652, 790, 165, 1308, 1263, 1793, 133, 691, 2092, 67, 863, 442, 1277, 1084, 186, 1627, 529, 1485, 1719, 1021, 595, 1632, 1735, 1603, 242, 497, 1638, 1201, 2077, 1531, 646, 1598, 532, 469, 1016, 1503, 359, 62, 925, 1500, 311, 1459, 368, 108, 1179, 2129, 1502, 231, 1289, 312, 53, 1338, 678, 2119, 1643, 2120, 1245, 693, 2149, 1489, 874, 1395, 1467, 1002, 521, 662, 1937, 1999, 1487, 1624, 1303, 1212, 1110, 677, 799, 1070, 18, 1690, 44, 2139, 668, 1921, 1792, 197, 856, 667, 1528, 1975, 420, 1956, 659, 993, 636, 2080, 1711, 822, 1109, 886, 1922, 1916, 801, 875, 666, 1794, 979, 43, 325, 211, 1980, 1227, 2107, 2036, 612, 321, 1771, 1705, 634, 406, 1413, 1400, 1523, 1163, 1936, 241, 774, 115, 1382, 372, 1486, 820, 1773, 1298, 393]",67,200,8,False,200
68,entity,entity,1,True,True,True,"{1: 106, 0: 10, 4: 84}","[816, 387, 1942, 2167, 2071, 1129, 1505, 284, 849, 2082, 791, 1493, 331, 784, 2028, 589, 1762, 143, 1020, 633, 1934, 2, 1484, 1118, 1372, 712, 535, 1734, 783, 1634, 1331, 2041, 256, 426, 1311, 675, 584, 1189, 351, 1755, 1575, 553, 722, 1369, 609, 101, 1365, 976, 765, 1702, 1096, 1374, 118, 1670, 713, 1380, 1989, 1746, 1748, 882, 1875, 1309, 434, 517, 261, 556, 2117, 1652, 790, 165, 1308, 1263, 1793, 133, 691, 2092, 67, 863, 442, 1277, 1084, 186, 1627, 529, 1485, 1719, 1021, 595, 1632, 1735, 1603, 242, 497, 1638, 1201, 2077, 1531, 646, 1598, 532, 469, 1016, 1503, 359, 62, 925, 1500, 311, 1459, 368, 108, 1179, 2129, 1502, 231, 1289, 312, 53, 1338, 678, 2119, 1643, 2120, 1245, 693, 2149, 1489, 874, 1395, 1467, 1002, 521, 662, 1937, 1999, 1487, 1624, 1303, 1212, 1110, 677, 799, 1070, 18, 1690, 44, 2139, 668, 1921, 1792, 197, 856, 667, 1528, 1975, 420, 1956, 659, 993, 636, 2080, 1711, 822, 1109, 886, 1922, 1916, 801, 875, 666, 1794, 979, 43, 325, 211, 1980, 1227, 2107, 2036, 612, 321, 1771, 1705, 634, 406, 1413, 1400, 1523, 1163, 1936, 241, 774, 115, 1382, 372, 1486, 820, 1773, 1298, 393]",68,200,8,False,200
69,location,location,4,True,True,True,"{1: 106, 0: 10, 4: 84}","[816, 387, 1942, 2167, 2071, 1129, 1505, 284, 849, 2082, 791, 1493, 331, 784, 2028, 589, 1762, 143, 1020, 633, 1934, 2, 1484, 1118, 1372, 712, 535, 1734, 783, 1634, 1331, 2041, 256, 426, 1311, 675, 584, 1189, 351, 1755, 1575, 553, 722, 1369, 609, 101, 1365, 976, 765, 1702, 1096, 1374, 118, 1670, 713, 1380, 1989, 1746, 1748, 882, 1875, 1309, 434, 517, 261, 556, 2117, 1652, 790, 165, 1308, 1263, 1793, 133, 691, 2092, 67, 863, 442, 1277, 1084, 186, 1627, 529, 1485, 1719, 1021, 595, 1632, 1735, 1603, 242, 497, 1638, 1201, 2077, 1531, 646, 1598, 532, 469, 1016, 1503, 359, 62, 925, 1500, 311, 1459, 368, 108, 1179, 2129, 1502, 231, 1289, 312, 53, 1338, 678, 2119, 1643, 2120, 1245, 693, 2149, 1489, 874, 1395, 1467, 1002, 521, 662, 1937, 1999, 1487, 1624, 1303, 1212, 1110, 677, 799, 1070, 18, 1690, 44, 2139, 668, 1921, 1792, 197, 856, 667, 1528, 1975, 420, 1956, 659, 993, 636, 2080, 1711, 822, 1109, 886, 1922, 1916, 801, 875, 666, 1794, 979, 43, 325, 211, 1980, 1227, 2107, 2036, 612, 321, 1771, 1705, 634, 406, 1413, 1400, 1523, 1163, 1936, 241, 774, 115, 1382, 372, 1486, 820, 1773, 1298, 393]",69,200,8,False,200
70,location,location,4,True,True,True,"{1: 106, 0: 10, 4: 84}","[816, 387, 1942, 2167, 2071, 1129, 1505, 284, 849, 2082, 791, 1493, 331, 784, 2028, 589, 1762, 143, 1020, 633, 1934, 2, 1484, 1118, 1372, 712, 535, 1734, 783, 1634, 1331, 2041, 256, 426, 1311, 675, 584, 1189, 351, 1755, 1575, 553, 722, 1369, 609, 101, 1365, 976, 765, 1702, 1096, 1374, 118, 1670, 713, 1380, 1989, 1746, 1748, 882, 1875, 1309, 434, 517, 261, 556, 2117, 1652, 790, 165, 1308, 1263, 1793, 133, 691, 2092, 67, 863, 442, 1277, 1084, 186, 1627, 529, 1485, 1719, 1021, 595, 1632, 1735, 1603, 242, 497, 1638, 1201, 2077, 1531, 646, 1598, 532, 469, 1016, 1503, 359, 62, 925, 1500, 311, 1459, 368, 108, 1179, 2129, 1502, 231, 1289, 312, 53, 1338, 678, 2119, 1643, 2120, 1245, 693, 2149, 1489, 874, 1395, 1467, 1002, 521, 662, 1937, 1999, 1487, 1624, 1303, 1212, 1110, 677, 799, 1070, 18, 1690, 44, 2139, 668, 1921, 1792, 197, 856, 667, 1528, 1975, 420, 1956, 659, 993, 636, 2080, 1711, 822, 1109, 886, 1922, 1916, 801, 875, 666, 1794, 979, 43, 325, 211, 1980, 1227, 2107, 2036, 612, 321, 1771, 1705, 634, 406, 1413, 1400, 1523, 1163, 1936, 241, 774, 115, 1382, 372, 1486, 820, 1773, 1298, 393]",70,200,8,False,200
71,location,location,4,True,True,True,"{1: 106, 0: 10, 4: 84}","[816, 387, 1942, 2167, 2071, 1129, 1505, 284, 849, 2082, 791, 1493, 331, 784, 2028, 589, 1762, 143, 1020, 633, 1934, 2, 1484, 1118, 1372, 712, 535, 1734, 783, 1634, 1331, 2041, 256, 426, 1311, 675, 584, 1189, 351, 1755, 1575, 553, 722, 1369, 609, 101, 1365, 976, 765, 1702, 1096, 1374, 118, 1670, 713, 1380, 1989, 1746, 1748, 882, 1875, 1309, 434, 517, 261, 556, 2117, 1652, 790, 165, 1308, 1263, 1793, 133, 691, 2092, 67, 863, 442, 1277, 1084, 186, 1627, 529, 1485, 1719, 1021, 595, 1632, 1735, 1603, 242, 497, 1638, 1201, 2077, 1531, 646, 1598, 532, 469, 1016, 1503, 359, 62, 925, 1500, 311, 1459, 368, 108, 1179, 2129, 1502, 231, 1289, 312, 53, 1338, 678, 2119, 1643, 2120, 1245, 693, 2149, 1489, 874, 1395, 1467, 1002, 521, 662, 1937, 1999, 1487, 1624, 1303, 1212, 1110, 677, 799, 1070, 18, 1690, 44, 2139, 668, 1921, 1792, 197, 856, 667, 1528, 1975, 420, 1956, 659, 993, 636, 2080, 1711, 822, 1109, 886, 1922, 1916, 801, 875, 666, 1794, 979, 43, 325, 211, 1980, 1227, 2107, 2036, 612, 321, 1771, 1705, 634, 406, 1413, 1400, 1523, 1163, 1936, 241, 774, 115, 1382, 372, 1486, 820, 1773, 1298, 393]",71,200,8,False,200
72,entity,entity,1,True,True,True,"{1: 106, 0: 10, 4: 84}","[816, 387, 1942, 2167, 2071, 1129, 1505, 284, 849, 2082, 791, 1493, 331, 784, 2028, 589, 1762, 143, 1020, 633, 1934, 2, 1484, 1118, 1372, 712, 535, 1734, 783, 1634, 1331, 2041, 256, 426, 1311, 675, 584, 1189, 351, 1755, 1575, 553, 722, 1369, 609, 101, 1365, 976, 765, 1702, 1096, 1374, 118, 1670, 713, 1380, 1989, 1746, 1748, 882, 1875, 1309, 434, 517, 261, 556, 2117, 1652, 790, 165, 1308, 1263, 1793, 133, 691, 2092, 67, 863, 442, 1277, 1084, 186, 1627, 529, 1485, 1719, 1021, 595, 1632, 1735, 1603, 242, 497, 1638, 1201, 2077, 1531, 646, 1598, 532, 469, 1016, 1503, 359, 62, 925, 1500, 311, 1459, 368, 108, 1179, 2129, 1502, 231, 1289, 312, 53, 1338, 678, 2119, 1643, 2120, 1245, 693, 2149, 1489, 874, 1395, 1467, 1002, 521, 662, 1937, 1999, 1487, 1624, 1303, 1212, 1110, 677, 799, 1070, 18, 1690, 44, 2139, 668, 1921, 1792, 197, 856, 667, 1528, 1975, 420, 1956, 659, 993, 636, 2080, 1711, 822, 1109, 886, 1922, 1916, 801, 875, 666, 1794, 979, 43, 325, 211, 1980, 1227, 2107, 2036, 612, 321, 1771, 1705, 634, 406, 1413, 1400, 1523, 1163, 1936, 241, 774, 115, 1382, 372, 1486, 820, 1773, 1298, 393]",72,200,8,False,200
73,entity,entity,1,True,True,True,"{1: 106, 0: 10, 4: 84}","[816, 387, 1942, 2167, 2071, 1129, 1505, 284, 849, 2082, 791, 1493, 331, 784, 2028, 589, 1762, 143, 1020, 633, 1934, 2, 1484, 1118, 1372, 712, 535, 1734, 783, 1634, 1331, 2041, 256, 426, 1311, 675, 584, 1189, 351, 1755, 1575, 553, 722, 1369, 609, 101, 1365, 976, 765, 1702, 1096, 1374, 118, 1670, 713, 1380, 1989, 1746, 1748, 882, 1875, 1309, 434, 517, 261, 556, 2117, 1652, 790, 165, 1308, 1263, 1793, 133, 691, 2092, 67, 863, 442, 1277, 1084, 186, 1627, 529, 1485, 1719, 1021, 595, 1632, 1735, 1603, 242, 497, 1638, 1201, 2077, 1531, 646, 1598, 532, 469, 1016, 1503, 359, 62, 925, 1500, 311, 1459, 368, 108, 1179, 2129, 1502, 231, 1289, 312, 53, 1338, 678, 2119, 1643, 2120, 1245, 693, 2149, 1489, 874, 1395, 1467, 1002, 521, 662, 1937, 1999, 1487, 1624, 1303, 1212, 1110, 677, 799, 1070, 18, 1690, 44, 2139, 668, 1921, 1792, 197, 856, 667, 1528, 1975, 420, 1956, 659, 993, 636, 2080, 1711, 822, 1109, 886, 1922, 1916, 801, 875, 666, 1794, 979, 43, 325, 211, 1980, 1227, 2107, 2036, 612, 321, 1771, 1705, 634, 406, 1413, 1400, 1523, 1163, 1936, 241, 774, 115, 1382, 372, 1486, 820, 1773, 1298, 393]",73,200,8,False,200
74,entity,entity,1,True,True,True,"{1: 106, 0: 10, 4: 84}","[816, 387, 1942, 2167, 2071, 1129, 1505, 284, 849, 2082, 791, 1493, 331, 784, 2028, 589, 1762, 143, 1020, 633, 1934, 2, 1484, 1118, 1372, 712, 535, 1734, 783, 1634, 1331, 2041, 256, 426, 1311, 675, 584, 1189, 351, 1755, 1575, 553, 722, 1369, 609, 101, 1365, 976, 765, 1702, 1096, 1374, 118, 1670, 713, 1380, 1989, 1746, 1748, 882, 1875, 1309, 434, 517, 261, 556, 2117, 1652, 790, 165, 1308, 1263, 1793, 133, 691, 2092, 67, 863, 442, 1277, 1084, 186, 1627, 529, 1485, 1719, 1021, 595, 1632, 1735, 1603, 242, 497, 1638, 1201, 2077, 1531, 646, 1598, 532, 469, 1016, 1503, 359, 62, 925, 1500, 311, 1459, 368, 108, 1179, 2129, 1502, 231, 1289, 312, 53, 1338, 678, 2119, 1643, 2120, 1245, 693, 2149, 1489, 874, 1395, 1467, 1002, 521, 662, 1937, 1999, 1487, 1624, 1303, 1212, 1110, 677, 799, 1070, 18, 1690, 44, 2139, 668, 1921, 1792, 197, 856, 667, 1528, 1975, 420, 1956, 659, 993, 636, 2080, 1711, 822, 1109, 886, 1922, 1916, 801, 875, 666, 1794, 979, 43, 325, 211, 1980, 1227, 2107, 2036, 612, 321, 1771, 1705, 634, 406, 1413, 1400, 1523, 1163, 1936, 241, 774, 115, 1382, 372, 1486, 820, 1773, 1298, 393]",74,200,8,False,200
75,location,location,4,True,True,True,"{1: 106, 0: 10, 4: 84}","[816, 387, 1942, 2167, 2071, 1129, 1505, 284, 849, 2082, 791, 1493, 331, 784, 2028, 589, 1762, 143, 1020, 633, 1934, 2, 1484, 1118, 1372, 712, 535, 1734, 783, 1634, 1331, 2041, 256, 426, 1311, 675, 584, 1189, 351, 1755, 1575, 553, 722, 1369, 609, 101, 1365, 976, 765, 1702, 1096, 1374, 118, 1670, 713, 1380, 1989, 1746, 1748, 882, 1875, 1309, 434, 517, 261, 556, 2117, 1652, 790, 165, 1308, 1263, 1793, 133, 691, 2092, 67, 863, 442, 1277, 1084, 186, 1627, 529, 1485, 1719, 1021, 595, 1632, 1735, 1603, 242, 497, 1638, 1201, 2077, 1531, 646, 1598, 532, 469, 1016, 1503, 359, 62, 925, 1500, 311, 1459, 368, 108, 1179, 2129, 1502, 231, 1289, 312, 53, 1338, 678, 2119, 1643, 2120, 1245, 693, 2149, 1489, 874, 1395, 1467, 1002, 521, 662, 1937, 1999, 1487, 1624, 1303, 1212, 1110, 677, 799, 1070, 18, 1690, 44, 2139, 668, 1921, 1792, 197, 856, 667, 1528, 1975, 420, 1956, 659, 993, 636, 2080, 1711, 822, 1109, 886, 1922, 1916, 801, 875, 666, 1794, 979, 43, 325, 211, 1980, 1227, 2107, 2036, 612, 321, 1771, 1705, 634, 406, 1413, 1400, 1523, 1163, 1936, 241, 774, 115, 1382, 372, 1486, 820, 1773, 1298, 393]",75,200,8,False,200
76,entity,entity,1,True,True,True,"{1: 106, 0: 10, 4: 84}","[816, 387, 1942, 2167, 2071, 1129, 1505, 284, 849, 2082, 791, 1493, 331, 784, 2028, 589, 1762, 143, 1020, 633, 1934, 2, 1484, 1118, 1372, 712, 535, 1734, 783, 1634, 1331, 2041, 256, 426, 1311, 675, 584, 1189, 351, 1755, 1575, 553, 722, 1369, 609, 101, 1365, 976, 765, 1702, 1096, 1374, 118, 1670, 713, 1380, 1989, 1746, 1748, 882, 1875, 1309, 434, 517, 261, 556, 2117, 1652, 790, 165, 1308, 1263, 1793, 133, 691, 2092, 67, 863, 442, 1277, 1084, 186, 1627, 529, 1485, 1719, 1021, 595, 1632, 1735, 1603, 242, 497, 1638, 1201, 2077, 1531, 646, 1598, 532, 469, 1016, 1503, 359, 62, 925, 1500, 311, 1459, 368, 108, 1179, 2129, 1502, 231, 1289, 312, 53, 1338, 678, 2119, 1643, 2120, 1245, 693, 2149, 1489, 874, 1395, 1467, 1002, 521, 662, 1937, 1999, 1487, 1624, 1303, 1212, 1110, 677, 799, 1070, 18, 1690, 44, 2139, 668, 1921, 1792, 197, 856, 667, 1528, 1975, 420, 1956, 659, 993, 636, 2080, 1711, 822, 1109, 886, 1922, 1916, 801, 875, 666, 1794, 979, 43, 325, 211, 1980, 1227, 2107, 2036, 612, 321, 1771, 1705, 634, 406, 1413, 1400, 1523, 1163, 1936, 241, 774, 115, 1382, 372, 1486, 820, 1773, 1298, 393]",76,200,8,False,200
77,location,location,4,True,True,True,"{1: 106, 0: 10, 4: 84}","[816, 387, 1942, 2167, 2071, 1129, 1505, 284, 849, 2082, 791, 1493, 331, 784, 2028, 589, 1762, 143, 1020, 633, 1934, 2, 1484, 1118, 1372, 712, 535, 1734, 783, 1634, 1331, 2041, 256, 426, 1311, 675, 584, 1189, 351, 1755, 1575, 553, 722, 1369, 609, 101, 1365, 976, 765, 1702, 1096, 1374, 118, 1670, 713, 1380, 1989, 1746, 1748, 882, 1875, 1309, 434, 517, 261, 556, 2117, 1652, 790, 165, 1308, 1263, 1793, 133, 691, 2092, 67, 863, 442, 1277, 1084, 186, 1627, 529, 1485, 1719, 1021, 595, 1632, 1735, 1603, 242, 497, 1638, 1201, 2077, 1531, 646, 1598, 532, 469, 1016, 1503, 359, 62, 925, 1500, 311, 1459, 368, 108, 1179, 2129, 1502, 231, 1289, 312, 53, 1338, 678, 2119, 1643, 2120, 1245, 693, 2149, 1489, 874, 1395, 1467, 1002, 521, 662, 1937, 1999, 1487, 1624, 1303, 1212, 1110, 677, 799, 1070, 18, 1690, 44, 2139, 668, 1921, 1792, 197, 856, 667, 1528, 1975, 420, 1956, 659, 993, 636, 2080, 1711, 822, 1109, 886, 1922, 1916, 801, 875, 666, 1794, 979, 43, 325, 211, 1980, 1227, 2107, 2036, 612, 321, 1771, 1705, 634, 406, 1413, 1400, 1523, 1163, 1936, 241, 774, 115, 1382, 372, 1486, 820, 1773, 1298, 393]",77,200,8,False,200
78,entity,entity,1,True,True,True,"{1: 106, 0: 10, 4: 84}","[816, 387, 1942, 2167, 2071, 1129, 1505, 284, 849, 2082, 791, 1493, 331, 784, 2028, 589, 1762, 143, 1020, 633, 1934, 2, 1484, 1118, 1372, 712, 535, 1734, 783, 1634, 1331, 2041, 256, 426, 1311, 675, 584, 1189, 351, 1755, 1575, 553, 722, 1369, 609, 101, 1365, 976, 765, 1702, 1096, 1374, 118, 1670, 713, 1380, 1989, 1746, 1748, 882, 1875, 1309, 434, 517, 261, 556, 2117, 1652, 790, 165, 1308, 1263, 1793, 133, 691, 2092, 67, 863, 442, 1277, 1084, 186, 1627, 529, 1485, 1719, 1021, 595, 1632, 1735, 1603, 242, 497, 1638, 1201, 2077, 1531, 646, 1598, 532, 469, 1016, 1503, 359, 62, 925, 1500, 311, 1459, 368, 108, 1179, 2129, 1502, 231, 1289, 312, 53, 1338, 678, 2119, 1643, 2120, 1245, 693, 2149, 1489, 874, 1395, 1467, 1002, 521, 662, 1937, 1999, 1487, 1624, 1303, 1212, 1110, 677, 799, 1070, 18, 1690, 44, 2139, 668, 1921, 1792, 197, 856, 667, 1528, 1975, 420, 1956, 659, 993, 636, 2080, 1711, 822, 1109, 886, 1922, 1916, 801, 875, 666, 1794, 979, 43, 325, 211, 1980, 1227, 2107, 2036, 612, 321, 1771, 1705, 634, 406, 1413, 1400, 1523, 1163, 1936, 241, 774, 115, 1382, 372, 1486, 820, 1773, 1298, 393]",78,200,8,False,200
79,location,location,4,True,True,True,"{1: 106, 0: 10, 4: 84}","[816, 387, 1942, 2167, 2071, 1129, 1505, 284, 849, 2082, 791, 1493, 331, 784, 2028, 589, 1762, 143, 1020, 633, 1934, 2, 1484, 1118, 1372, 712, 535, 1734, 783, 1634, 1331, 2041, 256, 426, 1311, 675, 584, 1189, 351, 1755, 1575, 553, 722, 1369, 609, 101, 1365, 976, 765, 1702, 1096, 1374, 118, 1670, 713, 1380, 1989, 1746, 1748, 882, 1875, 1309, 434, 517, 261, 556, 2117, 1652, 790, 165, 1308, 1263, 1793, 133, 691, 2092, 67, 863, 442, 1277, 1084, 186, 1627, 529, 1485, 1719, 1021, 595, 1632, 1735, 1603, 242, 497, 1638, 1201, 2077, 1531, 646, 1598, 532, 469, 1016, 1503, 359, 62, 925, 1500, 311, 1459, 368, 108, 1179, 2129, 1502, 231, 1289, 312, 53, 1338, 678, 2119, 1643, 2120, 1245, 693, 2149, 1489, 874, 1395, 1467, 1002, 521, 662, 1937, 1999, 1487, 1624, 1303, 1212, 1110, 677, 799, 1070, 18, 1690, 44, 2139, 668, 1921, 1792, 197, 856, 667, 1528, 1975, 420, 1956, 659, 993, 636, 2080, 1711, 822, 1109, 886, 1922, 1916, 801, 875, 666, 1794, 979, 43, 325, 211, 1980, 1227, 2107, 2036, 612, 321, 1771, 1705, 634, 406, 1413, 1400, 1523, 1163, 1936, 241, 774, 115, 1382, 372, 1486, 820, 1773, 1298, 393]",79,200,8,False,200
80,location,location,4,True,True,True,"{1: 106, 0: 10, 4: 84}","[816, 387, 1942, 2167, 2071, 1129, 1505, 284, 849, 2082, 791, 1493, 331, 784, 2028, 589, 1762, 143, 1020, 633, 1934, 2, 1484, 1118, 1372, 712, 535, 1734, 783, 1634, 1331, 2041, 256, 426, 1311, 675, 584, 1189, 351, 1755, 1575, 553, 722, 1369, 609, 101, 1365, 976, 765, 1702, 1096, 1374, 118, 1670, 713, 1380, 1989, 1746, 1748, 882, 1875, 1309, 434, 517, 261, 556, 2117, 1652, 790, 165, 1308, 1263, 1793, 133, 691, 2092, 67, 863, 442, 1277, 1084, 186, 1627, 529, 1485, 1719, 1021, 595, 1632, 1735, 1603, 242, 497, 1638, 1201, 2077, 1531, 646, 1598, 532, 469, 1016, 1503, 359, 62, 925, 1500, 311, 1459, 368, 108, 1179, 2129, 1502, 231, 1289, 312, 53, 1338, 678, 2119, 1643, 2120, 1245, 693, 2149, 1489, 874, 1395, 1467, 1002, 521, 662, 1937, 1999, 1487, 1624, 1303, 1212, 1110, 677, 799, 1070, 18, 1690, 44, 2139, 668, 1921, 1792, 197, 856, 667, 1528, 1975, 420, 1956, 659, 993, 636, 2080, 1711, 822, 1109, 886, 1922, 1916, 801, 875, 666, 1794, 979, 43, 325, 211, 1980, 1227, 2107, 2036, 612, 321, 1771, 1705, 634, 406, 1413, 1400, 1523, 1163, 1936, 241, 774, 115, 1382, 372, 1486, 820, 1773, 1298, 393]",80,200,8,False,200
81,location,location,4,True,True,True,"{1: 106, 0: 10, 4: 84}","[816, 387, 1942, 2167, 2071, 1129, 1505, 284, 849, 2082, 791, 1493, 331, 784, 2028, 589, 1762, 143, 1020, 633, 1934, 2, 1484, 1118, 1372, 712, 535, 1734, 783, 1634, 1331, 2041, 256, 426, 1311, 675, 584, 1189, 351, 1755, 1575, 553, 722, 1369, 609, 101, 1365, 976, 765, 1702, 1096, 1374, 118, 1670, 713, 1380, 1989, 1746, 1748, 882, 1875, 1309, 434, 517, 261, 556, 2117, 1652, 790, 165, 1308, 1263, 1793, 133, 691, 2092, 67, 863, 442, 1277, 1084, 186, 1627, 529, 1485, 1719, 1021, 595, 1632, 1735, 1603, 242, 497, 1638, 1201, 2077, 1531, 646, 1598, 532, 469, 1016, 1503, 359, 62, 925, 1500, 311, 1459, 368, 108, 1179, 2129, 1502, 231, 1289, 312, 53, 1338, 678, 2119, 1643, 2120, 1245, 693, 2149, 1489, 874, 1395, 1467, 1002, 521, 662, 1937, 1999, 1487, 1624, 1303, 1212, 1110, 677, 799, 1070, 18, 1690, 44, 2139, 668, 1921, 1792, 197, 856, 667, 1528, 1975, 420, 1956, 659, 993, 636, 2080, 1711, 822, 1109, 886, 1922, 1916, 801, 875, 666, 1794, 979, 43, 325, 211, 1980, 1227, 2107, 2036, 612, 321, 1771, 1705, 634, 406, 1413, 1400, 1523, 1163, 1936, 241, 774, 115, 1382, 372, 1486, 820, 1773, 1298, 393]",81,200,8,False,200
82,location,location,4,True,True,True,"{1: 106, 0: 10, 4: 84}","[816, 387, 1942, 2167, 2071, 1129, 1505, 284, 849, 2082, 791, 1493, 331, 784, 2028, 589, 1762, 143, 1020, 633, 1934, 2, 1484, 1118, 1372, 712, 535, 1734, 783, 1634, 1331, 2041, 256, 426, 1311, 675, 584, 1189, 351, 1755, 1575, 553, 722, 1369, 609, 101, 1365, 976, 765, 1702, 1096, 1374, 118, 1670, 713, 1380, 1989, 1746, 1748, 882, 1875, 1309, 434, 517, 261, 556, 2117, 1652, 790, 165, 1308, 1263, 1793, 133, 691, 2092, 67, 863, 442, 1277, 1084, 186, 1627, 529, 1485, 1719, 1021, 595, 1632, 1735, 1603, 242, 497, 1638, 1201, 2077, 1531, 646, 1598, 532, 469, 1016, 1503, 359, 62, 925, 1500, 311, 1459, 368, 108, 1179, 2129, 1502, 231, 1289, 312, 53, 1338, 678, 2119, 1643, 2120, 1245, 693, 2149, 1489, 874, 1395, 1467, 1002, 521, 662, 1937, 1999, 1487, 1624, 1303, 1212, 1110, 677, 799, 1070, 18, 1690, 44, 2139, 668, 1921, 1792, 197, 856, 667, 1528, 1975, 420, 1956, 659, 993, 636, 2080, 1711, 822, 1109, 886, 1922, 1916, 801, 875, 666, 1794, 979, 43, 325, 211, 1980, 1227, 2107, 2036, 612, 321, 1771, 1705, 634, 406, 1413, 1400, 1523, 1163, 1936, 241, 774, 115, 1382, 372, 1486, 820, 1773, 1298, 393]",82,200,8,False,200
83,entity,entity,1,True,True,True,"{1: 106, 0: 10, 4: 84}","[816, 387, 1942, 2167, 2071, 1129, 1505, 284, 849, 2082, 791, 1493, 331, 784, 2028, 589, 1762, 143, 1020, 633, 1934, 2, 1484, 1118, 1372, 712, 535, 1734, 783, 1634, 1331, 2041, 256, 426, 1311, 675, 584, 1189, 351, 1755, 1575, 553, 722, 1369, 609, 101, 1365, 976, 765, 1702, 1096, 1374, 118, 1670, 713, 1380, 1989, 1746, 1748, 882, 1875, 1309, 434, 517, 261, 556, 2117, 1652, 790, 165, 1308, 1263, 1793, 133, 691, 2092, 67, 863, 442, 1277, 1084, 186, 1627, 529, 1485, 1719, 1021, 595, 1632, 1735, 1603, 242, 497, 1638, 1201, 2077, 1531, 646, 1598, 532, 469, 1016, 1503, 359, 62, 925, 1500, 311, 1459, 368, 108, 1179, 2129, 1502, 231, 1289, 312, 53, 1338, 678, 2119, 1643, 2120, 1245, 693, 2149, 1489, 874, 1395, 1467, 1002, 521, 662, 1937, 1999, 1487, 1624, 1303, 1212, 1110, 677, 799, 1070, 18, 1690, 44, 2139, 668, 1921, 1792, 197, 856, 667, 1528, 1975, 420, 1956, 659, 993, 636, 2080, 1711, 822, 1109, 886, 1922, 1916, 801, 875, 666, 1794, 979, 43, 325, 211, 1980, 1227, 2107, 2036, 612, 321, 1771, 1705, 634, 406, 1413, 1400, 1523, 1163, 1936, 241, 774, 115, 1382, 372, 1486, 820, 1773, 1298, 393]",83,200,8,False,200
84,location,location,4,True,True,True,"{1: 106, 0: 10, 4: 84}","[816, 387, 1942, 2167, 2071, 1129, 1505, 284, 849, 2082, 791, 1493, 331, 784, 2028, 589, 1762, 143, 1020, 633, 1934, 2, 1484, 1118, 1372, 712, 535, 1734, 783, 1634, 1331, 2041, 256, 426, 1311, 675, 584, 1189, 351, 1755, 1575, 553, 722, 1369, 609, 101, 1365, 976, 765, 1702, 1096, 1374, 118, 1670, 713, 1380, 1989, 1746, 1748, 882, 1875, 1309, 434, 517, 261, 556, 2117, 1652, 790, 165, 1308, 1263, 1793, 133, 691, 2092, 67, 863, 442, 1277, 1084, 186, 1627, 529, 1485, 1719, 1021, 595, 1632, 1735, 1603, 242, 497, 1638, 1201, 2077, 1531, 646, 1598, 532, 469, 1016, 1503, 359, 62, 925, 1500, 311, 1459, 368, 108, 1179, 2129, 1502, 231, 1289, 312, 53, 1338, 678, 2119, 1643, 2120, 1245, 693, 2149, 1489, 874, 1395, 1467, 1002, 521, 662, 1937, 1999, 1487, 1624, 1303, 1212, 1110, 677, 799, 1070, 18, 1690, 44, 2139, 668, 1921, 1792, 197, 856, 667, 1528, 1975, 420, 1956, 659, 993, 636, 2080, 1711, 822, 1109, 886, 1922, 1916, 801, 875, 666, 1794, 979, 43, 325, 211, 1980, 1227, 2107, 2036, 612, 321, 1771, 1705, 634, 406, 1413, 1400, 1523, 1163, 1936, 241, 774, 115, 1382, 372, 1486, 820, 1773, 1298, 393]",84,200,8,False,200
85,entity,entity,1,True,True,True,"{1: 106, 0: 10, 4: 84}","[816, 387, 1942, 2167, 2071, 1129, 1505, 284, 849, 2082, 791, 1493, 331, 784, 2028, 589, 1762, 143, 1020, 633, 1934, 2, 1484, 1118, 1372, 712, 535, 1734, 783, 1634, 1331, 2041, 256, 426, 1311, 675, 584, 1189, 351, 1755, 1575, 553, 722, 1369, 609, 101, 1365, 976, 765, 1702, 1096, 1374, 118, 1670, 713, 1380, 1989, 1746, 1748, 882, 1875, 1309, 434, 517, 261, 556, 2117, 1652, 790, 165, 1308, 1263, 1793, 133, 691, 2092, 67, 863, 442, 1277, 1084, 186, 1627, 529, 1485, 1719, 1021, 595, 1632, 1735, 1603, 242, 497, 1638, 1201, 2077, 1531, 646, 1598, 532, 469, 1016, 1503, 359, 62, 925, 1500, 311, 1459, 368, 108, 1179, 2129, 1502, 231, 1289, 312, 53, 1338, 678, 2119, 1643, 2120, 1245, 693, 2149, 1489, 874, 1395, 1467, 1002, 521, 662, 1937, 1999, 1487, 1624, 1303, 1212, 1110, 677, 799, 1070, 18, 1690, 44, 2139, 668, 1921, 1792, 197, 856, 667, 1528, 1975, 420, 1956, 659, 993, 636, 2080, 1711, 822, 1109, 886, 1922, 1916, 801, 875, 666, 1794, 979, 43, 325, 211, 1980, 1227, 2107, 2036, 612, 321, 1771, 1705, 634, 406, 1413, 1400, 1523, 1163, 1936, 241, 774, 115, 1382, 372, 1486, 820, 1773, 1298, 393]",85,200,8,False,200
86,entity,entity,1,True,True,True,"{1: 106, 0: 10, 4: 84}","[816, 387, 1942, 2167, 2071, 1129, 1505, 284, 849, 2082, 791, 1493, 331, 784, 2028, 589, 1762, 143, 1020, 633, 1934, 2, 1484, 1118, 1372, 712, 535, 1734, 783, 1634, 1331, 2041, 256, 426, 1311, 675, 584, 1189, 351, 1755, 1575, 553, 722, 1369, 609, 101, 1365, 976, 765, 1702, 1096, 1374, 118, 1670, 713, 1380, 1989, 1746, 1748, 882, 1875, 1309, 434, 517, 261, 556, 2117, 1652, 790, 165, 1308, 1263, 1793, 133, 691, 2092, 67, 863, 442, 1277, 1084, 186, 1627, 529, 1485, 1719, 1021, 595, 1632, 1735, 1603, 242, 497, 1638, 1201, 2077, 1531, 646, 1598, 532, 469, 1016, 1503, 359, 62, 925, 1500, 311, 1459, 368, 108, 1179, 2129, 1502, 231, 1289, 312, 53, 1338, 678, 2119, 1643, 2120, 1245, 693, 2149, 1489, 874, 1395, 1467, 1002, 521, 662, 1937, 1999, 1487, 1624, 1303, 1212, 1110, 677, 799, 1070, 18, 1690, 44, 2139, 668, 1921, 1792, 197, 856, 667, 1528, 1975, 420, 1956, 659, 993, 636, 2080, 1711, 822, 1109, 886, 1922, 1916, 801, 875, 666, 1794, 979, 43, 325, 211, 1980, 1227, 2107, 2036, 612, 321, 1771, 1705, 634, 406, 1413, 1400, 1523, 1163, 1936, 241, 774, 115, 1382, 372, 1486, 820, 1773, 1298, 393]",86,200,8,False,200
87,location,location,4,True,True,True,"{1: 106, 0: 10, 4: 84}","[816, 387, 1942, 2167, 2071, 1129, 1505, 284, 849, 2082, 791, 1493, 331, 784, 2028, 589, 1762, 143, 1020, 633, 1934, 2, 1484, 1118, 1372, 712, 535, 1734, 783, 1634, 1331, 2041, 256, 426, 1311, 675, 584, 1189, 351, 1755, 1575, 553, 722, 1369, 609, 101, 1365, 976, 765, 1702, 1096, 1374, 118, 1670, 713, 1380, 1989, 1746, 1748, 882, 1875, 1309, 434, 517, 261, 556, 2117, 1652, 790, 165, 1308, 1263, 1793, 133, 691, 2092, 67, 863, 442, 1277, 1084, 186, 1627, 529, 1485, 1719, 1021, 595, 1632, 1735, 1603, 242, 497, 1638, 1201, 2077, 1531, 646, 1598, 532, 469, 1016, 1503, 359, 62, 925, 1500, 311, 1459, 368, 108, 1179, 2129, 1502, 231, 1289, 312, 53, 1338, 678, 2119, 1643, 2120, 1245, 693, 2149, 1489, 874, 1395, 1467, 1002, 521, 662, 1937, 1999, 1487, 1624, 1303, 1212, 1110, 677, 799, 1070, 18, 1690, 44, 2139, 668, 1921, 1792, 197, 856, 667, 1528, 1975, 420, 1956, 659, 993, 636, 2080, 1711, 822, 1109, 886, 1922, 1916, 801, 875, 666, 1794, 979, 43, 325, 211, 1980, 1227, 2107, 2036, 612, 321, 1771, 1705, 634, 406, 1413, 1400, 1523, 1163, 1936, 241, 774, 115, 1382, 372, 1486, 820, 1773, 1298, 393]",87,200,8,False,200
88,entity,entity,1,True,True,True,"{1: 106, 0: 10, 4: 84}","[816, 387, 1942, 2167, 2071, 1129, 1505, 284, 849, 2082, 791, 1493, 331, 784, 2028, 589, 1762, 143, 1020, 633, 1934, 2, 1484, 1118, 1372, 712, 535, 1734, 783, 1634, 1331, 2041, 256, 426, 1311, 675, 584, 1189, 351, 1755, 1575, 553, 722, 1369, 609, 101, 1365, 976, 765, 1702, 1096, 1374, 118, 1670, 713, 1380, 1989, 1746, 1748, 882, 1875, 1309, 434, 517, 261, 556, 2117, 1652, 790, 165, 1308, 1263, 1793, 133, 691, 2092, 67, 863, 442, 1277, 1084, 186, 1627, 529, 1485, 1719, 1021, 595, 1632, 1735, 1603, 242, 497, 1638, 1201, 2077, 1531, 646, 1598, 532, 469, 1016, 1503, 359, 62, 925, 1500, 311, 1459, 368, 108, 1179, 2129, 1502, 231, 1289, 312, 53, 1338, 678, 2119, 1643, 2120, 1245, 693, 2149, 1489, 874, 1395, 1467, 1002, 521, 662, 1937, 1999, 1487, 1624, 1303, 1212, 1110, 677, 799, 1070, 18, 1690, 44, 2139, 668, 1921, 1792, 197, 856, 667, 1528, 1975, 420, 1956, 659, 993, 636, 2080, 1711, 822, 1109, 886, 1922, 1916, 801, 875, 666, 1794, 979, 43, 325, 211, 1980, 1227, 2107, 2036, 612, 321, 1771, 1705, 634, 406, 1413, 1400, 1523, 1163, 1936, 241, 774, 115, 1382, 372, 1486, 820, 1773, 1298, 393]",88,200,8,False,200
89,entity,entity,1,True,True,True,"{1: 106, 0: 10, 4: 84}","[816, 387, 1942, 2167, 2071, 1129, 1505, 284, 849, 2082, 791, 1493, 331, 784, 2028, 589, 1762, 143, 1020, 633, 1934, 2, 1484, 1118, 1372, 712, 535, 1734, 783, 1634, 1331, 2041, 256, 426, 1311, 675, 584, 1189, 351, 1755, 1575, 553, 722, 1369, 609, 101, 1365, 976, 765, 1702, 1096, 1374, 118, 1670, 713, 1380, 1989, 1746, 1748, 882, 1875, 1309, 434, 517, 261, 556, 2117, 1652, 790, 165, 1308, 1263, 1793, 133, 691, 2092, 67, 863, 442, 1277, 1084, 186, 1627, 529, 1485, 1719, 1021, 595, 1632, 1735, 1603, 242, 497, 1638, 1201, 2077, 1531, 646, 1598, 532, 469, 1016, 1503, 359, 62, 925, 1500, 311, 1459, 368, 108, 1179, 2129, 1502, 231, 1289, 312, 53, 1338, 678, 2119, 1643, 2120, 1245, 693, 2149, 1489, 874, 1395, 1467, 1002, 521, 662, 1937, 1999, 1487, 1624, 1303, 1212, 1110, 677, 799, 1070, 18, 1690, 44, 2139, 668, 1921, 1792, 197, 856, 667, 1528, 1975, 420, 1956, 659, 993, 636, 2080, 1711, 822, 1109, 886, 1922, 1916, 801, 875, 666, 1794, 979, 43, 325, 211, 1980, 1227, 2107, 2036, 612, 321, 1771, 1705, 634, 406, 1413, 1400, 1523, 1163, 1936, 241, 774, 115, 1382, 372, 1486, 820, 1773, 1298, 393]",89,200,8,False,200
90,location,location,4,True,True,True,"{1: 106, 0: 10, 4: 84}","[816, 387, 1942, 2167, 2071, 1129, 1505, 284, 849, 2082, 791, 1493, 331, 784, 2028, 589, 1762, 143, 1020, 633, 1934, 2, 1484, 1118, 1372, 712, 535, 1734, 783, 1634, 1331, 2041, 256, 426, 1311, 675, 584, 1189, 351, 1755, 1575, 553, 722, 1369, 609, 101, 1365, 976, 765, 1702, 1096, 1374, 118, 1670, 713, 1380, 1989, 1746, 1748, 882, 1875, 1309, 434, 517, 261, 556, 2117, 1652, 790, 165, 1308, 1263, 1793, 133, 691, 2092, 67, 863, 442, 1277, 1084, 186, 1627, 529, 1485, 1719, 1021, 595, 1632, 1735, 1603, 242, 497, 1638, 1201, 2077, 1531, 646, 1598, 532, 469, 1016, 1503, 359, 62, 925, 1500, 311, 1459, 368, 108, 1179, 2129, 1502, 231, 1289, 312, 53, 1338, 678, 2119, 1643, 2120, 1245, 693, 2149, 1489, 874, 1395, 1467, 1002, 521, 662, 1937, 1999, 1487, 1624, 1303, 1212, 1110, 677, 799, 1070, 18, 1690, 44, 2139, 668, 1921, 1792, 197, 856, 667, 1528, 1975, 420, 1956, 659, 993, 636, 2080, 1711, 822, 1109, 886, 1922, 1916, 801, 875, 666, 1794, 979, 43, 325, 211, 1980, 1227, 2107, 2036, 612, 321, 1771, 1705, 634, 406, 1413, 1400, 1523, 1163, 1936, 241, 774, 115, 1382, 372, 1486, 820, 1773, 1298, 393]",90,200,8,False,200
91,entity,entity,1,True,True,True,"{1: 106, 0: 10, 4: 84}","[816, 387, 1942, 2167, 2071, 1129, 1505, 284, 849, 2082, 791, 1493, 331, 784, 2028, 589, 1762, 143, 1020, 633, 1934, 2, 1484, 1118, 1372, 712, 535, 1734, 783, 1634, 1331, 2041, 256, 426, 1311, 675, 584, 1189, 351, 1755, 1575, 553, 722, 1369, 609, 101, 1365, 976, 765, 1702, 1096, 1374, 118, 1670, 713, 1380, 1989, 1746, 1748, 882, 1875, 1309, 434, 517, 261, 556, 2117, 1652, 790, 165, 1308, 1263, 1793, 133, 691, 2092, 67, 863, 442, 1277, 1084, 186, 1627, 529, 1485, 1719, 1021, 595, 1632, 1735, 1603, 242, 497, 1638, 1201, 2077, 1531, 646, 1598, 532, 469, 1016, 1503, 359, 62, 925, 1500, 311, 1459, 368, 108, 1179, 2129, 1502, 231, 1289, 312, 53, 1338, 678, 2119, 1643, 2120, 1245, 693, 2149, 1489, 874, 1395, 1467, 1002, 521, 662, 1937, 1999, 1487, 1624, 1303, 1212, 1110, 677, 799, 1070, 18, 1690, 44, 2139, 668, 1921, 1792, 197, 856, 667, 1528, 1975, 420, 1956, 659, 993, 636, 2080, 1711, 822, 1109, 886, 1922, 1916, 801, 875, 666, 1794, 979, 43, 325, 211, 1980, 1227, 2107, 2036, 612, 321, 1771, 1705, 634, 406, 1413, 1400, 1523, 1163, 1936, 241, 774, 115, 1382, 372, 1486, 820, 1773, 1298, 393]",91,200,8,False,200
92,abbreviation,abbre,0,True,True,False,"{1: 106, 0: 10, 4: 84}","[816, 387, 1942, 2167, 2071, 1129, 1505, 284, 849, 2082, 791, 1493, 331, 784, 2028, 589, 1762, 143, 1020, 633, 1934, 2, 1484, 1118, 1372, 712, 535, 1734, 783, 1634, 1331, 2041, 256, 426, 1311, 675, 584, 1189, 351, 1755, 1575, 553, 722, 1369, 609, 101, 1365, 976, 765, 1702, 1096, 1374, 118, 1670, 713, 1380, 1989, 1746, 1748, 882, 1875, 1309, 434, 517, 261, 556, 2117, 1652, 790, 165, 1308, 1263, 1793, 133, 691, 2092, 67, 863, 442, 1277, 1084, 186, 1627, 529, 1485, 1719, 1021, 595, 1632, 1735, 1603, 242, 497, 1638, 1201, 2077, 1531, 646, 1598, 532, 469, 1016, 1503, 359, 62, 925, 1500, 311, 1459, 368, 108, 1179, 2129, 1502, 231, 1289, 312, 53, 1338, 678, 2119, 1643, 2120, 1245, 693, 2149, 1489, 874, 1395, 1467, 1002, 521, 662, 1937, 1999, 1487, 1624, 1303, 1212, 1110, 677, 799, 1070, 18, 1690, 44, 2139, 668, 1921, 1792, 197, 856, 667, 1528, 1975, 420, 1956, 659, 993, 636, 2080, 1711, 822, 1109, 886, 1922, 1916, 801, 875, 666, 1794, 979, 43, 325, 211, 1980, 1227, 2107, 2036, 612, 321, 1771, 1705, 634, 406, 1413, 1400, 1523, 1163, 1936, 241, 774, 115, 1382, 372, 1486, 820, 1773, 1298, 393]",92,200,8,False,200
93,entity,entity,1,True,True,True,"{1: 106, 0: 10, 4: 84}","[816, 387, 1942, 2167, 2071, 1129, 1505, 284, 849, 2082, 791, 1493, 331, 784, 2028, 589, 1762, 143, 1020, 633, 1934, 2, 1484, 1118, 1372, 712, 535, 1734, 783, 1634, 1331, 2041, 256, 426, 1311, 675, 584, 1189, 351, 1755, 1575, 553, 722, 1369, 609, 101, 1365, 976, 765, 1702, 1096, 1374, 118, 1670, 713, 1380, 1989, 1746, 1748, 882, 1875, 1309, 434, 517, 261, 556, 2117, 1652, 790, 165, 1308, 1263, 1793, 133, 691, 2092, 67, 863, 442, 1277, 1084, 186, 1627, 529, 1485, 1719, 1021, 595, 1632, 1735, 1603, 242, 497, 1638, 1201, 2077, 1531, 646, 1598, 532, 469, 1016, 1503, 359, 62, 925, 1500, 311, 1459, 368, 108, 1179, 2129, 1502, 231, 1289, 312, 53, 1338, 678, 2119, 1643, 2120, 1245, 693, 2149, 1489, 874, 1395, 1467, 1002, 521, 662, 1937, 1999, 1487, 1624, 1303, 1212, 1110, 677, 799, 1070, 18, 1690, 44, 2139, 668, 1921, 1792, 197, 856, 667, 1528, 1975, 420, 1956, 659, 993, 636, 2080, 1711, 822, 1109, 886, 1922, 1916, 801, 875, 666, 1794, 979, 43, 325, 211, 1980, 1227, 2107, 2036, 612, 321, 1771, 1705, 634, 406, 1413, 1400, 1523, 1163, 1936, 241, 774, 115, 1382, 372, 1486, 820, 1773, 1298, 393]",93,200,8,False,200
94,location,location,4,True,True,True,"{1: 106, 0: 10, 4: 84}","[816, 387, 1942, 2167, 2071, 1129, 1505, 284, 849, 2082, 791, 1493, 331, 784, 2028, 589, 1762, 143, 1020, 633, 1934, 2, 1484, 1118, 1372, 712, 535, 1734, 783, 1634, 1331, 2041, 256, 426, 1311, 675, 584, 1189, 351, 1755, 1575, 553, 722, 1369, 609, 101, 1365, 976, 765, 1702, 1096, 1374, 118, 1670, 713, 1380, 1989, 1746, 1748, 882, 1875, 1309, 434, 517, 261, 556, 2117, 1652, 790, 165, 1308, 1263, 1793, 133, 691, 2092, 67, 863, 442, 1277, 1084, 186, 1627, 529, 1485, 1719, 1021, 595, 1632, 1735, 1603, 242, 497, 1638, 1201, 2077, 1531, 646, 1598, 532, 469, 1016, 1503, 359, 62, 925, 1500, 311, 1459, 368, 108, 1179, 2129, 1502, 231, 1289, 312, 53, 1338, 678, 2119, 1643, 2120, 1245, 693, 2149, 1489, 874, 1395, 1467, 1002, 521, 662, 1937, 1999, 1487, 1624, 1303, 1212, 1110, 677, 799, 1070, 18, 1690, 44, 2139, 668, 1921, 1792, 197, 856, 667, 1528, 1975, 420, 1956, 659, 993, 636, 2080, 1711, 822, 1109, 886, 1922, 1916, 801, 875, 666, 1794, 979, 43, 325, 211, 1980, 1227, 2107, 2036, 612, 321, 1771, 1705, 634, 406, 1413, 1400, 1523, 1163, 1936, 241, 774, 115, 1382, 372, 1486, 820, 1773, 1298, 393]",94,200,8,False,200
95,abbreviation,abbre,0,True,True,False,"{1: 106, 0: 10, 4: 84}","[816, 387, 1942, 2167, 2071, 1129, 1505, 284, 849, 2082, 791, 1493, 331, 784, 2028, 589, 1762, 143, 1020, 633, 1934, 2, 1484, 1118, 1372, 712, 535, 1734, 783, 1634, 1331, 2041, 256, 426, 1311, 675, 584, 1189, 351, 1755, 1575, 553, 722, 1369, 609, 101, 1365, 976, 765, 1702, 1096, 1374, 118, 1670, 713, 1380, 1989, 1746, 1748, 882, 1875, 1309, 434, 517, 261, 556, 2117, 1652, 790, 165, 1308, 1263, 1793, 133, 691, 2092, 67, 863, 442, 1277, 1084, 186, 1627, 529, 1485, 1719, 1021, 595, 1632, 1735, 1603, 242, 497, 1638, 1201, 2077, 1531, 646, 1598, 532, 469, 1016, 1503, 359, 62, 925, 1500, 311, 1459, 368, 108, 1179, 2129, 1502, 231, 1289, 312, 53, 1338, 678, 2119, 1643, 2120, 1245, 693, 2149, 1489, 874, 1395, 1467, 1002, 521, 662, 1937, 1999, 1487, 1624, 1303, 1212, 1110, 677, 799, 1070, 18, 1690, 44, 2139, 668, 1921, 1792, 197, 856, 667, 1528, 1975, 420, 1956, 659, 993, 636, 2080, 1711, 822, 1109, 886, 1922, 1916, 801, 875, 666, 1794, 979, 43, 325, 211, 1980, 1227, 2107, 2036, 612, 321, 1771, 1705, 634, 406, 1413, 1400, 1523, 1163, 1936, 241, 774, 115, 1382, 372, 1486, 820, 1773, 1298, 393]",95,200,8,False,200
96,location,location,4,True,True,True,"{1: 106, 0: 10, 4: 84}","[816, 387, 1942, 2167, 2071, 1129, 1505, 284, 849, 2082, 791, 1493, 331, 784, 2028, 589, 1762, 143, 1020, 633, 1934, 2, 1484, 1118, 1372, 712, 535, 1734, 783, 1634, 1331, 2041, 256, 426, 1311, 675, 584, 1189, 351, 1755, 1575, 553, 722, 1369, 609, 101, 1365, 976, 765, 1702, 1096, 1374, 118, 1670, 713, 1380, 1989, 1746, 1748, 882, 1875, 1309, 434, 517, 261, 556, 2117, 1652, 790, 165, 1308, 1263, 1793, 133, 691, 2092, 67, 863, 442, 1277, 1084, 186, 1627, 529, 1485, 1719, 1021, 595, 1632, 1735, 1603, 242, 497, 1638, 1201, 2077, 1531, 646, 1598, 532, 469, 1016, 1503, 359, 62, 925, 1500, 311, 1459, 368, 108, 1179, 2129, 1502, 231, 1289, 312, 53, 1338, 678, 2119, 1643, 2120, 1245, 693, 2149, 1489, 874, 1395, 1467, 1002, 521, 662, 1937, 1999, 1487, 1624, 1303, 1212, 1110, 677, 799, 1070, 18, 1690, 44, 2139, 668, 1921, 1792, 197, 856, 667, 1528, 1975, 420, 1956, 659, 993, 636, 2080, 1711, 822, 1109, 886, 1922, 1916, 801, 875, 666, 1794, 979, 43, 325, 211, 1980, 1227, 2107, 2036, 612, 321, 1771, 1705, 634, 406, 1413, 1400, 1523, 1163, 1936, 241, 774, 115, 1382, 372, 1486, 820, 1773, 1298, 393]",96,200,8,False,200
97,location,location,4,True,True,True,"{1: 106, 0: 10, 4: 84}","[816, 387, 1942, 2167, 2071, 1129, 1505, 284, 849, 2082, 791, 1493, 331, 784, 2028, 589, 1762, 143, 1020, 633, 1934, 2, 1484, 1118, 1372, 712, 535, 1734, 783, 1634, 1331, 2041, 256, 426, 1311, 675, 584, 1189, 351, 1755, 1575, 553, 722, 1369, 609, 101, 1365, 976, 765, 1702, 1096, 1374, 118, 1670, 713, 1380, 1989, 1746, 1748, 882, 1875, 1309, 434, 517, 261, 556, 2117, 1652, 790, 165, 1308, 1263, 1793, 133, 691, 2092, 67, 863, 442, 1277, 1084, 186, 1627, 529, 1485, 1719, 1021, 595, 1632, 1735, 1603, 242, 497, 1638, 1201, 2077, 1531, 646, 1598, 532, 469, 1016, 1503, 359, 62, 925, 1500, 311, 1459, 368, 108, 1179, 2129, 1502, 231, 1289, 312, 53, 1338, 678, 2119, 1643, 2120, 1245, 693, 2149, 1489, 874, 1395, 1467, 1002, 521, 662, 1937, 1999, 1487, 1624, 1303, 1212, 1110, 677, 799, 1070, 18, 1690, 44, 2139, 668, 1921, 1792, 197, 856, 667, 1528, 1975, 420, 1956, 659, 993, 636, 2080, 1711, 822, 1109, 886, 1922, 1916, 801, 875, 666, 1794, 979, 43, 325, 211, 1980, 1227, 2107, 2036, 612, 321, 1771, 1705, 634, 406, 1413, 1400, 1523, 1163, 1936, 241, 774, 115, 1382, 372, 1486, 820, 1773, 1298, 393]",97,200,8,False,200
98,entity,entity,1,True,True,True,"{1: 106, 0: 10, 4: 84}","[816, 387, 1942, 2167, 2071, 1129, 1505, 284, 849, 2082, 791, 1493, 331, 784, 2028, 589, 1762, 143, 1020, 633, 1934, 2, 1484, 1118, 1372, 712, 535, 1734, 783, 1634, 1331, 2041, 256, 426, 1311, 675, 584, 1189, 351, 1755, 1575, 553, 722, 1369, 609, 101, 1365, 976, 765, 1702, 1096, 1374, 118, 1670, 713, 1380, 1989, 1746, 1748, 882, 1875, 1309, 434, 517, 261, 556, 2117, 1652, 790, 165, 1308, 1263, 1793, 133, 691, 2092, 67, 863, 442, 1277, 1084, 186, 1627, 529, 1485, 1719, 1021, 595, 1632, 1735, 1603, 242, 497, 1638, 1201, 2077, 1531, 646, 1598, 532, 469, 1016, 1503, 359, 62, 925, 1500, 311, 1459, 368, 108, 1179, 2129, 1502, 231, 1289, 312, 53, 1338, 678, 2119, 1643, 2120, 1245, 693, 2149, 1489, 874, 1395, 1467, 1002, 521, 662, 1937, 1999, 1487, 1624, 1303, 1212, 1110, 677, 799, 1070, 18, 1690, 44, 2139, 668, 1921, 1792, 197, 856, 667, 1528, 1975, 420, 1956, 659, 993, 636, 2080, 1711, 822, 1109, 886, 1922, 1916, 801, 875, 666, 1794, 979, 43, 325, 211, 1980, 1227, 2107, 2036, 612, 321, 1771, 1705, 634, 406, 1413, 1400, 1523, 1163, 1936, 241, 774, 115, 1382, 372, 1486, 820, 1773, 1298, 393]",98,200,8,False,200
99,entity,entity,1,True,True,True,"{1: 106, 0: 10, 4: 84}","[816, 387, 1942, 2167, 2071, 1129, 1505, 284, 849, 2082, 791, 1493, 331, 784, 2028, 589, 1762, 143, 1020, 633, 1934, 2, 1484, 1118, 1372, 712, 535, 1734, 783, 1634, 1331, 2041, 256, 426, 1311, 675, 584, 1189, 351, 1755, 1575, 553, 722, 1369, 609, 101, 1365, 976, 765, 1702, 1096, 1374, 118, 1670, 713, 1380, 1989, 1746, 1748, 882, 1875, 1309, 434, 517, 261, 556, 2117, 1652, 790, 165, 1308, 1263, 1793, 133, 691, 2092, 67, 863, 442, 1277, 1084, 186, 1627, 529, 1485, 1719, 1021, 595, 1632, 1735, 1603, 242, 497, 1638, 1201, 2077, 1531, 646, 1598, 532, 469, 1016, 1503, 359, 62, 925, 1500, 311, 1459, 368, 108, 1179, 2129, 1502, 231, 1289, 312, 53, 1338, 678, 2119, 1643, 2120, 1245, 693, 2149, 1489, 874, 1395, 1467, 1002, 521, 662, 1937, 1999, 1487, 1624, 1303, 1212, 1110, 677, 799, 1070, 18, 1690, 44, 2139, 668, 1921, 1792, 197, 856, 667, 1528, 1975, 420, 1956, 659, 993, 636, 2080, 1711, 822, 1109, 886, 1922, 1916, 801, 875, 666, 1794, 979, 43, 325, 211, 1980, 1227, 2107, 2036, 612, 321, 1771, 1705, 634, 406, 1413, 1400, 1523, 1163, 1936, 241, 774, 115, 1382, 372, 1486, 820, 1773, 1298, 393]",99,200,8,False,200
100,entity,entity,1,True,True,True,"{1: 106, 0: 10, 4: 84}","[816, 387, 1942, 2167, 2071, 1129, 1505, 284, 849, 2082, 791, 1493, 331, 784, 2028, 589, 1762, 143, 1020, 633, 1934, 2, 1484, 1118, 1372, 712, 535, 1734, 783, 1634, 1331, 2041, 256, 426, 1311, 675, 584, 1189, 351, 1755, 1575, 553, 722, 1369, 609, 101, 1365, 976, 765, 1702, 1096, 1374, 118, 1670, 713, 1380, 1989, 1746, 1748, 882, 1875, 1309, 434, 517, 261, 556, 2117, 1652, 790, 165, 1308, 1263, 1793, 133, 691, 2092, 67, 863, 442, 1277, 1084, 186, 1627, 529, 1485, 1719, 1021, 595, 1632, 1735, 1603, 242, 497, 1638, 1201, 2077, 1531, 646, 1598, 532, 469, 1016, 1503, 359, 62, 925, 1500, 311, 1459, 368, 108, 1179, 2129, 1502, 231, 1289, 312, 53, 1338, 678, 2119, 1643, 2120, 1245, 693, 2149, 1489, 874, 1395, 1467, 1002, 521, 662, 1937, 1999, 1487, 1624, 1303, 1212, 1110, 677, 799, 1070, 18, 1690, 44, 2139, 668, 1921, 1792, 197, 856, 667, 1528, 1975, 420, 1956, 659, 993, 636, 2080, 1711, 822, 1109, 886, 1922, 1916, 801, 875, 666, 1794, 979, 43, 325, 211, 1980, 1227, 2107, 2036, 612, 321, 1771, 1705, 634, 406, 1413, 1400, 1523, 1163, 1936, 241, 774, 115, 1382, 372, 1486, 820, 1773, 1298, 393]",100,200,8,False,200
101,entity,entity,1,True,True,True,"{1: 106, 0: 10, 4: 84}","[816, 387, 1942, 2167, 2071, 1129, 1505, 284, 849, 2082, 791, 1493, 331, 784, 2028, 589, 1762, 143, 1020, 633, 1934, 2, 1484, 1118, 1372, 712, 535, 1734, 783, 1634, 1331, 2041, 256, 426, 1311, 675, 584, 1189, 351, 1755, 1575, 553, 722, 1369, 609, 101, 1365, 976, 765, 1702, 1096, 1374, 118, 1670, 713, 1380, 1989, 1746, 1748, 882, 1875, 1309, 434, 517, 261, 556, 2117, 1652, 790, 165, 1308, 1263, 1793, 133, 691, 2092, 67, 863, 442, 1277, 1084, 186, 1627, 529, 1485, 1719, 1021, 595, 1632, 1735, 1603, 242, 497, 1638, 1201, 2077, 1531, 646, 1598, 532, 469, 1016, 1503, 359, 62, 925, 1500, 311, 1459, 368, 108, 1179, 2129, 1502, 231, 1289, 312, 53, 1338, 678, 2119, 1643, 2120, 1245, 693, 2149, 1489, 874, 1395, 1467, 1002, 521, 662, 1937, 1999, 1487, 1624, 1303, 1212, 1110, 677, 799, 1070, 18, 1690, 44, 2139, 668, 1921, 1792, 197, 856, 667, 1528, 1975, 420, 1956, 659, 993, 636, 2080, 1711, 822, 1109, 886, 1922, 1916, 801, 875, 666, 1794, 979, 43, 325, 211, 1980, 1227, 2107, 2036, 612, 321, 1771, 1705, 634, 406, 1413, 1400, 1523, 1163, 1936, 241, 774, 115, 1382, 372, 1486, 820, 1773, 1298, 393]",101,200,8,False,200
102,entity,entity,1,True,True,True,"{1: 106, 0: 10, 4: 84}","[816, 387, 1942, 2167, 2071, 1129, 1505, 284, 849, 2082, 791, 1493, 331, 784, 2028, 589, 1762, 143, 1020, 633, 1934, 2, 1484, 1118, 1372, 712, 535, 1734, 783, 1634, 1331, 2041, 256, 426, 1311, 675, 584, 1189, 351, 1755, 1575, 553, 722, 1369, 609, 101, 1365, 976, 765, 1702, 1096, 1374, 118, 1670, 713, 1380, 1989, 1746, 1748, 882, 1875, 1309, 434, 517, 261, 556, 2117, 1652, 790, 165, 1308, 1263, 1793, 133, 691, 2092, 67, 863, 442, 1277, 1084, 186, 1627, 529, 1485, 1719, 1021, 595, 1632, 1735, 1603, 242, 497, 1638, 1201, 2077, 1531, 646, 1598, 532, 469, 1016, 1503, 359, 62, 925, 1500, 311, 1459, 368, 108, 1179, 2129, 1502, 231, 1289, 312, 53, 1338, 678, 2119, 1643, 2120, 1245, 693, 2149, 1489, 874, 1395, 1467, 1002, 521, 662, 1937, 1999, 1487, 1624, 1303, 1212, 1110, 677, 799, 1070, 18, 1690, 44, 2139, 668, 1921, 1792, 197, 856, 667, 1528, 1975, 420, 1956, 659, 993, 636, 2080, 1711, 822, 1109, 886, 1922, 1916, 801, 875, 666, 1794, 979, 43, 325, 211, 1980, 1227, 2107, 2036, 612, 321, 1771, 1705, 634, 406, 1413, 1400, 1523, 1163, 1936, 241, 774, 115, 1382, 372, 1486, 820, 1773, 1298, 393]",102,200,8,False,200
103,abbreviation,abbre,0,True,True,False,"{1: 106, 0: 10, 4: 84}","[816, 387, 1942, 2167, 2071, 1129, 1505, 284, 849, 2082, 791, 1493, 331, 784, 2028, 589, 1762, 143, 1020, 633, 1934, 2, 1484, 1118, 1372, 712, 535, 1734, 783, 1634, 1331, 2041, 256, 426, 1311, 675, 584, 1189, 351, 1755, 1575, 553, 722, 1369, 609, 101, 1365, 976, 765, 1702, 1096, 1374, 118, 1670, 713, 1380, 1989, 1746, 1748, 882, 1875, 1309, 434, 517, 261, 556, 2117, 1652, 790, 165, 1308, 1263, 1793, 133, 691, 2092, 67, 863, 442, 1277, 1084, 186, 1627, 529, 1485, 1719, 1021, 595, 1632, 1735, 1603, 242, 497, 1638, 1201, 2077, 1531, 646, 1598, 532, 469, 1016, 1503, 359, 62, 925, 1500, 311, 1459, 368, 108, 1179, 2129, 1502, 231, 1289, 312, 53, 1338, 678, 2119, 1643, 2120, 1245, 693, 2149, 1489, 874, 1395, 1467, 1002, 521, 662, 1937, 1999, 1487, 1624, 1303, 1212, 1110, 677, 799, 1070, 18, 1690, 44, 2139, 668, 1921, 1792, 197, 856, 667, 1528, 1975, 420, 1956, 659, 993, 636, 2080, 1711, 822, 1109, 886, 1922, 1916, 801, 875, 666, 1794, 979, 43, 325, 211, 1980, 1227, 2107, 2036, 612, 321, 1771, 1705, 634, 406, 1413, 1400, 1523, 1163, 1936, 241, 774, 115, 1382, 372, 1486, 820, 1773, 1298, 393]",103,200,8,False,200
104,location,location,4,True,True,True,"{1: 106, 0: 10, 4: 84}","[816, 387, 1942, 2167, 2071, 1129, 1505, 284, 849, 2082, 791, 1493, 331, 784, 2028, 589, 1762, 143, 1020, 633, 1934, 2, 1484, 1118, 1372, 712, 535, 1734, 783, 1634, 1331, 2041, 256, 426, 1311, 675, 584, 1189, 351, 1755, 1575, 553, 722, 1369, 609, 101, 1365, 976, 765, 1702, 1096, 1374, 118, 1670, 713, 1380, 1989, 1746, 1748, 882, 1875, 1309, 434, 517, 261, 556, 2117, 1652, 790, 165, 1308, 1263, 1793, 133, 691, 2092, 67, 863, 442, 1277, 1084, 186, 1627, 529, 1485, 1719, 1021, 595, 1632, 1735, 1603, 242, 497, 1638, 1201, 2077, 1531, 646, 1598, 532, 469, 1016, 1503, 359, 62, 925, 1500, 311, 1459, 368, 108, 1179, 2129, 1502, 231, 1289, 312, 53, 1338, 678, 2119, 1643, 2120, 1245, 693, 2149, 1489, 874, 1395, 1467, 1002, 521, 662, 1937, 1999, 1487, 1624, 1303, 1212, 1110, 677, 799, 1070, 18, 1690, 44, 2139, 668, 1921, 1792, 197, 856, 667, 1528, 1975, 420, 1956, 659, 993, 636, 2080, 1711, 822, 1109, 886, 1922, 1916, 801, 875, 666, 1794, 979, 43, 325, 211, 1980, 1227, 2107, 2036, 612, 321, 1771, 1705, 634, 406, 1413, 1400, 1523, 1163, 1936, 241, 774, 115, 1382, 372, 1486, 820, 1773, 1298, 393]",104,200,8,False,200
105,entity,location,4,True,False,True,"{1: 106, 0: 10, 4: 84}","[816, 387, 1942, 2167, 2071, 1129, 1505, 284, 849, 2082, 791, 1493, 331, 784, 2028, 589, 1762, 143, 1020, 633, 1934, 2, 1484, 1118, 1372, 712, 535, 1734, 783, 1634, 1331, 2041, 256, 426, 1311, 675, 584, 1189, 351, 1755, 1575, 553, 722, 1369, 609, 101, 1365, 976, 765, 1702, 1096, 1374, 118, 1670, 713, 1380, 1989, 1746, 1748, 882, 1875, 1309, 434, 517, 261, 556, 2117, 1652, 790, 165, 1308, 1263, 1793, 133, 691, 2092, 67, 863, 442, 1277, 1084, 186, 1627, 529, 1485, 1719, 1021, 595, 1632, 1735, 1603, 242, 497, 1638, 1201, 2077, 1531, 646, 1598, 532, 469, 1016, 1503, 359, 62, 925, 1500, 311, 1459, 368, 108, 1179, 2129, 1502, 231, 1289, 312, 53, 1338, 678, 2119, 1643, 2120, 1245, 693, 2149, 1489, 874, 1395, 1467, 1002, 521, 662, 1937, 1999, 1487, 1624, 1303, 1212, 1110, 677, 799, 1070, 18, 1690, 44, 2139, 668, 1921, 1792, 197, 856, 667, 1528, 1975, 420, 1956, 659, 993, 636, 2080, 1711, 822, 1109, 886, 1922, 1916, 801, 875, 666, 1794, 979, 43, 325, 211, 1980, 1227, 2107, 2036, 612, 321, 1771, 1705, 634, 406, 1413, 1400, 1523, 1163, 1936, 241, 774, 115, 1382, 372, 1486, 820, 1773, 1298, 393]",105,200,8,False,200
106,location,location,4,True,True,True,"{1: 106, 0: 10, 4: 84}","[816, 387, 1942, 2167, 2071, 1129, 1505, 284, 849, 2082, 791, 1493, 331, 784, 2028, 589, 1762, 143, 1020, 633, 1934, 2, 1484, 1118, 1372, 712, 535, 1734, 783, 1634, 1331, 2041, 256, 426, 1311, 675, 584, 1189, 351, 1755, 1575, 553, 722, 1369, 609, 101, 1365, 976, 765, 1702, 1096, 1374, 118, 1670, 713, 1380, 1989, 1746, 1748, 882, 1875, 1309, 434, 517, 261, 556, 2117, 1652, 790, 165, 1308, 1263, 1793, 133, 691, 2092, 67, 863, 442, 1277, 1084, 186, 1627, 529, 1485, 1719, 1021, 595, 1632, 1735, 1603, 242, 497, 1638, 1201, 2077, 1531, 646, 1598, 532, 469, 1016, 1503, 359, 62, 925, 1500, 311, 1459, 368, 108, 1179, 2129, 1502, 231, 1289, 312, 53, 1338, 678, 2119, 1643, 2120, 1245, 693, 2149, 1489, 874, 1395, 1467, 1002, 521, 662, 1937, 1999, 1487, 1624, 1303, 1212, 1110, 677, 799, 1070, 18, 1690, 44, 2139, 668, 1921, 1792, 197, 856, 667, 1528, 1975, 420, 1956, 659, 993, 636, 2080, 1711, 822, 1109, 886, 1922, 1916, 801, 875, 666, 1794, 979, 43, 325, 211, 1980, 1227, 2107, 2036, 612, 321, 1771, 1705, 634, 406, 1413, 1400, 1523, 1163, 1936, 241, 774, 115, 1382, 372, 1486, 820, 1773, 1298, 393]",106,200,8,False,200
107,location,location,4,True,True,True,"{1: 106, 0: 10, 4: 84}","[816, 387, 1942, 2167, 2071, 1129, 1505, 284, 849, 2082, 791, 1493, 331, 784, 2028, 589, 1762, 143, 1020, 633, 1934, 2, 1484, 1118, 1372, 712, 535, 1734, 783, 1634, 1331, 2041, 256, 426, 1311, 675, 584, 1189, 351, 1755, 1575, 553, 722, 1369, 609, 101, 1365, 976, 765, 1702, 1096, 1374, 118, 1670, 713, 1380, 1989, 1746, 1748, 882, 1875, 1309, 434, 517, 261, 556, 2117, 1652, 790, 165, 1308, 1263, 1793, 133, 691, 2092, 67, 863, 442, 1277, 1084, 186, 1627, 529, 1485, 1719, 1021, 595, 1632, 1735, 1603, 242, 497, 1638, 1201, 2077, 1531, 646, 1598, 532, 469, 1016, 1503, 359, 62, 925, 1500, 311, 1459, 368, 108, 1179, 2129, 1502, 231, 1289, 312, 53, 1338, 678, 2119, 1643, 2120, 1245, 693, 2149, 1489, 874, 1395, 1467, 1002, 521, 662, 1937, 1999, 1487, 1624, 1303, 1212, 1110, 677, 799, 1070, 18, 1690, 44, 2139, 668, 1921, 1792, 197, 856, 667, 1528, 1975, 420, 1956, 659, 993, 636, 2080, 1711, 822, 1109, 886, 1922, 1916, 801, 875, 666, 1794, 979, 43, 325, 211, 1980, 1227, 2107, 2036, 612, 321, 1771, 1705, 634, 406, 1413, 1400, 1523, 1163, 1936, 241, 774, 115, 1382, 372, 1486, 820, 1773, 1298, 393]",107,200,8,False,200
108,location,location,4,True,True,True,"{1: 106, 0: 10, 4: 84}","[816, 387, 1942, 2167, 2071, 1129, 1505, 284, 849, 2082, 791, 1493, 331, 784, 2028, 589, 1762, 143, 1020, 633, 1934, 2, 1484, 1118, 1372, 712, 535, 1734, 783, 1634, 1331, 2041, 256, 426, 1311, 675, 584, 1189, 351, 1755, 1575, 553, 722, 1369, 609, 101, 1365, 976, 765, 1702, 1096, 1374, 118, 1670, 713, 1380, 1989, 1746, 1748, 882, 1875, 1309, 434, 517, 261, 556, 2117, 1652, 790, 165, 1308, 1263, 1793, 133, 691, 2092, 67, 863, 442, 1277, 1084, 186, 1627, 529, 1485, 1719, 1021, 595, 1632, 1735, 1603, 242, 497, 1638, 1201, 2077, 1531, 646, 1598, 532, 469, 1016, 1503, 359, 62, 925, 1500, 311, 1459, 368, 108, 1179, 2129, 1502, 231, 1289, 312, 53, 1338, 678, 2119, 1643, 2120, 1245, 693, 2149, 1489, 874, 1395, 1467, 1002, 521, 662, 1937, 1999, 1487, 1624, 1303, 1212, 1110, 677, 799, 1070, 18, 1690, 44, 2139, 668, 1921, 1792, 197, 856, 667, 1528, 1975, 420, 1956, 659, 993, 636, 2080, 1711, 822, 1109, 886, 1922, 1916, 801, 875, 666, 1794, 979, 43, 325, 211, 1980, 1227, 2107, 2036, 612, 321, 1771, 1705, 634, 406, 1413, 1400, 1523, 1163, 1936, 241, 774, 115, 1382, 372, 1486, 820, 1773, 1298, 393]",108,200,8,False,200
109,location,location,4,True,True,True,"{1: 106, 0: 10, 4: 84}","[816, 387, 1942, 2167, 2071, 1129, 1505, 284, 849, 2082, 791, 1493, 331, 784, 2028, 589, 1762, 143, 1020, 633, 1934, 2, 1484, 1118, 1372, 712, 535, 1734, 783, 1634, 1331, 2041, 256, 426, 1311, 675, 584, 1189, 351, 1755, 1575, 553, 722, 1369, 609, 101, 1365, 976, 765, 1702, 1096, 1374, 118, 1670, 713, 1380, 1989, 1746, 1748, 882, 1875, 1309, 434, 517, 261, 556, 2117, 1652, 790, 165, 1308, 1263, 1793, 133, 691, 2092, 67, 863, 442, 1277, 1084, 186, 1627, 529, 1485, 1719, 1021, 595, 1632, 1735, 1603, 242, 497, 1638, 1201, 2077, 1531, 646, 1598, 532, 469, 1016, 1503, 359, 62, 925, 1500, 311, 1459, 368, 108, 1179, 2129, 1502, 231, 1289, 312, 53, 1338, 678, 2119, 1643, 2120, 1245, 693, 2149, 1489, 874, 1395, 1467, 1002, 521, 662, 1937, 1999, 1487, 1624, 1303, 1212, 1110, 677, 799, 1070, 18, 1690, 44, 2139, 668, 1921, 1792, 197, 856, 667, 1528, 1975, 420, 1956, 659, 993, 636, 2080, 1711, 822, 1109, 886, 1922, 1916, 801, 875, 666, 1794, 979, 43, 325, 211, 1980, 1227, 2107, 2036, 612, 321, 1771, 1705, 634, 406, 1413, 1400, 1523, 1163, 1936, 241, 774, 115, 1382, 372, 1486, 820, 1773, 1298, 393]",109,200,8,False,200
110,entity,entity,1,True,True,True,"{1: 106, 0: 10, 4: 84}","[816, 387, 1942, 2167, 2071, 1129, 1505, 284, 849, 2082, 791, 1493, 331, 784, 2028, 589, 1762, 143, 1020, 633, 1934, 2, 1484, 1118, 1372, 712, 535, 1734, 783, 1634, 1331, 2041, 256, 426, 1311, 675, 584, 1189, 351, 1755, 1575, 553, 722, 1369, 609, 101, 1365, 976, 765, 1702, 1096, 1374, 118, 1670, 713, 1380, 1989, 1746, 1748, 882, 1875, 1309, 434, 517, 261, 556, 2117, 1652, 790, 165, 1308, 1263, 1793, 133, 691, 2092, 67, 863, 442, 1277, 1084, 186, 1627, 529, 1485, 1719, 1021, 595, 1632, 1735, 1603, 242, 497, 1638, 1201, 2077, 1531, 646, 1598, 532, 469, 1016, 1503, 359, 62, 925, 1500, 311, 1459, 368, 108, 1179, 2129, 1502, 231, 1289, 312, 53, 1338, 678, 2119, 1643, 2120, 1245, 693, 2149, 1489, 874, 1395, 1467, 1002, 521, 662, 1937, 1999, 1487, 1624, 1303, 1212, 1110, 677, 799, 1070, 18, 1690, 44, 2139, 668, 1921, 1792, 197, 856, 667, 1528, 1975, 420, 1956, 659, 993, 636, 2080, 1711, 822, 1109, 886, 1922, 1916, 801, 875, 666, 1794, 979, 43, 325, 211, 1980, 1227, 2107, 2036, 612, 321, 1771, 1705, 634, 406, 1413, 1400, 1523, 1163, 1936, 241, 774, 115, 1382, 372, 1486, 820, 1773, 1298, 393]",110,200,8,False,200
111,entity,location,4,True,False,True,"{1: 106, 0: 10, 4: 84}","[816, 387, 1942, 2167, 2071, 1129, 1505, 284, 849, 2082, 791, 1493, 331, 784, 2028, 589, 1762, 143, 1020, 633, 1934, 2, 1484, 1118, 1372, 712, 535, 1734, 783, 1634, 1331, 2041, 256, 426, 1311, 675, 584, 1189, 351, 1755, 1575, 553, 722, 1369, 609, 101, 1365, 976, 765, 1702, 1096, 1374, 118, 1670, 713, 1380, 1989, 1746, 1748, 882, 1875, 1309, 434, 517, 261, 556, 2117, 1652, 790, 165, 1308, 1263, 1793, 133, 691, 2092, 67, 863, 442, 1277, 1084, 186, 1627, 529, 1485, 1719, 1021, 595, 1632, 1735, 1603, 242, 497, 1638, 1201, 2077, 1531, 646, 1598, 532, 469, 1016, 1503, 359, 62, 925, 1500, 311, 1459, 368, 108, 1179, 2129, 1502, 231, 1289, 312, 53, 1338, 678, 2119, 1643, 2120, 1245, 693, 2149, 1489, 874, 1395, 1467, 1002, 521, 662, 1937, 1999, 1487, 1624, 1303, 1212, 1110, 677, 799, 1070, 18, 1690, 44, 2139, 668, 1921, 1792, 197, 856, 667, 1528, 1975, 420, 1956, 659, 993, 636, 2080, 1711, 822, 1109, 886, 1922, 1916, 801, 875, 666, 1794, 979, 43, 325, 211, 1980, 1227, 2107, 2036, 612, 321, 1771, 1705, 634, 406, 1413, 1400, 1523, 1163, 1936, 241, 774, 115, 1382, 372, 1486, 820, 1773, 1298, 393]",111,200,8,False,200
112,abbreviation,abbre,0,True,True,False,"{1: 106, 0: 10, 4: 84}","[816, 387, 1942, 2167, 2071, 1129, 1505, 284, 849, 2082, 791, 1493, 331, 784, 2028, 589, 1762, 143, 1020, 633, 1934, 2, 1484, 1118, 1372, 712, 535, 1734, 783, 1634, 1331, 2041, 256, 426, 1311, 675, 584, 1189, 351, 1755, 1575, 553, 722, 1369, 609, 101, 1365, 976, 765, 1702, 1096, 1374, 118, 1670, 713, 1380, 1989, 1746, 1748, 882, 1875, 1309, 434, 517, 261, 556, 2117, 1652, 790, 165, 1308, 1263, 1793, 133, 691, 2092, 67, 863, 442, 1277, 1084, 186, 1627, 529, 1485, 1719, 1021, 595, 1632, 1735, 1603, 242, 497, 1638, 1201, 2077, 1531, 646, 1598, 532, 469, 1016, 1503, 359, 62, 925, 1500, 311, 1459, 368, 108, 1179, 2129, 1502, 231, 1289, 312, 53, 1338, 678, 2119, 1643, 2120, 1245, 693, 2149, 1489, 874, 1395, 1467, 1002, 521, 662, 1937, 1999, 1487, 1624, 1303, 1212, 1110, 677, 799, 1070, 18, 1690, 44, 2139, 668, 1921, 1792, 197, 856, 667, 1528, 1975, 420, 1956, 659, 993, 636, 2080, 1711, 822, 1109, 886, 1922, 1916, 801, 875, 666, 1794, 979, 43, 325, 211, 1980, 1227, 2107, 2036, 612, 321, 1771, 1705, 634, 406, 1413, 1400, 1523, 1163, 1936, 241, 774, 115, 1382, 372, 1486, 820, 1773, 1298, 393]",112,200,8,False,200
113,entity,entity,1,True,True,True,"{1: 106, 0: 10, 4: 84}","[816, 387, 1942, 2167, 2071, 1129, 1505, 284, 849, 2082, 791, 1493, 331, 784, 2028, 589, 1762, 143, 1020, 633, 1934, 2, 1484, 1118, 1372, 712, 535, 1734, 783, 1634, 1331, 2041, 256, 426, 1311, 675, 584, 1189, 351, 1755, 1575, 553, 722, 1369, 609, 101, 1365, 976, 765, 1702, 1096, 1374, 118, 1670, 713, 1380, 1989, 1746, 1748, 882, 1875, 1309, 434, 517, 261, 556, 2117, 1652, 790, 165, 1308, 1263, 1793, 133, 691, 2092, 67, 863, 442, 1277, 1084, 186, 1627, 529, 1485, 1719, 1021, 595, 1632, 1735, 1603, 242, 497, 1638, 1201, 2077, 1531, 646, 1598, 532, 469, 1016, 1503, 359, 62, 925, 1500, 311, 1459, 368, 108, 1179, 2129, 1502, 231, 1289, 312, 53, 1338, 678, 2119, 1643, 2120, 1245, 693, 2149, 1489, 874, 1395, 1467, 1002, 521, 662, 1937, 1999, 1487, 1624, 1303, 1212, 1110, 677, 799, 1070, 18, 1690, 44, 2139, 668, 1921, 1792, 197, 856, 667, 1528, 1975, 420, 1956, 659, 993, 636, 2080, 1711, 822, 1109, 886, 1922, 1916, 801, 875, 666, 1794, 979, 43, 325, 211, 1980, 1227, 2107, 2036, 612, 321, 1771, 1705, 634, 406, 1413, 1400, 1523, 1163, 1936, 241, 774, 115, 1382, 372, 1486, 820, 1773, 1298, 393]",113,200,8,False,200
114,abbreviation,abbre,0,True,True,False,"{1: 106, 0: 10, 4: 84}","[816, 387, 1942, 2167, 2071, 1129, 1505, 284, 849, 2082, 791, 1493, 331, 784, 2028, 589, 1762, 143, 1020, 633, 1934, 2, 1484, 1118, 1372, 712, 535, 1734, 783, 1634, 1331, 2041, 256, 426, 1311, 675, 584, 1189, 351, 1755, 1575, 553, 722, 1369, 609, 101, 1365, 976, 765, 1702, 1096, 1374, 118, 1670, 713, 1380, 1989, 1746, 1748, 882, 1875, 1309, 434, 517, 261, 556, 2117, 1652, 790, 165, 1308, 1263, 1793, 133, 691, 2092, 67, 863, 442, 1277, 1084, 186, 1627, 529, 1485, 1719, 1021, 595, 1632, 1735, 1603, 242, 497, 1638, 1201, 2077, 1531, 646, 1598, 532, 469, 1016, 1503, 359, 62, 925, 1500, 311, 1459, 368, 108, 1179, 2129, 1502, 231, 1289, 312, 53, 1338, 678, 2119, 1643, 2120, 1245, 693, 2149, 1489, 874, 1395, 1467, 1002, 521, 662, 1937, 1999, 1487, 1624, 1303, 1212, 1110, 677, 799, 1070, 18, 1690, 44, 2139, 668, 1921, 1792, 197, 856, 667, 1528, 1975, 420, 1956, 659, 993, 636, 2080, 1711, 822, 1109, 886, 1922, 1916, 801, 875, 666, 1794, 979, 43, 325, 211, 1980, 1227, 2107, 2036, 612, 321, 1771, 1705, 634, 406, 1413, 1400, 1523, 1163, 1936, 241, 774, 115, 1382, 372, 1486, 820, 1773, 1298, 393]",114,200,8,False,200
115,entity,entity,1,True,True,True,"{1: 106, 0: 10, 4: 84}","[816, 387, 1942, 2167, 2071, 1129, 1505, 284, 849, 2082, 791, 1493, 331, 784, 2028, 589, 1762, 143, 1020, 633, 1934, 2, 1484, 1118, 1372, 712, 535, 1734, 783, 1634, 1331, 2041, 256, 426, 1311, 675, 584, 1189, 351, 1755, 1575, 553, 722, 1369, 609, 101, 1365, 976, 765, 1702, 1096, 1374, 118, 1670, 713, 1380, 1989, 1746, 1748, 882, 1875, 1309, 434, 517, 261, 556, 2117, 1652, 790, 165, 1308, 1263, 1793, 133, 691, 2092, 67, 863, 442, 1277, 1084, 186, 1627, 529, 1485, 1719, 1021, 595, 1632, 1735, 1603, 242, 497, 1638, 1201, 2077, 1531, 646, 1598, 532, 469, 1016, 1503, 359, 62, 925, 1500, 311, 1459, 368, 108, 1179, 2129, 1502, 231, 1289, 312, 53, 1338, 678, 2119, 1643, 2120, 1245, 693, 2149, 1489, 874, 1395, 1467, 1002, 521, 662, 1937, 1999, 1487, 1624, 1303, 1212, 1110, 677, 799, 1070, 18, 1690, 44, 2139, 668, 1921, 1792, 197, 856, 667, 1528, 1975, 420, 1956, 659, 993, 636, 2080, 1711, 822, 1109, 886, 1922, 1916, 801, 875, 666, 1794, 979, 43, 325, 211, 1980, 1227, 2107, 2036, 612, 321, 1771, 1705, 634, 406, 1413, 1400, 1523, 1163, 1936, 241, 774, 115, 1382, 372, 1486, 820, 1773, 1298, 393]",115,200,8,False,200
116,entity,entity,1,True,True,True,"{1: 106, 0: 10, 4: 84}","[816, 387, 1942, 2167, 2071, 1129, 1505, 284, 849, 2082, 791, 1493, 331, 784, 2028, 589, 1762, 143, 1020, 633, 1934, 2, 1484, 1118, 1372, 712, 535, 1734, 783, 1634, 1331, 2041, 256, 426, 1311, 675, 584, 1189, 351, 1755, 1575, 553, 722, 1369, 609, 101, 1365, 976, 765, 1702, 1096, 1374, 118, 1670, 713, 1380, 1989, 1746, 1748, 882, 1875, 1309, 434, 517, 261, 556, 2117, 1652, 790, 165, 1308, 1263, 1793, 133, 691, 2092, 67, 863, 442, 1277, 1084, 186, 1627, 529, 1485, 1719, 1021, 595, 1632, 1735, 1603, 242, 497, 1638, 1201, 2077, 1531, 646, 1598, 532, 469, 1016, 1503, 359, 62, 925, 1500, 311, 1459, 368, 108, 1179, 2129, 1502, 231, 1289, 312, 53, 1338, 678, 2119, 1643, 2120, 1245, 693, 2149, 1489, 874, 1395, 1467, 1002, 521, 662, 1937, 1999, 1487, 1624, 1303, 1212, 1110, 677, 799, 1070, 18, 1690, 44, 2139, 668, 1921, 1792, 197, 856, 667, 1528, 1975, 420, 1956, 659, 993, 636, 2080, 1711, 822, 1109, 886, 1922, 1916, 801, 875, 666, 1794, 979, 43, 325, 211, 1980, 1227, 2107, 2036, 612, 321, 1771, 1705, 634, 406, 1413, 1400, 1523, 1163, 1936, 241, 774, 115, 1382, 372, 1486, 820, 1773, 1298, 393]",116,200,8,False,200
117,location,location,4,True,True,True,"{1: 106, 0: 10, 4: 84}","[816, 387, 1942, 2167, 2071, 1129, 1505, 284, 849, 2082, 791, 1493, 331, 784, 2028, 589, 1762, 143, 1020, 633, 1934, 2, 1484, 1118, 1372, 712, 535, 1734, 783, 1634, 1331, 2041, 256, 426, 1311, 675, 584, 1189, 351, 1755, 1575, 553, 722, 1369, 609, 101, 1365, 976, 765, 1702, 1096, 1374, 118, 1670, 713, 1380, 1989, 1746, 1748, 882, 1875, 1309, 434, 517, 261, 556, 2117, 1652, 790, 165, 1308, 1263, 1793, 133, 691, 2092, 67, 863, 442, 1277, 1084, 186, 1627, 529, 1485, 1719, 1021, 595, 1632, 1735, 1603, 242, 497, 1638, 1201, 2077, 1531, 646, 1598, 532, 469, 1016, 1503, 359, 62, 925, 1500, 311, 1459, 368, 108, 1179, 2129, 1502, 231, 1289, 312, 53, 1338, 678, 2119, 1643, 2120, 1245, 693, 2149, 1489, 874, 1395, 1467, 1002, 521, 662, 1937, 1999, 1487, 1624, 1303, 1212, 1110, 677, 799, 1070, 18, 1690, 44, 2139, 668, 1921, 1792, 197, 856, 667, 1528, 1975, 420, 1956, 659, 993, 636, 2080, 1711, 822, 1109, 886, 1922, 1916, 801, 875, 666, 1794, 979, 43, 325, 211, 1980, 1227, 2107, 2036, 612, 321, 1771, 1705, 634, 406, 1413, 1400, 1523, 1163, 1936, 241, 774, 115, 1382, 372, 1486, 820, 1773, 1298, 393]",117,200,8,False,200
118,entity,entity,1,True,True,True,"{1: 106, 0: 10, 4: 84}","[816, 387, 1942, 2167, 2071, 1129, 1505, 284, 849, 2082, 791, 1493, 331, 784, 2028, 589, 1762, 143, 1020, 633, 1934, 2, 1484, 1118, 1372, 712, 535, 1734, 783, 1634, 1331, 2041, 256, 426, 1311, 675, 584, 1189, 351, 1755, 1575, 553, 722, 1369, 609, 101, 1365, 976, 765, 1702, 1096, 1374, 118, 1670, 713, 1380, 1989, 1746, 1748, 882, 1875, 1309, 434, 517, 261, 556, 2117, 1652, 790, 165, 1308, 1263, 1793, 133, 691, 2092, 67, 863, 442, 1277, 1084, 186, 1627, 529, 1485, 1719, 1021, 595, 1632, 1735, 1603, 242, 497, 1638, 1201, 2077, 1531, 646, 1598, 532, 469, 1016, 1503, 359, 62, 925, 1500, 311, 1459, 368, 108, 1179, 2129, 1502, 231, 1289, 312, 53, 1338, 678, 2119, 1643, 2120, 1245, 693, 2149, 1489, 874, 1395, 1467, 1002, 521, 662, 1937, 1999, 1487, 1624, 1303, 1212, 1110, 677, 799, 1070, 18, 1690, 44, 2139, 668, 1921, 1792, 197, 856, 667, 1528, 1975, 420, 1956, 659, 993, 636, 2080, 1711, 822, 1109, 886, 1922, 1916, 801, 875, 666, 1794, 979, 43, 325, 211, 1980, 1227, 2107, 2036, 612, 321, 1771, 1705, 634, 406, 1413, 1400, 1523, 1163, 1936, 241, 774, 115, 1382, 372, 1486, 820, 1773, 1298, 393]",118,200,8,False,200
119,location,entity,1,True,False,True,"{1: 106, 0: 10, 4: 84}","[816, 387, 1942, 2167, 2071, 1129, 1505, 284, 849, 2082, 791, 1493, 331, 784, 2028, 589, 1762, 143, 1020, 633, 1934, 2, 1484, 1118, 1372, 712, 535, 1734, 783, 1634, 1331, 2041, 256, 426, 1311, 675, 584, 1189, 351, 1755, 1575, 553, 722, 1369, 609, 101, 1365, 976, 765, 1702, 1096, 1374, 118, 1670, 713, 1380, 1989, 1746, 1748, 882, 1875, 1309, 434, 517, 261, 556, 2117, 1652, 790, 165, 1308, 1263, 1793, 133, 691, 2092, 67, 863, 442, 1277, 1084, 186, 1627, 529, 1485, 1719, 1021, 595, 1632, 1735, 1603, 242, 497, 1638, 1201, 2077, 1531, 646, 1598, 532, 469, 1016, 1503, 359, 62, 925, 1500, 311, 1459, 368, 108, 1179, 2129, 1502, 231, 1289, 312, 53, 1338, 678, 2119, 1643, 2120, 1245, 693, 2149, 1489, 874, 1395, 1467, 1002, 521, 662, 1937, 1999, 1487, 1624, 1303, 1212, 1110, 677, 799, 1070, 18, 1690, 44, 2139, 668, 1921, 1792, 197, 856, 667, 1528, 1975, 420, 1956, 659, 993, 636, 2080, 1711, 822, 1109, 886, 1922, 1916, 801, 875, 666, 1794, 979, 43, 325, 211, 1980, 1227, 2107, 2036, 612, 321, 1771, 1705, 634, 406, 1413, 1400, 1523, 1163, 1936, 241, 774, 115, 1382, 372, 1486, 820, 1773, 1298, 393]",119,200,8,False,200
120,entity,entity,1,True,True,True,"{1: 106, 0: 10, 4: 84}","[816, 387, 1942, 2167, 2071, 1129, 1505, 284, 849, 2082, 791, 1493, 331, 784, 2028, 589, 1762, 143, 1020, 633, 1934, 2, 1484, 1118, 1372, 712, 535, 1734, 783, 1634, 1331, 2041, 256, 426, 1311, 675, 584, 1189, 351, 1755, 1575, 553, 722, 1369, 609, 101, 1365, 976, 765, 1702, 1096, 1374, 118, 1670, 713, 1380, 1989, 1746, 1748, 882, 1875, 1309, 434, 517, 261, 556, 2117, 1652, 790, 165, 1308, 1263, 1793, 133, 691, 2092, 67, 863, 442, 1277, 1084, 186, 1627, 529, 1485, 1719, 1021, 595, 1632, 1735, 1603, 242, 497, 1638, 1201, 2077, 1531, 646, 1598, 532, 469, 1016, 1503, 359, 62, 925, 1500, 311, 1459, 368, 108, 1179, 2129, 1502, 231, 1289, 312, 53, 1338, 678, 2119, 1643, 2120, 1245, 693, 2149, 1489, 874, 1395, 1467, 1002, 521, 662, 1937, 1999, 1487, 1624, 1303, 1212, 1110, 677, 799, 1070, 18, 1690, 44, 2139, 668, 1921, 1792, 197, 856, 667, 1528, 1975, 420, 1956, 659, 993, 636, 2080, 1711, 822, 1109, 886, 1922, 1916, 801, 875, 666, 1794, 979, 43, 325, 211, 1980, 1227, 2107, 2036, 612, 321, 1771, 1705, 634, 406, 1413, 1400, 1523, 1163, 1936, 241, 774, 115, 1382, 372, 1486, 820, 1773, 1298, 393]",120,200,8,False,200
121,location,location,4,True,True,True,"{1: 106, 0: 10, 4: 84}","[816, 387, 1942, 2167, 2071, 1129, 1505, 284, 849, 2082, 791, 1493, 331, 784, 2028, 589, 1762, 143, 1020, 633, 1934, 2, 1484, 1118, 1372, 712, 535, 1734, 783, 1634, 1331, 2041, 256, 426, 1311, 675, 584, 1189, 351, 1755, 1575, 553, 722, 1369, 609, 101, 1365, 976, 765, 1702, 1096, 1374, 118, 1670, 713, 1380, 1989, 1746, 1748, 882, 1875, 1309, 434, 517, 261, 556, 2117, 1652, 790, 165, 1308, 1263, 1793, 133, 691, 2092, 67, 863, 442, 1277, 1084, 186, 1627, 529, 1485, 1719, 1021, 595, 1632, 1735, 1603, 242, 497, 1638, 1201, 2077, 1531, 646, 1598, 532, 469, 1016, 1503, 359, 62, 925, 1500, 311, 1459, 368, 108, 1179, 2129, 1502, 231, 1289, 312, 53, 1338, 678, 2119, 1643, 2120, 1245, 693, 2149, 1489, 874, 1395, 1467, 1002, 521, 662, 1937, 1999, 1487, 1624, 1303, 1212, 1110, 677, 799, 1070, 18, 1690, 44, 2139, 668, 1921, 1792, 197, 856, 667, 1528, 1975, 420, 1956, 659, 993, 636, 2080, 1711, 822, 1109, 886, 1922, 1916, 801, 875, 666, 1794, 979, 43, 325, 211, 1980, 1227, 2107, 2036, 612, 321, 1771, 1705, 634, 406, 1413, 1400, 1523, 1163, 1936, 241, 774, 115, 1382, 372, 1486, 820, 1773, 1298, 393]",121,200,8,False,200
122,entity,entity,1,True,True,True,"{1: 106, 0: 10, 4: 84}","[816, 387, 1942, 2167, 2071, 1129, 1505, 284, 849, 2082, 791, 1493, 331, 784, 2028, 589, 1762, 143, 1020, 633, 1934, 2, 1484, 1118, 1372, 712, 535, 1734, 783, 1634, 1331, 2041, 256, 426, 1311, 675, 584, 1189, 351, 1755, 1575, 553, 722, 1369, 609, 101, 1365, 976, 765, 1702, 1096, 1374, 118, 1670, 713, 1380, 1989, 1746, 1748, 882, 1875, 1309, 434, 517, 261, 556, 2117, 1652, 790, 165, 1308, 1263, 1793, 133, 691, 2092, 67, 863, 442, 1277, 1084, 186, 1627, 529, 1485, 1719, 1021, 595, 1632, 1735, 1603, 242, 497, 1638, 1201, 2077, 1531, 646, 1598, 532, 469, 1016, 1503, 359, 62, 925, 1500, 311, 1459, 368, 108, 1179, 2129, 1502, 231, 1289, 312, 53, 1338, 678, 2119, 1643, 2120, 1245, 693, 2149, 1489, 874, 1395, 1467, 1002, 521, 662, 1937, 1999, 1487, 1624, 1303, 1212, 1110, 677, 799, 1070, 18, 1690, 44, 2139, 668, 1921, 1792, 197, 856, 667, 1528, 1975, 420, 1956, 659, 993, 636, 2080, 1711, 822, 1109, 886, 1922, 1916, 801, 875, 666, 1794, 979, 43, 325, 211, 1980, 1227, 2107, 2036, 612, 321, 1771, 1705, 634, 406, 1413, 1400, 1523, 1163, 1936, 241, 774, 115, 1382, 372, 1486, 820, 1773, 1298, 393]",122,200,8,False,200
123,location,entity,1,True,False,True,"{1: 106, 0: 10, 4: 84}","[816, 387, 1942, 2167, 2071, 1129, 1505, 284, 849, 2082, 791, 1493, 331, 784, 2028, 589, 1762, 143, 1020, 633, 1934, 2, 1484, 1118, 1372, 712, 535, 1734, 783, 1634, 1331, 2041, 256, 426, 1311, 675, 584, 1189, 351, 1755, 1575, 553, 722, 1369, 609, 101, 1365, 976, 765, 1702, 1096, 1374, 118, 1670, 713, 1380, 1989, 1746, 1748, 882, 1875, 1309, 434, 517, 261, 556, 2117, 1652, 790, 165, 1308, 1263, 1793, 133, 691, 2092, 67, 863, 442, 1277, 1084, 186, 1627, 529, 1485, 1719, 1021, 595, 1632, 1735, 1603, 242, 497, 1638, 1201, 2077, 1531, 646, 1598, 532, 469, 1016, 1503, 359, 62, 925, 1500, 311, 1459, 368, 108, 1179, 2129, 1502, 231, 1289, 312, 53, 1338, 678, 2119, 1643, 2120, 1245, 693, 2149, 1489, 874, 1395, 1467, 1002, 521, 662, 1937, 1999, 1487, 1624, 1303, 1212, 1110, 677, 799, 1070, 18, 1690, 44, 2139, 668, 1921, 1792, 197, 856, 667, 1528, 1975, 420, 1956, 659, 993, 636, 2080, 1711, 822, 1109, 886, 1922, 1916, 801, 875, 666, 1794, 979, 43, 325, 211, 1980, 1227, 2107, 2036, 612, 321, 1771, 1705, 634, 406, 1413, 1400, 1523, 1163, 1936, 241, 774, 115, 1382, 372, 1486, 820, 1773, 1298, 393]",123,200,8,False,200
124,entity,entity,1,True,True,True,"{1: 106, 0: 10, 4: 84}","[816, 387, 1942, 2167, 2071, 1129, 1505, 284, 849, 2082, 791, 1493, 331, 784, 2028, 589, 1762, 143, 1020, 633, 1934, 2, 1484, 1118, 1372, 712, 535, 1734, 783, 1634, 1331, 2041, 256, 426, 1311, 675, 584, 1189, 351, 1755, 1575, 553, 722, 1369, 609, 101, 1365, 976, 765, 1702, 1096, 1374, 118, 1670, 713, 1380, 1989, 1746, 1748, 882, 1875, 1309, 434, 517, 261, 556, 2117, 1652, 790, 165, 1308, 1263, 1793, 133, 691, 2092, 67, 863, 442, 1277, 1084, 186, 1627, 529, 1485, 1719, 1021, 595, 1632, 1735, 1603, 242, 497, 1638, 1201, 2077, 1531, 646, 1598, 532, 469, 1016, 1503, 359, 62, 925, 1500, 311, 1459, 368, 108, 1179, 2129, 1502, 231, 1289, 312, 53, 1338, 678, 2119, 1643, 2120, 1245, 693, 2149, 1489, 874, 1395, 1467, 1002, 521, 662, 1937, 1999, 1487, 1624, 1303, 1212, 1110, 677, 799, 1070, 18, 1690, 44, 2139, 668, 1921, 1792, 197, 856, 667, 1528, 1975, 420, 1956, 659, 993, 636, 2080, 1711, 822, 1109, 886, 1922, 1916, 801, 875, 666, 1794, 979, 43, 325, 211, 1980, 1227, 2107, 2036, 612, 321, 1771, 1705, 634, 406, 1413, 1400, 1523, 1163, 1936, 241, 774, 115, 1382, 372, 1486, 820, 1773, 1298, 393]",124,200,8,False,200
125,entity,entity,1,True,True,True,"{1: 106, 0: 10, 4: 84}","[816, 387, 1942, 2167, 2071, 1129, 1505, 284, 849, 2082, 791, 1493, 331, 784, 2028, 589, 1762, 143, 1020, 633, 1934, 2, 1484, 1118, 1372, 712, 535, 1734, 783, 1634, 1331, 2041, 256, 426, 1311, 675, 584, 1189, 351, 1755, 1575, 553, 722, 1369, 609, 101, 1365, 976, 765, 1702, 1096, 1374, 118, 1670, 713, 1380, 1989, 1746, 1748, 882, 1875, 1309, 434, 517, 261, 556, 2117, 1652, 790, 165, 1308, 1263, 1793, 133, 691, 2092, 67, 863, 442, 1277, 1084, 186, 1627, 529, 1485, 1719, 1021, 595, 1632, 1735, 1603, 242, 497, 1638, 1201, 2077, 1531, 646, 1598, 532, 469, 1016, 1503, 359, 62, 925, 1500, 311, 1459, 368, 108, 1179, 2129, 1502, 231, 1289, 312, 53, 1338, 678, 2119, 1643, 2120, 1245, 693, 2149, 1489, 874, 1395, 1467, 1002, 521, 662, 1937, 1999, 1487, 1624, 1303, 1212, 1110, 677, 799, 1070, 18, 1690, 44, 2139, 668, 1921, 1792, 197, 856, 667, 1528, 1975, 420, 1956, 659, 993, 636, 2080, 1711, 822, 1109, 886, 1922, 1916, 801, 875, 666, 1794, 979, 43, 325, 211, 1980, 1227, 2107, 2036, 612, 321, 1771, 1705, 634, 406, 1413, 1400, 1523, 1163, 1936, 241, 774, 115, 1382, 372, 1486, 820, 1773, 1298, 393]",125,200,8,False,200
126,entity,entity,1,True,True,True,"{1: 106, 0: 10, 4: 84}","[816, 387, 1942, 2167, 2071, 1129, 1505, 284, 849, 2082, 791, 1493, 331, 784, 2028, 589, 1762, 143, 1020, 633, 1934, 2, 1484, 1118, 1372, 712, 535, 1734, 783, 1634, 1331, 2041, 256, 426, 1311, 675, 584, 1189, 351, 1755, 1575, 553, 722, 1369, 609, 101, 1365, 976, 765, 1702, 1096, 1374, 118, 1670, 713, 1380, 1989, 1746, 1748, 882, 1875, 1309, 434, 517, 261, 556, 2117, 1652, 790, 165, 1308, 1263, 1793, 133, 691, 2092, 67, 863, 442, 1277, 1084, 186, 1627, 529, 1485, 1719, 1021, 595, 1632, 1735, 1603, 242, 497, 1638, 1201, 2077, 1531, 646, 1598, 532, 469, 1016, 1503, 359, 62, 925, 1500, 311, 1459, 368, 108, 1179, 2129, 1502, 231, 1289, 312, 53, 1338, 678, 2119, 1643, 2120, 1245, 693, 2149, 1489, 874, 1395, 1467, 1002, 521, 662, 1937, 1999, 1487, 1624, 1303, 1212, 1110, 677, 799, 1070, 18, 1690, 44, 2139, 668, 1921, 1792, 197, 856, 667, 1528, 1975, 420, 1956, 659, 993, 636, 2080, 1711, 822, 1109, 886, 1922, 1916, 801, 875, 666, 1794, 979, 43, 325, 211, 1980, 1227, 2107, 2036, 612, 321, 1771, 1705, 634, 406, 1413, 1400, 1523, 1163, 1936, 241, 774, 115, 1382, 372, 1486, 820, 1773, 1298, 393]",126,200,8,False,200
127,entity,entity,1,True,True,True,"{1: 106, 0: 10, 4: 84}","[816, 387, 1942, 2167, 2071, 1129, 1505, 284, 849, 2082, 791, 1493, 331, 784, 2028, 589, 1762, 143, 1020, 633, 1934, 2, 1484, 1118, 1372, 712, 535, 1734, 783, 1634, 1331, 2041, 256, 426, 1311, 675, 584, 1189, 351, 1755, 1575, 553, 722, 1369, 609, 101, 1365, 976, 765, 1702, 1096, 1374, 118, 1670, 713, 1380, 1989, 1746, 1748, 882, 1875, 1309, 434, 517, 261, 556, 2117, 1652, 790, 165, 1308, 1263, 1793, 133, 691, 2092, 67, 863, 442, 1277, 1084, 186, 1627, 529, 1485, 1719, 1021, 595, 1632, 1735, 1603, 242, 497, 1638, 1201, 2077, 1531, 646, 1598, 532, 469, 1016, 1503, 359, 62, 925, 1500, 311, 1459, 368, 108, 1179, 2129, 1502, 231, 1289, 312, 53, 1338, 678, 2119, 1643, 2120, 1245, 693, 2149, 1489, 874, 1395, 1467, 1002, 521, 662, 1937, 1999, 1487, 1624, 1303, 1212, 1110, 677, 799, 1070, 18, 1690, 44, 2139, 668, 1921, 1792, 197, 856, 667, 1528, 1975, 420, 1956, 659, 993, 636, 2080, 1711, 822, 1109, 886, 1922, 1916, 801, 875, 666, 1794, 979, 43, 325, 211, 1980, 1227, 2107, 2036, 612, 321, 1771, 1705, 634, 406, 1413, 1400, 1523, 1163, 1936, 241, 774, 115, 1382, 372, 1486, 820, 1773, 1298, 393]",127,200,8,False,200
128,location,location,4,True,True,True,"{1: 106, 0: 10, 4: 84}","[816, 387, 1942, 2167, 2071, 1129, 1505, 284, 849, 2082, 791, 1493, 331, 784, 2028, 589, 1762, 143, 1020, 633, 1934, 2, 1484, 1118, 1372, 712, 535, 1734, 783, 1634, 1331, 2041, 256, 426, 1311, 675, 584, 1189, 351, 1755, 1575, 553, 722, 1369, 609, 101, 1365, 976, 765, 1702, 1096, 1374, 118, 1670, 713, 1380, 1989, 1746, 1748, 882, 1875, 1309, 434, 517, 261, 556, 2117, 1652, 790, 165, 1308, 1263, 1793, 133, 691, 2092, 67, 863, 442, 1277, 1084, 186, 1627, 529, 1485, 1719, 1021, 595, 1632, 1735, 1603, 242, 497, 1638, 1201, 2077, 1531, 646, 1598, 532, 469, 1016, 1503, 359, 62, 925, 1500, 311, 1459, 368, 108, 1179, 2129, 1502, 231, 1289, 312, 53, 1338, 678, 2119, 1643, 2120, 1245, 693, 2149, 1489, 874, 1395, 1467, 1002, 521, 662, 1937, 1999, 1487, 1624, 1303, 1212, 1110, 677, 799, 1070, 18, 1690, 44, 2139, 668, 1921, 1792, 197, 856, 667, 1528, 1975, 420, 1956, 659, 993, 636, 2080, 1711, 822, 1109, 886, 1922, 1916, 801, 875, 666, 1794, 979, 43, 325, 211, 1980, 1227, 2107, 2036, 612, 321, 1771, 1705, 634, 406, 1413, 1400, 1523, 1163, 1936, 241, 774, 115, 1382, 372, 1486, 820, 1773, 1298, 393]",128,200,8,False,200
129,entity,entity,1,True,True,True,"{1: 106, 0: 10, 4: 84}","[816, 387, 1942, 2167, 2071, 1129, 1505, 284, 849, 2082, 791, 1493, 331, 784, 2028, 589, 1762, 143, 1020, 633, 1934, 2, 1484, 1118, 1372, 712, 535, 1734, 783, 1634, 1331, 2041, 256, 426, 1311, 675, 584, 1189, 351, 1755, 1575, 553, 722, 1369, 609, 101, 1365, 976, 765, 1702, 1096, 1374, 118, 1670, 713, 1380, 1989, 1746, 1748, 882, 1875, 1309, 434, 517, 261, 556, 2117, 1652, 790, 165, 1308, 1263, 1793, 133, 691, 2092, 67, 863, 442, 1277, 1084, 186, 1627, 529, 1485, 1719, 1021, 595, 1632, 1735, 1603, 242, 497, 1638, 1201, 2077, 1531, 646, 1598, 532, 469, 1016, 1503, 359, 62, 925, 1500, 311, 1459, 368, 108, 1179, 2129, 1502, 231, 1289, 312, 53, 1338, 678, 2119, 1643, 2120, 1245, 693, 2149, 1489, 874, 1395, 1467, 1002, 521, 662, 1937, 1999, 1487, 1624, 1303, 1212, 1110, 677, 799, 1070, 18, 1690, 44, 2139, 668, 1921, 1792, 197, 856, 667, 1528, 1975, 420, 1956, 659, 993, 636, 2080, 1711, 822, 1109, 886, 1922, 1916, 801, 875, 666, 1794, 979, 43, 325, 211, 1980, 1227, 2107, 2036, 612, 321, 1771, 1705, 634, 406, 1413, 1400, 1523, 1163, 1936, 241, 774, 115, 1382, 372, 1486, 820, 1773, 1298, 393]",129,200,8,False,200
130,entity,entity,1,True,True,True,"{1: 106, 0: 10, 4: 84}","[816, 387, 1942, 2167, 2071, 1129, 1505, 284, 849, 2082, 791, 1493, 331, 784, 2028, 589, 1762, 143, 1020, 633, 1934, 2, 1484, 1118, 1372, 712, 535, 1734, 783, 1634, 1331, 2041, 256, 426, 1311, 675, 584, 1189, 351, 1755, 1575, 553, 722, 1369, 609, 101, 1365, 976, 765, 1702, 1096, 1374, 118, 1670, 713, 1380, 1989, 1746, 1748, 882, 1875, 1309, 434, 517, 261, 556, 2117, 1652, 790, 165, 1308, 1263, 1793, 133, 691, 2092, 67, 863, 442, 1277, 1084, 186, 1627, 529, 1485, 1719, 1021, 595, 1632, 1735, 1603, 242, 497, 1638, 1201, 2077, 1531, 646, 1598, 532, 469, 1016, 1503, 359, 62, 925, 1500, 311, 1459, 368, 108, 1179, 2129, 1502, 231, 1289, 312, 53, 1338, 678, 2119, 1643, 2120, 1245, 693, 2149, 1489, 874, 1395, 1467, 1002, 521, 662, 1937, 1999, 1487, 1624, 1303, 1212, 1110, 677, 799, 1070, 18, 1690, 44, 2139, 668, 1921, 1792, 197, 856, 667, 1528, 1975, 420, 1956, 659, 993, 636, 2080, 1711, 822, 1109, 886, 1922, 1916, 801, 875, 666, 1794, 979, 43, 325, 211, 1980, 1227, 2107, 2036, 612, 321, 1771, 1705, 634, 406, 1413, 1400, 1523, 1163, 1936, 241, 774, 115, 1382, 372, 1486, 820, 1773, 1298, 393]",130,200,8,False,200
131,location,location,4,True,True,True,"{1: 106, 0: 10, 4: 84}","[816, 387, 1942, 2167, 2071, 1129, 1505, 284, 849, 2082, 791, 1493, 331, 784, 2028, 589, 1762, 143, 1020, 633, 1934, 2, 1484, 1118, 1372, 712, 535, 1734, 783, 1634, 1331, 2041, 256, 426, 1311, 675, 584, 1189, 351, 1755, 1575, 553, 722, 1369, 609, 101, 1365, 976, 765, 1702, 1096, 1374, 118, 1670, 713, 1380, 1989, 1746, 1748, 882, 1875, 1309, 434, 517, 261, 556, 2117, 1652, 790, 165, 1308, 1263, 1793, 133, 691, 2092, 67, 863, 442, 1277, 1084, 186, 1627, 529, 1485, 1719, 1021, 595, 1632, 1735, 1603, 242, 497, 1638, 1201, 2077, 1531, 646, 1598, 532, 469, 1016, 1503, 359, 62, 925, 1500, 311, 1459, 368, 108, 1179, 2129, 1502, 231, 1289, 312, 53, 1338, 678, 2119, 1643, 2120, 1245, 693, 2149, 1489, 874, 1395, 1467, 1002, 521, 662, 1937, 1999, 1487, 1624, 1303, 1212, 1110, 677, 799, 1070, 18, 1690, 44, 2139, 668, 1921, 1792, 197, 856, 667, 1528, 1975, 420, 1956, 659, 993, 636, 2080, 1711, 822, 1109, 886, 1922, 1916, 801, 875, 666, 1794, 979, 43, 325, 211, 1980, 1227, 2107, 2036, 612, 321, 1771, 1705, 634, 406, 1413, 1400, 1523, 1163, 1936, 241, 774, 115, 1382, 372, 1486, 820, 1773, 1298, 393]",131,200,8,False,200
132,abbreviation,abbre,0,True,True,False,"{1: 106, 0: 10, 4: 84}","[816, 387, 1942, 2167, 2071, 1129, 1505, 284, 849, 2082, 791, 1493, 331, 784, 2028, 589, 1762, 143, 1020, 633, 1934, 2, 1484, 1118, 1372, 712, 535, 1734, 783, 1634, 1331, 2041, 256, 426, 1311, 675, 584, 1189, 351, 1755, 1575, 553, 722, 1369, 609, 101, 1365, 976, 765, 1702, 1096, 1374, 118, 1670, 713, 1380, 1989, 1746, 1748, 882, 1875, 1309, 434, 517, 261, 556, 2117, 1652, 790, 165, 1308, 1263, 1793, 133, 691, 2092, 67, 863, 442, 1277, 1084, 186, 1627, 529, 1485, 1719, 1021, 595, 1632, 1735, 1603, 242, 497, 1638, 1201, 2077, 1531, 646, 1598, 532, 469, 1016, 1503, 359, 62, 925, 1500, 311, 1459, 368, 108, 1179, 2129, 1502, 231, 1289, 312, 53, 1338, 678, 2119, 1643, 2120, 1245, 693, 2149, 1489, 874, 1395, 1467, 1002, 521, 662, 1937, 1999, 1487, 1624, 1303, 1212, 1110, 677, 799, 1070, 18, 1690, 44, 2139, 668, 1921, 1792, 197, 856, 667, 1528, 1975, 420, 1956, 659, 993, 636, 2080, 1711, 822, 1109, 886, 1922, 1916, 801, 875, 666, 1794, 979, 43, 325, 211, 1980, 1227, 2107, 2036, 612, 321, 1771, 1705, 634, 406, 1413, 1400, 1523, 1163, 1936, 241, 774, 115, 1382, 372, 1486, 820, 1773, 1298, 393]",132,200,8,False,200
133,entity,entity,1,True,True,True,"{1: 106, 0: 10, 4: 84}","[816, 387, 1942, 2167, 2071, 1129, 1505, 284, 849, 2082, 791, 1493, 331, 784, 2028, 589, 1762, 143, 1020, 633, 1934, 2, 1484, 1118, 1372, 712, 535, 1734, 783, 1634, 1331, 2041, 256, 426, 1311, 675, 584, 1189, 351, 1755, 1575, 553, 722, 1369, 609, 101, 1365, 976, 765, 1702, 1096, 1374, 118, 1670, 713, 1380, 1989, 1746, 1748, 882, 1875, 1309, 434, 517, 261, 556, 2117, 1652, 790, 165, 1308, 1263, 1793, 133, 691, 2092, 67, 863, 442, 1277, 1084, 186, 1627, 529, 1485, 1719, 1021, 595, 1632, 1735, 1603, 242, 497, 1638, 1201, 2077, 1531, 646, 1598, 532, 469, 1016, 1503, 359, 62, 925, 1500, 311, 1459, 368, 108, 1179, 2129, 1502, 231, 1289, 312, 53, 1338, 678, 2119, 1643, 2120, 1245, 693, 2149, 1489, 874, 1395, 1467, 1002, 521, 662, 1937, 1999, 1487, 1624, 1303, 1212, 1110, 677, 799, 1070, 18, 1690, 44, 2139, 668, 1921, 1792, 197, 856, 667, 1528, 1975, 420, 1956, 659, 993, 636, 2080, 1711, 822, 1109, 886, 1922, 1916, 801, 875, 666, 1794, 979, 43, 325, 211, 1980, 1227, 2107, 2036, 612, 321, 1771, 1705, 634, 406, 1413, 1400, 1523, 1163, 1936, 241, 774, 115, 1382, 372, 1486, 820, 1773, 1298, 393]",133,200,8,False,200
134,entity,entity,1,True,True,True,"{1: 106, 0: 10, 4: 84}","[816, 387, 1942, 2167, 2071, 1129, 1505, 284, 849, 2082, 791, 1493, 331, 784, 2028, 589, 1762, 143, 1020, 633, 1934, 2, 1484, 1118, 1372, 712, 535, 1734, 783, 1634, 1331, 2041, 256, 426, 1311, 675, 584, 1189, 351, 1755, 1575, 553, 722, 1369, 609, 101, 1365, 976, 765, 1702, 1096, 1374, 118, 1670, 713, 1380, 1989, 1746, 1748, 882, 1875, 1309, 434, 517, 261, 556, 2117, 1652, 790, 165, 1308, 1263, 1793, 133, 691, 2092, 67, 863, 442, 1277, 1084, 186, 1627, 529, 1485, 1719, 1021, 595, 1632, 1735, 1603, 242, 497, 1638, 1201, 2077, 1531, 646, 1598, 532, 469, 1016, 1503, 359, 62, 925, 1500, 311, 1459, 368, 108, 1179, 2129, 1502, 231, 1289, 312, 53, 1338, 678, 2119, 1643, 2120, 1245, 693, 2149, 1489, 874, 1395, 1467, 1002, 521, 662, 1937, 1999, 1487, 1624, 1303, 1212, 1110, 677, 799, 1070, 18, 1690, 44, 2139, 668, 1921, 1792, 197, 856, 667, 1528, 1975, 420, 1956, 659, 993, 636, 2080, 1711, 822, 1109, 886, 1922, 1916, 801, 875, 666, 1794, 979, 43, 325, 211, 1980, 1227, 2107, 2036, 612, 321, 1771, 1705, 634, 406, 1413, 1400, 1523, 1163, 1936, 241, 774, 115, 1382, 372, 1486, 820, 1773, 1298, 393]",134,200,8,False,200
135,location,location,4,True,True,True,"{1: 106, 0: 10, 4: 84}","[816, 387, 1942, 2167, 2071, 1129, 1505, 284, 849, 2082, 791, 1493, 331, 784, 2028, 589, 1762, 143, 1020, 633, 1934, 2, 1484, 1118, 1372, 712, 535, 1734, 783, 1634, 1331, 2041, 256, 426, 1311, 675, 584, 1189, 351, 1755, 1575, 553, 722, 1369, 609, 101, 1365, 976, 765, 1702, 1096, 1374, 118, 1670, 713, 1380, 1989, 1746, 1748, 882, 1875, 1309, 434, 517, 261, 556, 2117, 1652, 790, 165, 1308, 1263, 1793, 133, 691, 2092, 67, 863, 442, 1277, 1084, 186, 1627, 529, 1485, 1719, 1021, 595, 1632, 1735, 1603, 242, 497, 1638, 1201, 2077, 1531, 646, 1598, 532, 469, 1016, 1503, 359, 62, 925, 1500, 311, 1459, 368, 108, 1179, 2129, 1502, 231, 1289, 312, 53, 1338, 678, 2119, 1643, 2120, 1245, 693, 2149, 1489, 874, 1395, 1467, 1002, 521, 662, 1937, 1999, 1487, 1624, 1303, 1212, 1110, 677, 799, 1070, 18, 1690, 44, 2139, 668, 1921, 1792, 197, 856, 667, 1528, 1975, 420, 1956, 659, 993, 636, 2080, 1711, 822, 1109, 886, 1922, 1916, 801, 875, 666, 1794, 979, 43, 325, 211, 1980, 1227, 2107, 2036, 612, 321, 1771, 1705, 634, 406, 1413, 1400, 1523, 1163, 1936, 241, 774, 115, 1382, 372, 1486, 820, 1773, 1298, 393]",135,200,8,False,200
136,entity,entity,1,True,True,True,"{1: 106, 0: 10, 4: 84}","[816, 387, 1942, 2167, 2071, 1129, 1505, 284, 849, 2082, 791, 1493, 331, 784, 2028, 589, 1762, 143, 1020, 633, 1934, 2, 1484, 1118, 1372, 712, 535, 1734, 783, 1634, 1331, 2041, 256, 426, 1311, 675, 584, 1189, 351, 1755, 1575, 553, 722, 1369, 609, 101, 1365, 976, 765, 1702, 1096, 1374, 118, 1670, 713, 1380, 1989, 1746, 1748, 882, 1875, 1309, 434, 517, 261, 556, 2117, 1652, 790, 165, 1308, 1263, 1793, 133, 691, 2092, 67, 863, 442, 1277, 1084, 186, 1627, 529, 1485, 1719, 1021, 595, 1632, 1735, 1603, 242, 497, 1638, 1201, 2077, 1531, 646, 1598, 532, 469, 1016, 1503, 359, 62, 925, 1500, 311, 1459, 368, 108, 1179, 2129, 1502, 231, 1289, 312, 53, 1338, 678, 2119, 1643, 2120, 1245, 693, 2149, 1489, 874, 1395, 1467, 1002, 521, 662, 1937, 1999, 1487, 1624, 1303, 1212, 1110, 677, 799, 1070, 18, 1690, 44, 2139, 668, 1921, 1792, 197, 856, 667, 1528, 1975, 420, 1956, 659, 993, 636, 2080, 1711, 822, 1109, 886, 1922, 1916, 801, 875, 666, 1794, 979, 43, 325, 211, 1980, 1227, 2107, 2036, 612, 321, 1771, 1705, 634, 406, 1413, 1400, 1523, 1163, 1936, 241, 774, 115, 1382, 372, 1486, 820, 1773, 1298, 393]",136,200,8,False,200
137,abbreviation,abbre,0,True,True,False,"{1: 106, 0: 10, 4: 84}","[816, 387, 1942, 2167, 2071, 1129, 1505, 284, 849, 2082, 791, 1493, 331, 784, 2028, 589, 1762, 143, 1020, 633, 1934, 2, 1484, 1118, 1372, 712, 535, 1734, 783, 1634, 1331, 2041, 256, 426, 1311, 675, 584, 1189, 351, 1755, 1575, 553, 722, 1369, 609, 101, 1365, 976, 765, 1702, 1096, 1374, 118, 1670, 713, 1380, 1989, 1746, 1748, 882, 1875, 1309, 434, 517, 261, 556, 2117, 1652, 790, 165, 1308, 1263, 1793, 133, 691, 2092, 67, 863, 442, 1277, 1084, 186, 1627, 529, 1485, 1719, 1021, 595, 1632, 1735, 1603, 242, 497, 1638, 1201, 2077, 1531, 646, 1598, 532, 469, 1016, 1503, 359, 62, 925, 1500, 311, 1459, 368, 108, 1179, 2129, 1502, 231, 1289, 312, 53, 1338, 678, 2119, 1643, 2120, 1245, 693, 2149, 1489, 874, 1395, 1467, 1002, 521, 662, 1937, 1999, 1487, 1624, 1303, 1212, 1110, 677, 799, 1070, 18, 1690, 44, 2139, 668, 1921, 1792, 197, 856, 667, 1528, 1975, 420, 1956, 659, 993, 636, 2080, 1711, 822, 1109, 886, 1922, 1916, 801, 875, 666, 1794, 979, 43, 325, 211, 1980, 1227, 2107, 2036, 612, 321, 1771, 1705, 634, 406, 1413, 1400, 1523, 1163, 1936, 241, 774, 115, 1382, 372, 1486, 820, 1773, 1298, 393]",137,200,8,False,200
138,location,location,4,True,True,True,"{1: 106, 0: 10, 4: 84}","[816, 387, 1942, 2167, 2071, 1129, 1505, 284, 849, 2082, 791, 1493, 331, 784, 2028, 589, 1762, 143, 1020, 633, 1934, 2, 1484, 1118, 1372, 712, 535, 1734, 783, 1634, 1331, 2041, 256, 426, 1311, 675, 584, 1189, 351, 1755, 1575, 553, 722, 1369, 609, 101, 1365, 976, 765, 1702, 1096, 1374, 118, 1670, 713, 1380, 1989, 1746, 1748, 882, 1875, 1309, 434, 517, 261, 556, 2117, 1652, 790, 165, 1308, 1263, 1793, 133, 691, 2092, 67, 863, 442, 1277, 1084, 186, 1627, 529, 1485, 1719, 1021, 595, 1632, 1735, 1603, 242, 497, 1638, 1201, 2077, 1531, 646, 1598, 532, 469, 1016, 1503, 359, 62, 925, 1500, 311, 1459, 368, 108, 1179, 2129, 1502, 231, 1289, 312, 53, 1338, 678, 2119, 1643, 2120, 1245, 693, 2149, 1489, 874, 1395, 1467, 1002, 521, 662, 1937, 1999, 1487, 1624, 1303, 1212, 1110, 677, 799, 1070, 18, 1690, 44, 2139, 668, 1921, 1792, 197, 856, 667, 1528, 1975, 420, 1956, 659, 993, 636, 2080, 1711, 822, 1109, 886, 1922, 1916, 801, 875, 666, 1794, 979, 43, 325, 211, 1980, 1227, 2107, 2036, 612, 321, 1771, 1705, 634, 406, 1413, 1400, 1523, 1163, 1936, 241, 774, 115, 1382, 372, 1486, 820, 1773, 1298, 393]",138,200,8,False,200
139,location,location,4,True,True,True,"{1: 106, 0: 10, 4: 84}","[816, 387, 1942, 2167, 2071, 1129, 1505, 284, 849, 2082, 791, 1493, 331, 784, 2028, 589, 1762, 143, 1020, 633, 1934, 2, 1484, 1118, 1372, 712, 535, 1734, 783, 1634, 1331, 2041, 256, 426, 1311, 675, 584, 1189, 351, 1755, 1575, 553, 722, 1369, 609, 101, 1365, 976, 765, 1702, 1096, 1374, 118, 1670, 713, 1380, 1989, 1746, 1748, 882, 1875, 1309, 434, 517, 261, 556, 2117, 1652, 790, 165, 1308, 1263, 1793, 133, 691, 2092, 67, 863, 442, 1277, 1084, 186, 1627, 529, 1485, 1719, 1021, 595, 1632, 1735, 1603, 242, 497, 1638, 1201, 2077, 1531, 646, 1598, 532, 469, 1016, 1503, 359, 62, 925, 1500, 311, 1459, 368, 108, 1179, 2129, 1502, 231, 1289, 312, 53, 1338, 678, 2119, 1643, 2120, 1245, 693, 2149, 1489, 874, 1395, 1467, 1002, 521, 662, 1937, 1999, 1487, 1624, 1303, 1212, 1110, 677, 799, 1070, 18, 1690, 44, 2139, 668, 1921, 1792, 197, 856, 667, 1528, 1975, 420, 1956, 659, 993, 636, 2080, 1711, 822, 1109, 886, 1922, 1916, 801, 875, 666, 1794, 979, 43, 325, 211, 1980, 1227, 2107, 2036, 612, 321, 1771, 1705, 634, 406, 1413, 1400, 1523, 1163, 1936, 241, 774, 115, 1382, 372, 1486, 820, 1773, 1298, 393]",139,200,8,False,200
140,entity,entity,1,True,True,True,"{1: 106, 0: 10, 4: 84}","[816, 387, 1942, 2167, 2071, 1129, 1505, 284, 849, 2082, 791, 1493, 331, 784, 2028, 589, 1762, 143, 1020, 633, 1934, 2, 1484, 1118, 1372, 712, 535, 1734, 783, 1634, 1331, 2041, 256, 426, 1311, 675, 584, 1189, 351, 1755, 1575, 553, 722, 1369, 609, 101, 1365, 976, 765, 1702, 1096, 1374, 118, 1670, 713, 1380, 1989, 1746, 1748, 882, 1875, 1309, 434, 517, 261, 556, 2117, 1652, 790, 165, 1308, 1263, 1793, 133, 691, 2092, 67, 863, 442, 1277, 1084, 186, 1627, 529, 1485, 1719, 1021, 595, 1632, 1735, 1603, 242, 497, 1638, 1201, 2077, 1531, 646, 1598, 532, 469, 1016, 1503, 359, 62, 925, 1500, 311, 1459, 368, 108, 1179, 2129, 1502, 231, 1289, 312, 53, 1338, 678, 2119, 1643, 2120, 1245, 693, 2149, 1489, 874, 1395, 1467, 1002, 521, 662, 1937, 1999, 1487, 1624, 1303, 1212, 1110, 677, 799, 1070, 18, 1690, 44, 2139, 668, 1921, 1792, 197, 856, 667, 1528, 1975, 420, 1956, 659, 993, 636, 2080, 1711, 822, 1109, 886, 1922, 1916, 801, 875, 666, 1794, 979, 43, 325, 211, 1980, 1227, 2107, 2036, 612, 321, 1771, 1705, 634, 406, 1413, 1400, 1523, 1163, 1936, 241, 774, 115, 1382, 372, 1486, 820, 1773, 1298, 393]",140,200,8,False,200
141,location,location,4,True,True,True,"{1: 106, 0: 10, 4: 84}","[816, 387, 1942, 2167, 2071, 1129, 1505, 284, 849, 2082, 791, 1493, 331, 784, 2028, 589, 1762, 143, 1020, 633, 1934, 2, 1484, 1118, 1372, 712, 535, 1734, 783, 1634, 1331, 2041, 256, 426, 1311, 675, 584, 1189, 351, 1755, 1575, 553, 722, 1369, 609, 101, 1365, 976, 765, 1702, 1096, 1374, 118, 1670, 713, 1380, 1989, 1746, 1748, 882, 1875, 1309, 434, 517, 261, 556, 2117, 1652, 790, 165, 1308, 1263, 1793, 133, 691, 2092, 67, 863, 442, 1277, 1084, 186, 1627, 529, 1485, 1719, 1021, 595, 1632, 1735, 1603, 242, 497, 1638, 1201, 2077, 1531, 646, 1598, 532, 469, 1016, 1503, 359, 62, 925, 1500, 311, 1459, 368, 108, 1179, 2129, 1502, 231, 1289, 312, 53, 1338, 678, 2119, 1643, 2120, 1245, 693, 2149, 1489, 874, 1395, 1467, 1002, 521, 662, 1937, 1999, 1487, 1624, 1303, 1212, 1110, 677, 799, 1070, 18, 1690, 44, 2139, 668, 1921, 1792, 197, 856, 667, 1528, 1975, 420, 1956, 659, 993, 636, 2080, 1711, 822, 1109, 886, 1922, 1916, 801, 875, 666, 1794, 979, 43, 325, 211, 1980, 1227, 2107, 2036, 612, 321, 1771, 1705, 634, 406, 1413, 1400, 1523, 1163, 1936, 241, 774, 115, 1382, 372, 1486, 820, 1773, 1298, 393]",141,200,8,False,200
142,abbreviation,abbre,0,True,True,False,"{1: 106, 0: 10, 4: 84}","[816, 387, 1942, 2167, 2071, 1129, 1505, 284, 849, 2082, 791, 1493, 331, 784, 2028, 589, 1762, 143, 1020, 633, 1934, 2, 1484, 1118, 1372, 712, 535, 1734, 783, 1634, 1331, 2041, 256, 426, 1311, 675, 584, 1189, 351, 1755, 1575, 553, 722, 1369, 609, 101, 1365, 976, 765, 1702, 1096, 1374, 118, 1670, 713, 1380, 1989, 1746, 1748, 882, 1875, 1309, 434, 517, 261, 556, 2117, 1652, 790, 165, 1308, 1263, 1793, 133, 691, 2092, 67, 863, 442, 1277, 1084, 186, 1627, 529, 1485, 1719, 1021, 595, 1632, 1735, 1603, 242, 497, 1638, 1201, 2077, 1531, 646, 1598, 532, 469, 1016, 1503, 359, 62, 925, 1500, 311, 1459, 368, 108, 1179, 2129, 1502, 231, 1289, 312, 53, 1338, 678, 2119, 1643, 2120, 1245, 693, 2149, 1489, 874, 1395, 1467, 1002, 521, 662, 1937, 1999, 1487, 1624, 1303, 1212, 1110, 677, 799, 1070, 18, 1690, 44, 2139, 668, 1921, 1792, 197, 856, 667, 1528, 1975, 420, 1956, 659, 993, 636, 2080, 1711, 822, 1109, 886, 1922, 1916, 801, 875, 666, 1794, 979, 43, 325, 211, 1980, 1227, 2107, 2036, 612, 321, 1771, 1705, 634, 406, 1413, 1400, 1523, 1163, 1936, 241, 774, 115, 1382, 372, 1486, 820, 1773, 1298, 393]",142,200,8,False,200
143,location,entity,1,True,False,True,"{1: 106, 0: 10, 4: 84}","[816, 387, 1942, 2167, 2071, 1129, 1505, 284, 849, 2082, 791, 1493, 331, 784, 2028, 589, 1762, 143, 1020, 633, 1934, 2, 1484, 1118, 1372, 712, 535, 1734, 783, 1634, 1331, 2041, 256, 426, 1311, 675, 584, 1189, 351, 1755, 1575, 553, 722, 1369, 609, 101, 1365, 976, 765, 1702, 1096, 1374, 118, 1670, 713, 1380, 1989, 1746, 1748, 882, 1875, 1309, 434, 517, 261, 556, 2117, 1652, 790, 165, 1308, 1263, 1793, 133, 691, 2092, 67, 863, 442, 1277, 1084, 186, 1627, 529, 1485, 1719, 1021, 595, 1632, 1735, 1603, 242, 497, 1638, 1201, 2077, 1531, 646, 1598, 532, 469, 1016, 1503, 359, 62, 925, 1500, 311, 1459, 368, 108, 1179, 2129, 1502, 231, 1289, 312, 53, 1338, 678, 2119, 1643, 2120, 1245, 693, 2149, 1489, 874, 1395, 1467, 1002, 521, 662, 1937, 1999, 1487, 1624, 1303, 1212, 1110, 677, 799, 1070, 18, 1690, 44, 2139, 668, 1921, 1792, 197, 856, 667, 1528, 1975, 420, 1956, 659, 993, 636, 2080, 1711, 822, 1109, 886, 1922, 1916, 801, 875, 666, 1794, 979, 43, 325, 211, 1980, 1227, 2107, 2036, 612, 321, 1771, 1705, 634, 406, 1413, 1400, 1523, 1163, 1936, 241, 774, 115, 1382, 372, 1486, 820, 1773, 1298, 393]",143,200,8,False,200
144,location,location,4,True,True,True,"{1: 106, 0: 10, 4: 84}","[816, 387, 1942, 2167, 2071, 1129, 1505, 284, 849, 2082, 791, 1493, 331, 784, 2028, 589, 1762, 143, 1020, 633, 1934, 2, 1484, 1118, 1372, 712, 535, 1734, 783, 1634, 1331, 2041, 256, 426, 1311, 675, 584, 1189, 351, 1755, 1575, 553, 722, 1369, 609, 101, 1365, 976, 765, 1702, 1096, 1374, 118, 1670, 713, 1380, 1989, 1746, 1748, 882, 1875, 1309, 434, 517, 261, 556, 2117, 1652, 790, 165, 1308, 1263, 1793, 133, 691, 2092, 67, 863, 442, 1277, 1084, 186, 1627, 529, 1485, 1719, 1021, 595, 1632, 1735, 1603, 242, 497, 1638, 1201, 2077, 1531, 646, 1598, 532, 469, 1016, 1503, 359, 62, 925, 1500, 311, 1459, 368, 108, 1179, 2129, 1502, 231, 1289, 312, 53, 1338, 678, 2119, 1643, 2120, 1245, 693, 2149, 1489, 874, 1395, 1467, 1002, 521, 662, 1937, 1999, 1487, 1624, 1303, 1212, 1110, 677, 799, 1070, 18, 1690, 44, 2139, 668, 1921, 1792, 197, 856, 667, 1528, 1975, 420, 1956, 659, 993, 636, 2080, 1711, 822, 1109, 886, 1922, 1916, 801, 875, 666, 1794, 979, 43, 325, 211, 1980, 1227, 2107, 2036, 612, 321, 1771, 1705, 634, 406, 1413, 1400, 1523, 1163, 1936, 241, 774, 115, 1382, 372, 1486, 820, 1773, 1298, 393]",144,200,8,False,200
145,entity,entity,1,True,True,True,"{1: 106, 0: 10, 4: 84}","[816, 387, 1942, 2167, 2071, 1129, 1505, 284, 849, 2082, 791, 1493, 331, 784, 2028, 589, 1762, 143, 1020, 633, 1934, 2, 1484, 1118, 1372, 712, 535, 1734, 783, 1634, 1331, 2041, 256, 426, 1311, 675, 584, 1189, 351, 1755, 1575, 553, 722, 1369, 609, 101, 1365, 976, 765, 1702, 1096, 1374, 118, 1670, 713, 1380, 1989, 1746, 1748, 882, 1875, 1309, 434, 517, 261, 556, 2117, 1652, 790, 165, 1308, 1263, 1793, 133, 691, 2092, 67, 863, 442, 1277, 1084, 186, 1627, 529, 1485, 1719, 1021, 595, 1632, 1735, 1603, 242, 497, 1638, 1201, 2077, 1531, 646, 1598, 532, 469, 1016, 1503, 359, 62, 925, 1500, 311, 1459, 368, 108, 1179, 2129, 1502, 231, 1289, 312, 53, 1338, 678, 2119, 1643, 2120, 1245, 693, 2149, 1489, 874, 1395, 1467, 1002, 521, 662, 1937, 1999, 1487, 1624, 1303, 1212, 1110, 677, 799, 1070, 18, 1690, 44, 2139, 668, 1921, 1792, 197, 856, 667, 1528, 1975, 420, 1956, 659, 993, 636, 2080, 1711, 822, 1109, 886, 1922, 1916, 801, 875, 666, 1794, 979, 43, 325, 211, 1980, 1227, 2107, 2036, 612, 321, 1771, 1705, 634, 406, 1413, 1400, 1523, 1163, 1936, 241, 774, 115, 1382, 372, 1486, 820, 1773, 1298, 393]",145,200,8,False,200
146,location,location,4,True,True,True,"{1: 106, 0: 10, 4: 84}","[816, 387, 1942, 2167, 2071, 1129, 1505, 284, 849, 2082, 791, 1493, 331, 784, 2028, 589, 1762, 143, 1020, 633, 1934, 2, 1484, 1118, 1372, 712, 535, 1734, 783, 1634, 1331, 2041, 256, 426, 1311, 675, 584, 1189, 351, 1755, 1575, 553, 722, 1369, 609, 101, 1365, 976, 765, 1702, 1096, 1374, 118, 1670, 713, 1380, 1989, 1746, 1748, 882, 1875, 1309, 434, 517, 261, 556, 2117, 1652, 790, 165, 1308, 1263, 1793, 133, 691, 2092, 67, 863, 442, 1277, 1084, 186, 1627, 529, 1485, 1719, 1021, 595, 1632, 1735, 1603, 242, 497, 1638, 1201, 2077, 1531, 646, 1598, 532, 469, 1016, 1503, 359, 62, 925, 1500, 311, 1459, 368, 108, 1179, 2129, 1502, 231, 1289, 312, 53, 1338, 678, 2119, 1643, 2120, 1245, 693, 2149, 1489, 874, 1395, 1467, 1002, 521, 662, 1937, 1999, 1487, 1624, 1303, 1212, 1110, 677, 799, 1070, 18, 1690, 44, 2139, 668, 1921, 1792, 197, 856, 667, 1528, 1975, 420, 1956, 659, 993, 636, 2080, 1711, 822, 1109, 886, 1922, 1916, 801, 875, 666, 1794, 979, 43, 325, 211, 1980, 1227, 2107, 2036, 612, 321, 1771, 1705, 634, 406, 1413, 1400, 1523, 1163, 1936, 241, 774, 115, 1382, 372, 1486, 820, 1773, 1298, 393]",146,200,8,False,200
147,location,entity,1,True,False,True,"{1: 106, 0: 10, 4: 84}","[816, 387, 1942, 2167, 2071, 1129, 1505, 284, 849, 2082, 791, 1493, 331, 784, 2028, 589, 1762, 143, 1020, 633, 1934, 2, 1484, 1118, 1372, 712, 535, 1734, 783, 1634, 1331, 2041, 256, 426, 1311, 675, 584, 1189, 351, 1755, 1575, 553, 722, 1369, 609, 101, 1365, 976, 765, 1702, 1096, 1374, 118, 1670, 713, 1380, 1989, 1746, 1748, 882, 1875, 1309, 434, 517, 261, 556, 2117, 1652, 790, 165, 1308, 1263, 1793, 133, 691, 2092, 67, 863, 442, 1277, 1084, 186, 1627, 529, 1485, 1719, 1021, 595, 1632, 1735, 1603, 242, 497, 1638, 1201, 2077, 1531, 646, 1598, 532, 469, 1016, 1503, 359, 62, 925, 1500, 311, 1459, 368, 108, 1179, 2129, 1502, 231, 1289, 312, 53, 1338, 678, 2119, 1643, 2120, 1245, 693, 2149, 1489, 874, 1395, 1467, 1002, 521, 662, 1937, 1999, 1487, 1624, 1303, 1212, 1110, 677, 799, 1070, 18, 1690, 44, 2139, 668, 1921, 1792, 197, 856, 667, 1528, 1975, 420, 1956, 659, 993, 636, 2080, 1711, 822, 1109, 886, 1922, 1916, 801, 875, 666, 1794, 979, 43, 325, 211, 1980, 1227, 2107, 2036, 612, 321, 1771, 1705, 634, 406, 1413, 1400, 1523, 1163, 1936, 241, 774, 115, 1382, 372, 1486, 820, 1773, 1298, 393]",147,200,8,False,200
148,location,location,4,True,True,True,"{1: 106, 0: 10, 4: 84}","[816, 387, 1942, 2167, 2071, 1129, 1505, 284, 849, 2082, 791, 1493, 331, 784, 2028, 589, 1762, 143, 1020, 633, 1934, 2, 1484, 1118, 1372, 712, 535, 1734, 783, 1634, 1331, 2041, 256, 426, 1311, 675, 584, 1189, 351, 1755, 1575, 553, 722, 1369, 609, 101, 1365, 976, 765, 1702, 1096, 1374, 118, 1670, 713, 1380, 1989, 1746, 1748, 882, 1875, 1309, 434, 517, 261, 556, 2117, 1652, 790, 165, 1308, 1263, 1793, 133, 691, 2092, 67, 863, 442, 1277, 1084, 186, 1627, 529, 1485, 1719, 1021, 595, 1632, 1735, 1603, 242, 497, 1638, 1201, 2077, 1531, 646, 1598, 532, 469, 1016, 1503, 359, 62, 925, 1500, 311, 1459, 368, 108, 1179, 2129, 1502, 231, 1289, 312, 53, 1338, 678, 2119, 1643, 2120, 1245, 693, 2149, 1489, 874, 1395, 1467, 1002, 521, 662, 1937, 1999, 1487, 1624, 1303, 1212, 1110, 677, 799, 1070, 18, 1690, 44, 2139, 668, 1921, 1792, 197, 856, 667, 1528, 1975, 420, 1956, 659, 993, 636, 2080, 1711, 822, 1109, 886, 1922, 1916, 801, 875, 666, 1794, 979, 43, 325, 211, 1980, 1227, 2107, 2036, 612, 321, 1771, 1705, 634, 406, 1413, 1400, 1523, 1163, 1936, 241, 774, 115, 1382, 372, 1486, 820, 1773, 1298, 393]",148,200,8,False,200
149,entity,entity,1,True,True,True,"{1: 106, 0: 10, 4: 84}","[816, 387, 1942, 2167, 2071, 1129, 1505, 284, 849, 2082, 791, 1493, 331, 784, 2028, 589, 1762, 143, 1020, 633, 1934, 2, 1484, 1118, 1372, 712, 535, 1734, 783, 1634, 1331, 2041, 256, 426, 1311, 675, 584, 1189, 351, 1755, 1575, 553, 722, 1369, 609, 101, 1365, 976, 765, 1702, 1096, 1374, 118, 1670, 713, 1380, 1989, 1746, 1748, 882, 1875, 1309, 434, 517, 261, 556, 2117, 1652, 790, 165, 1308, 1263, 1793, 133, 691, 2092, 67, 863, 442, 1277, 1084, 186, 1627, 529, 1485, 1719, 1021, 595, 1632, 1735, 1603, 242, 497, 1638, 1201, 2077, 1531, 646, 1598, 532, 469, 1016, 1503, 359, 62, 925, 1500, 311, 1459, 368, 108, 1179, 2129, 1502, 231, 1289, 312, 53, 1338, 678, 2119, 1643, 2120, 1245, 693, 2149, 1489, 874, 1395, 1467, 1002, 521, 662, 1937, 1999, 1487, 1624, 1303, 1212, 1110, 677, 799, 1070, 18, 1690, 44, 2139, 668, 1921, 1792, 197, 856, 667, 1528, 1975, 420, 1956, 659, 993, 636, 2080, 1711, 822, 1109, 886, 1922, 1916, 801, 875, 666, 1794, 979, 43, 325, 211, 1980, 1227, 2107, 2036, 612, 321, 1771, 1705, 634, 406, 1413, 1400, 1523, 1163, 1936, 241, 774, 115, 1382, 372, 1486, 820, 1773, 1298, 393]",149,200,8,False,200
150,location,location,4,True,True,True,"{1: 106, 0: 10, 4: 84}","[816, 387, 1942, 2167, 2071, 1129, 1505, 284, 849, 2082, 791, 1493, 331, 784, 2028, 589, 1762, 143, 1020, 633, 1934, 2, 1484, 1118, 1372, 712, 535, 1734, 783, 1634, 1331, 2041, 256, 426, 1311, 675, 584, 1189, 351, 1755, 1575, 553, 722, 1369, 609, 101, 1365, 976, 765, 1702, 1096, 1374, 118, 1670, 713, 1380, 1989, 1746, 1748, 882, 1875, 1309, 434, 517, 261, 556, 2117, 1652, 790, 165, 1308, 1263, 1793, 133, 691, 2092, 67, 863, 442, 1277, 1084, 186, 1627, 529, 1485, 1719, 1021, 595, 1632, 1735, 1603, 242, 497, 1638, 1201, 2077, 1531, 646, 1598, 532, 469, 1016, 1503, 359, 62, 925, 1500, 311, 1459, 368, 108, 1179, 2129, 1502, 231, 1289, 312, 53, 1338, 678, 2119, 1643, 2120, 1245, 693, 2149, 1489, 874, 1395, 1467, 1002, 521, 662, 1937, 1999, 1487, 1624, 1303, 1212, 1110, 677, 799, 1070, 18, 1690, 44, 2139, 668, 1921, 1792, 197, 856, 667, 1528, 1975, 420, 1956, 659, 993, 636, 2080, 1711, 822, 1109, 886, 1922, 1916, 801, 875, 666, 1794, 979, 43, 325, 211, 1980, 1227, 2107, 2036, 612, 321, 1771, 1705, 634, 406, 1413, 1400, 1523, 1163, 1936, 241, 774, 115, 1382, 372, 1486, 820, 1773, 1298, 393]",150,200,8,False,200
151,abbreviation,abbre,0,True,True,False,"{1: 106, 0: 10, 4: 84}","[816, 387, 1942, 2167, 2071, 1129, 1505, 284, 849, 2082, 791, 1493, 331, 784, 2028, 589, 1762, 143, 1020, 633, 1934, 2, 1484, 1118, 1372, 712, 535, 1734, 783, 1634, 1331, 2041, 256, 426, 1311, 675, 584, 1189, 351, 1755, 1575, 553, 722, 1369, 609, 101, 1365, 976, 765, 1702, 1096, 1374, 118, 1670, 713, 1380, 1989, 1746, 1748, 882, 1875, 1309, 434, 517, 261, 556, 2117, 1652, 790, 165, 1308, 1263, 1793, 133, 691, 2092, 67, 863, 442, 1277, 1084, 186, 1627, 529, 1485, 1719, 1021, 595, 1632, 1735, 1603, 242, 497, 1638, 1201, 2077, 1531, 646, 1598, 532, 469, 1016, 1503, 359, 62, 925, 1500, 311, 1459, 368, 108, 1179, 2129, 1502, 231, 1289, 312, 53, 1338, 678, 2119, 1643, 2120, 1245, 693, 2149, 1489, 874, 1395, 1467, 1002, 521, 662, 1937, 1999, 1487, 1624, 1303, 1212, 1110, 677, 799, 1070, 18, 1690, 44, 2139, 668, 1921, 1792, 197, 856, 667, 1528, 1975, 420, 1956, 659, 993, 636, 2080, 1711, 822, 1109, 886, 1922, 1916, 801, 875, 666, 1794, 979, 43, 325, 211, 1980, 1227, 2107, 2036, 612, 321, 1771, 1705, 634, 406, 1413, 1400, 1523, 1163, 1936, 241, 774, 115, 1382, 372, 1486, 820, 1773, 1298, 393]",151,200,8,False,200
152,entity,entity,1,True,True,True,"{1: 106, 0: 10, 4: 84}","[816, 387, 1942, 2167, 2071, 1129, 1505, 284, 849, 2082, 791, 1493, 331, 784, 2028, 589, 1762, 143, 1020, 633, 1934, 2, 1484, 1118, 1372, 712, 535, 1734, 783, 1634, 1331, 2041, 256, 426, 1311, 675, 584, 1189, 351, 1755, 1575, 553, 722, 1369, 609, 101, 1365, 976, 765, 1702, 1096, 1374, 118, 1670, 713, 1380, 1989, 1746, 1748, 882, 1875, 1309, 434, 517, 261, 556, 2117, 1652, 790, 165, 1308, 1263, 1793, 133, 691, 2092, 67, 863, 442, 1277, 1084, 186, 1627, 529, 1485, 1719, 1021, 595, 1632, 1735, 1603, 242, 497, 1638, 1201, 2077, 1531, 646, 1598, 532, 469, 1016, 1503, 359, 62, 925, 1500, 311, 1459, 368, 108, 1179, 2129, 1502, 231, 1289, 312, 53, 1338, 678, 2119, 1643, 2120, 1245, 693, 2149, 1489, 874, 1395, 1467, 1002, 521, 662, 1937, 1999, 1487, 1624, 1303, 1212, 1110, 677, 799, 1070, 18, 1690, 44, 2139, 668, 1921, 1792, 197, 856, 667, 1528, 1975, 420, 1956, 659, 993, 636, 2080, 1711, 822, 1109, 886, 1922, 1916, 801, 875, 666, 1794, 979, 43, 325, 211, 1980, 1227, 2107, 2036, 612, 321, 1771, 1705, 634, 406, 1413, 1400, 1523, 1163, 1936, 241, 774, 115, 1382, 372, 1486, 820, 1773, 1298, 393]",152,200,8,False,200
153,entity,entity,1,True,True,True,"{1: 106, 0: 10, 4: 84}","[816, 387, 1942, 2167, 2071, 1129, 1505, 284, 849, 2082, 791, 1493, 331, 784, 2028, 589, 1762, 143, 1020, 633, 1934, 2, 1484, 1118, 1372, 712, 535, 1734, 783, 1634, 1331, 2041, 256, 426, 1311, 675, 584, 1189, 351, 1755, 1575, 553, 722, 1369, 609, 101, 1365, 976, 765, 1702, 1096, 1374, 118, 1670, 713, 1380, 1989, 1746, 1748, 882, 1875, 1309, 434, 517, 261, 556, 2117, 1652, 790, 165, 1308, 1263, 1793, 133, 691, 2092, 67, 863, 442, 1277, 1084, 186, 1627, 529, 1485, 1719, 1021, 595, 1632, 1735, 1603, 242, 497, 1638, 1201, 2077, 1531, 646, 1598, 532, 469, 1016, 1503, 359, 62, 925, 1500, 311, 1459, 368, 108, 1179, 2129, 1502, 231, 1289, 312, 53, 1338, 678, 2119, 1643, 2120, 1245, 693, 2149, 1489, 874, 1395, 1467, 1002, 521, 662, 1937, 1999, 1487, 1624, 1303, 1212, 1110, 677, 799, 1070, 18, 1690, 44, 2139, 668, 1921, 1792, 197, 856, 667, 1528, 1975, 420, 1956, 659, 993, 636, 2080, 1711, 822, 1109, 886, 1922, 1916, 801, 875, 666, 1794, 979, 43, 325, 211, 1980, 1227, 2107, 2036, 612, 321, 1771, 1705, 634, 406, 1413, 1400, 1523, 1163, 1936, 241, 774, 115, 1382, 372, 1486, 820, 1773, 1298, 393]",153,200,8,False,200
154,location,location,4,True,True,True,"{1: 106, 0: 10, 4: 84}","[816, 387, 1942, 2167, 2071, 1129, 1505, 284, 849, 2082, 791, 1493, 331, 784, 2028, 589, 1762, 143, 1020, 633, 1934, 2, 1484, 1118, 1372, 712, 535, 1734, 783, 1634, 1331, 2041, 256, 426, 1311, 675, 584, 1189, 351, 1755, 1575, 553, 722, 1369, 609, 101, 1365, 976, 765, 1702, 1096, 1374, 118, 1670, 713, 1380, 1989, 1746, 1748, 882, 1875, 1309, 434, 517, 261, 556, 2117, 1652, 790, 165, 1308, 1263, 1793, 133, 691, 2092, 67, 863, 442, 1277, 1084, 186, 1627, 529, 1485, 1719, 1021, 595, 1632, 1735, 1603, 242, 497, 1638, 1201, 2077, 1531, 646, 1598, 532, 469, 1016, 1503, 359, 62, 925, 1500, 311, 1459, 368, 108, 1179, 2129, 1502, 231, 1289, 312, 53, 1338, 678, 2119, 1643, 2120, 1245, 693, 2149, 1489, 874, 1395, 1467, 1002, 521, 662, 1937, 1999, 1487, 1624, 1303, 1212, 1110, 677, 799, 1070, 18, 1690, 44, 2139, 668, 1921, 1792, 197, 856, 667, 1528, 1975, 420, 1956, 659, 993, 636, 2080, 1711, 822, 1109, 886, 1922, 1916, 801, 875, 666, 1794, 979, 43, 325, 211, 1980, 1227, 2107, 2036, 612, 321, 1771, 1705, 634, 406, 1413, 1400, 1523, 1163, 1936, 241, 774, 115, 1382, 372, 1486, 820, 1773, 1298, 393]",154,200,8,False,200
155,entity,entity,1,True,True,True,"{1: 106, 0: 10, 4: 84}","[816, 387, 1942, 2167, 2071, 1129, 1505, 284, 849, 2082, 791, 1493, 331, 784, 2028, 589, 1762, 143, 1020, 633, 1934, 2, 1484, 1118, 1372, 712, 535, 1734, 783, 1634, 1331, 2041, 256, 426, 1311, 675, 584, 1189, 351, 1755, 1575, 553, 722, 1369, 609, 101, 1365, 976, 765, 1702, 1096, 1374, 118, 1670, 713, 1380, 1989, 1746, 1748, 882, 1875, 1309, 434, 517, 261, 556, 2117, 1652, 790, 165, 1308, 1263, 1793, 133, 691, 2092, 67, 863, 442, 1277, 1084, 186, 1627, 529, 1485, 1719, 1021, 595, 1632, 1735, 1603, 242, 497, 1638, 1201, 2077, 1531, 646, 1598, 532, 469, 1016, 1503, 359, 62, 925, 1500, 311, 1459, 368, 108, 1179, 2129, 1502, 231, 1289, 312, 53, 1338, 678, 2119, 1643, 2120, 1245, 693, 2149, 1489, 874, 1395, 1467, 1002, 521, 662, 1937, 1999, 1487, 1624, 1303, 1212, 1110, 677, 799, 1070, 18, 1690, 44, 2139, 668, 1921, 1792, 197, 856, 667, 1528, 1975, 420, 1956, 659, 993, 636, 2080, 1711, 822, 1109, 886, 1922, 1916, 801, 875, 666, 1794, 979, 43, 325, 211, 1980, 1227, 2107, 2036, 612, 321, 1771, 1705, 634, 406, 1413, 1400, 1523, 1163, 1936, 241, 774, 115, 1382, 372, 1486, 820, 1773, 1298, 393]",155,200,8,False,200
156,entity,entity,1,True,True,True,"{1: 106, 0: 10, 4: 84}","[816, 387, 1942, 2167, 2071, 1129, 1505, 284, 849, 2082, 791, 1493, 331, 784, 2028, 589, 1762, 143, 1020, 633, 1934, 2, 1484, 1118, 1372, 712, 535, 1734, 783, 1634, 1331, 2041, 256, 426, 1311, 675, 584, 1189, 351, 1755, 1575, 553, 722, 1369, 609, 101, 1365, 976, 765, 1702, 1096, 1374, 118, 1670, 713, 1380, 1989, 1746, 1748, 882, 1875, 1309, 434, 517, 261, 556, 2117, 1652, 790, 165, 1308, 1263, 1793, 133, 691, 2092, 67, 863, 442, 1277, 1084, 186, 1627, 529, 1485, 1719, 1021, 595, 1632, 1735, 1603, 242, 497, 1638, 1201, 2077, 1531, 646, 1598, 532, 469, 1016, 1503, 359, 62, 925, 1500, 311, 1459, 368, 108, 1179, 2129, 1502, 231, 1289, 312, 53, 1338, 678, 2119, 1643, 2120, 1245, 693, 2149, 1489, 874, 1395, 1467, 1002, 521, 662, 1937, 1999, 1487, 1624, 1303, 1212, 1110, 677, 799, 1070, 18, 1690, 44, 2139, 668, 1921, 1792, 197, 856, 667, 1528, 1975, 420, 1956, 659, 993, 636, 2080, 1711, 822, 1109, 886, 1922, 1916, 801, 875, 666, 1794, 979, 43, 325, 211, 1980, 1227, 2107, 2036, 612, 321, 1771, 1705, 634, 406, 1413, 1400, 1523, 1163, 1936, 241, 774, 115, 1382, 372, 1486, 820, 1773, 1298, 393]",156,200,8,False,200
157,location,location,4,True,True,True,"{1: 106, 0: 10, 4: 84}","[816, 387, 1942, 2167, 2071, 1129, 1505, 284, 849, 2082, 791, 1493, 331, 784, 2028, 589, 1762, 143, 1020, 633, 1934, 2, 1484, 1118, 1372, 712, 535, 1734, 783, 1634, 1331, 2041, 256, 426, 1311, 675, 584, 1189, 351, 1755, 1575, 553, 722, 1369, 609, 101, 1365, 976, 765, 1702, 1096, 1374, 118, 1670, 713, 1380, 1989, 1746, 1748, 882, 1875, 1309, 434, 517, 261, 556, 2117, 1652, 790, 165, 1308, 1263, 1793, 133, 691, 2092, 67, 863, 442, 1277, 1084, 186, 1627, 529, 1485, 1719, 1021, 595, 1632, 1735, 1603, 242, 497, 1638, 1201, 2077, 1531, 646, 1598, 532, 469, 1016, 1503, 359, 62, 925, 1500, 311, 1459, 368, 108, 1179, 2129, 1502, 231, 1289, 312, 53, 1338, 678, 2119, 1643, 2120, 1245, 693, 2149, 1489, 874, 1395, 1467, 1002, 521, 662, 1937, 1999, 1487, 1624, 1303, 1212, 1110, 677, 799, 1070, 18, 1690, 44, 2139, 668, 1921, 1792, 197, 856, 667, 1528, 1975, 420, 1956, 659, 993, 636, 2080, 1711, 822, 1109, 886, 1922, 1916, 801, 875, 666, 1794, 979, 43, 325, 211, 1980, 1227, 2107, 2036, 612, 321, 1771, 1705, 634, 406, 1413, 1400, 1523, 1163, 1936, 241, 774, 115, 1382, 372, 1486, 820, 1773, 1298, 393]",157,200,8,False,200
158,entity,entity,1,True,True,True,"{1: 106, 0: 10, 4: 84}","[816, 387, 1942, 2167, 2071, 1129, 1505, 284, 849, 2082, 791, 1493, 331, 784, 2028, 589, 1762, 143, 1020, 633, 1934, 2, 1484, 1118, 1372, 712, 535, 1734, 783, 1634, 1331, 2041, 256, 426, 1311, 675, 584, 1189, 351, 1755, 1575, 553, 722, 1369, 609, 101, 1365, 976, 765, 1702, 1096, 1374, 118, 1670, 713, 1380, 1989, 1746, 1748, 882, 1875, 1309, 434, 517, 261, 556, 2117, 1652, 790, 165, 1308, 1263, 1793, 133, 691, 2092, 67, 863, 442, 1277, 1084, 186, 1627, 529, 1485, 1719, 1021, 595, 1632, 1735, 1603, 242, 497, 1638, 1201, 2077, 1531, 646, 1598, 532, 469, 1016, 1503, 359, 62, 925, 1500, 311, 1459, 368, 108, 1179, 2129, 1502, 231, 1289, 312, 53, 1338, 678, 2119, 1643, 2120, 1245, 693, 2149, 1489, 874, 1395, 1467, 1002, 521, 662, 1937, 1999, 1487, 1624, 1303, 1212, 1110, 677, 799, 1070, 18, 1690, 44, 2139, 668, 1921, 1792, 197, 856, 667, 1528, 1975, 420, 1956, 659, 993, 636, 2080, 1711, 822, 1109, 886, 1922, 1916, 801, 875, 666, 1794, 979, 43, 325, 211, 1980, 1227, 2107, 2036, 612, 321, 1771, 1705, 634, 406, 1413, 1400, 1523, 1163, 1936, 241, 774, 115, 1382, 372, 1486, 820, 1773, 1298, 393]",158,200,8,False,200
159,entity,entity,1,True,True,True,"{1: 106, 0: 10, 4: 84}","[816, 387, 1942, 2167, 2071, 1129, 1505, 284, 849, 2082, 791, 1493, 331, 784, 2028, 589, 1762, 143, 1020, 633, 1934, 2, 1484, 1118, 1372, 712, 535, 1734, 783, 1634, 1331, 2041, 256, 426, 1311, 675, 584, 1189, 351, 1755, 1575, 553, 722, 1369, 609, 101, 1365, 976, 765, 1702, 1096, 1374, 118, 1670, 713, 1380, 1989, 1746, 1748, 882, 1875, 1309, 434, 517, 261, 556, 2117, 1652, 790, 165, 1308, 1263, 1793, 133, 691, 2092, 67, 863, 442, 1277, 1084, 186, 1627, 529, 1485, 1719, 1021, 595, 1632, 1735, 1603, 242, 497, 1638, 1201, 2077, 1531, 646, 1598, 532, 469, 1016, 1503, 359, 62, 925, 1500, 311, 1459, 368, 108, 1179, 2129, 1502, 231, 1289, 312, 53, 1338, 678, 2119, 1643, 2120, 1245, 693, 2149, 1489, 874, 1395, 1467, 1002, 521, 662, 1937, 1999, 1487, 1624, 1303, 1212, 1110, 677, 799, 1070, 18, 1690, 44, 2139, 668, 1921, 1792, 197, 856, 667, 1528, 1975, 420, 1956, 659, 993, 636, 2080, 1711, 822, 1109, 886, 1922, 1916, 801, 875, 666, 1794, 979, 43, 325, 211, 1980, 1227, 2107, 2036, 612, 321, 1771, 1705, 634, 406, 1413, 1400, 1523, 1163, 1936, 241, 774, 115, 1382, 372, 1486, 820, 1773, 1298, 393]",159,200,8,False,200
160,entity,entity,1,True,True,True,"{1: 106, 0: 10, 4: 84}","[816, 387, 1942, 2167, 2071, 1129, 1505, 284, 849, 2082, 791, 1493, 331, 784, 2028, 589, 1762, 143, 1020, 633, 1934, 2, 1484, 1118, 1372, 712, 535, 1734, 783, 1634, 1331, 2041, 256, 426, 1311, 675, 584, 1189, 351, 1755, 1575, 553, 722, 1369, 609, 101, 1365, 976, 765, 1702, 1096, 1374, 118, 1670, 713, 1380, 1989, 1746, 1748, 882, 1875, 1309, 434, 517, 261, 556, 2117, 1652, 790, 165, 1308, 1263, 1793, 133, 691, 2092, 67, 863, 442, 1277, 1084, 186, 1627, 529, 1485, 1719, 1021, 595, 1632, 1735, 1603, 242, 497, 1638, 1201, 2077, 1531, 646, 1598, 532, 469, 1016, 1503, 359, 62, 925, 1500, 311, 1459, 368, 108, 1179, 2129, 1502, 231, 1289, 312, 53, 1338, 678, 2119, 1643, 2120, 1245, 693, 2149, 1489, 874, 1395, 1467, 1002, 521, 662, 1937, 1999, 1487, 1624, 1303, 1212, 1110, 677, 799, 1070, 18, 1690, 44, 2139, 668, 1921, 1792, 197, 856, 667, 1528, 1975, 420, 1956, 659, 993, 636, 2080, 1711, 822, 1109, 886, 1922, 1916, 801, 875, 666, 1794, 979, 43, 325, 211, 1980, 1227, 2107, 2036, 612, 321, 1771, 1705, 634, 406, 1413, 1400, 1523, 1163, 1936, 241, 774, 115, 1382, 372, 1486, 820, 1773, 1298, 393]",160,200,8,False,200
161,entity,entity,1,True,True,True,"{1: 106, 0: 10, 4: 84}","[816, 387, 1942, 2167, 2071, 1129, 1505, 284, 849, 2082, 791, 1493, 331, 784, 2028, 589, 1762, 143, 1020, 633, 1934, 2, 1484, 1118, 1372, 712, 535, 1734, 783, 1634, 1331, 2041, 256, 426, 1311, 675, 584, 1189, 351, 1755, 1575, 553, 722, 1369, 609, 101, 1365, 976, 765, 1702, 1096, 1374, 118, 1670, 713, 1380, 1989, 1746, 1748, 882, 1875, 1309, 434, 517, 261, 556, 2117, 1652, 790, 165, 1308, 1263, 1793, 133, 691, 2092, 67, 863, 442, 1277, 1084, 186, 1627, 529, 1485, 1719, 1021, 595, 1632, 1735, 1603, 242, 497, 1638, 1201, 2077, 1531, 646, 1598, 532, 469, 1016, 1503, 359, 62, 925, 1500, 311, 1459, 368, 108, 1179, 2129, 1502, 231, 1289, 312, 53, 1338, 678, 2119, 1643, 2120, 1245, 693, 2149, 1489, 874, 1395, 1467, 1002, 521, 662, 1937, 1999, 1487, 1624, 1303, 1212, 1110, 677, 799, 1070, 18, 1690, 44, 2139, 668, 1921, 1792, 197, 856, 667, 1528, 1975, 420, 1956, 659, 993, 636, 2080, 1711, 822, 1109, 886, 1922, 1916, 801, 875, 666, 1794, 979, 43, 325, 211, 1980, 1227, 2107, 2036, 612, 321, 1771, 1705, 634, 406, 1413, 1400, 1523, 1163, 1936, 241, 774, 115, 1382, 372, 1486, 820, 1773, 1298, 393]",161,200,8,False,200
162,entity,entity,1,True,True,True,"{1: 106, 0: 10, 4: 84}","[816, 387, 1942, 2167, 2071, 1129, 1505, 284, 849, 2082, 791, 1493, 331, 784, 2028, 589, 1762, 143, 1020, 633, 1934, 2, 1484, 1118, 1372, 712, 535, 1734, 783, 1634, 1331, 2041, 256, 426, 1311, 675, 584, 1189, 351, 1755, 1575, 553, 722, 1369, 609, 101, 1365, 976, 765, 1702, 1096, 1374, 118, 1670, 713, 1380, 1989, 1746, 1748, 882, 1875, 1309, 434, 517, 261, 556, 2117, 1652, 790, 165, 1308, 1263, 1793, 133, 691, 2092, 67, 863, 442, 1277, 1084, 186, 1627, 529, 1485, 1719, 1021, 595, 1632, 1735, 1603, 242, 497, 1638, 1201, 2077, 1531, 646, 1598, 532, 469, 1016, 1503, 359, 62, 925, 1500, 311, 1459, 368, 108, 1179, 2129, 1502, 231, 1289, 312, 53, 1338, 678, 2119, 1643, 2120, 1245, 693, 2149, 1489, 874, 1395, 1467, 1002, 521, 662, 1937, 1999, 1487, 1624, 1303, 1212, 1110, 677, 799, 1070, 18, 1690, 44, 2139, 668, 1921, 1792, 197, 856, 667, 1528, 1975, 420, 1956, 659, 993, 636, 2080, 1711, 822, 1109, 886, 1922, 1916, 801, 875, 666, 1794, 979, 43, 325, 211, 1980, 1227, 2107, 2036, 612, 321, 1771, 1705, 634, 406, 1413, 1400, 1523, 1163, 1936, 241, 774, 115, 1382, 372, 1486, 820, 1773, 1298, 393]",162,200,8,False,200
163,location,location,4,True,True,True,"{1: 106, 0: 10, 4: 84}","[816, 387, 1942, 2167, 2071, 1129, 1505, 284, 849, 2082, 791, 1493, 331, 784, 2028, 589, 1762, 143, 1020, 633, 1934, 2, 1484, 1118, 1372, 712, 535, 1734, 783, 1634, 1331, 2041, 256, 426, 1311, 675, 584, 1189, 351, 1755, 1575, 553, 722, 1369, 609, 101, 1365, 976, 765, 1702, 1096, 1374, 118, 1670, 713, 1380, 1989, 1746, 1748, 882, 1875, 1309, 434, 517, 261, 556, 2117, 1652, 790, 165, 1308, 1263, 1793, 133, 691, 2092, 67, 863, 442, 1277, 1084, 186, 1627, 529, 1485, 1719, 1021, 595, 1632, 1735, 1603, 242, 497, 1638, 1201, 2077, 1531, 646, 1598, 532, 469, 1016, 1503, 359, 62, 925, 1500, 311, 1459, 368, 108, 1179, 2129, 1502, 231, 1289, 312, 53, 1338, 678, 2119, 1643, 2120, 1245, 693, 2149, 1489, 874, 1395, 1467, 1002, 521, 662, 1937, 1999, 1487, 1624, 1303, 1212, 1110, 677, 799, 1070, 18, 1690, 44, 2139, 668, 1921, 1792, 197, 856, 667, 1528, 1975, 420, 1956, 659, 993, 636, 2080, 1711, 822, 1109, 886, 1922, 1916, 801, 875, 666, 1794, 979, 43, 325, 211, 1980, 1227, 2107, 2036, 612, 321, 1771, 1705, 634, 406, 1413, 1400, 1523, 1163, 1936, 241, 774, 115, 1382, 372, 1486, 820, 1773, 1298, 393]",163,200,8,False,200
164,entity,entity,1,True,True,True,"{1: 106, 0: 10, 4: 84}","[816, 387, 1942, 2167, 2071, 1129, 1505, 284, 849, 2082, 791, 1493, 331, 784, 2028, 589, 1762, 143, 1020, 633, 1934, 2, 1484, 1118, 1372, 712, 535, 1734, 783, 1634, 1331, 2041, 256, 426, 1311, 675, 584, 1189, 351, 1755, 1575, 553, 722, 1369, 609, 101, 1365, 976, 765, 1702, 1096, 1374, 118, 1670, 713, 1380, 1989, 1746, 1748, 882, 1875, 1309, 434, 517, 261, 556, 2117, 1652, 790, 165, 1308, 1263, 1793, 133, 691, 2092, 67, 863, 442, 1277, 1084, 186, 1627, 529, 1485, 1719, 1021, 595, 1632, 1735, 1603, 242, 497, 1638, 1201, 2077, 1531, 646, 1598, 532, 469, 1016, 1503, 359, 62, 925, 1500, 311, 1459, 368, 108, 1179, 2129, 1502, 231, 1289, 312, 53, 1338, 678, 2119, 1643, 2120, 1245, 693, 2149, 1489, 874, 1395, 1467, 1002, 521, 662, 1937, 1999, 1487, 1624, 1303, 1212, 1110, 677, 799, 1070, 18, 1690, 44, 2139, 668, 1921, 1792, 197, 856, 667, 1528, 1975, 420, 1956, 659, 993, 636, 2080, 1711, 822, 1109, 886, 1922, 1916, 801, 875, 666, 1794, 979, 43, 325, 211, 1980, 1227, 2107, 2036, 612, 321, 1771, 1705, 634, 406, 1413, 1400, 1523, 1163, 1936, 241, 774, 115, 1382, 372, 1486, 820, 1773, 1298, 393]",164,200,8,False,200
165,location,location,4,True,True,True,"{1: 106, 0: 10, 4: 84}","[816, 387, 1942, 2167, 2071, 1129, 1505, 284, 849, 2082, 791, 1493, 331, 784, 2028, 589, 1762, 143, 1020, 633, 1934, 2, 1484, 1118, 1372, 712, 535, 1734, 783, 1634, 1331, 2041, 256, 426, 1311, 675, 584, 1189, 351, 1755, 1575, 553, 722, 1369, 609, 101, 1365, 976, 765, 1702, 1096, 1374, 118, 1670, 713, 1380, 1989, 1746, 1748, 882, 1875, 1309, 434, 517, 261, 556, 2117, 1652, 790, 165, 1308, 1263, 1793, 133, 691, 2092, 67, 863, 442, 1277, 1084, 186, 1627, 529, 1485, 1719, 1021, 595, 1632, 1735, 1603, 242, 497, 1638, 1201, 2077, 1531, 646, 1598, 532, 469, 1016, 1503, 359, 62, 925, 1500, 311, 1459, 368, 108, 1179, 2129, 1502, 231, 1289, 312, 53, 1338, 678, 2119, 1643, 2120, 1245, 693, 2149, 1489, 874, 1395, 1467, 1002, 521, 662, 1937, 1999, 1487, 1624, 1303, 1212, 1110, 677, 799, 1070, 18, 1690, 44, 2139, 668, 1921, 1792, 197, 856, 667, 1528, 1975, 420, 1956, 659, 993, 636, 2080, 1711, 822, 1109, 886, 1922, 1916, 801, 875, 666, 1794, 979, 43, 325, 211, 1980, 1227, 2107, 2036, 612, 321, 1771, 1705, 634, 406, 1413, 1400, 1523, 1163, 1936, 241, 774, 115, 1382, 372, 1486, 820, 1773, 1298, 393]",165,200,8,False,200
166,location,location,4,True,True,True,"{1: 106, 0: 10, 4: 84}","[816, 387, 1942, 2167, 2071, 1129, 1505, 284, 849, 2082, 791, 1493, 331, 784, 2028, 589, 1762, 143, 1020, 633, 1934, 2, 1484, 1118, 1372, 712, 535, 1734, 783, 1634, 1331, 2041, 256, 426, 1311, 675, 584, 1189, 351, 1755, 1575, 553, 722, 1369, 609, 101, 1365, 976, 765, 1702, 1096, 1374, 118, 1670, 713, 1380, 1989, 1746, 1748, 882, 1875, 1309, 434, 517, 261, 556, 2117, 1652, 790, 165, 1308, 1263, 1793, 133, 691, 2092, 67, 863, 442, 1277, 1084, 186, 1627, 529, 1485, 1719, 1021, 595, 1632, 1735, 1603, 242, 497, 1638, 1201, 2077, 1531, 646, 1598, 532, 469, 1016, 1503, 359, 62, 925, 1500, 311, 1459, 368, 108, 1179, 2129, 1502, 231, 1289, 312, 53, 1338, 678, 2119, 1643, 2120, 1245, 693, 2149, 1489, 874, 1395, 1467, 1002, 521, 662, 1937, 1999, 1487, 1624, 1303, 1212, 1110, 677, 799, 1070, 18, 1690, 44, 2139, 668, 1921, 1792, 197, 856, 667, 1528, 1975, 420, 1956, 659, 993, 636, 2080, 1711, 822, 1109, 886, 1922, 1916, 801, 875, 666, 1794, 979, 43, 325, 211, 1980, 1227, 2107, 2036, 612, 321, 1771, 1705, 634, 406, 1413, 1400, 1523, 1163, 1936, 241, 774, 115, 1382, 372, 1486, 820, 1773, 1298, 393]",166,200,8,False,200
167,entity,entity,1,True,True,True,"{1: 106, 0: 10, 4: 84}","[816, 387, 1942, 2167, 2071, 1129, 1505, 284, 849, 2082, 791, 1493, 331, 784, 2028, 589, 1762, 143, 1020, 633, 1934, 2, 1484, 1118, 1372, 712, 535, 1734, 783, 1634, 1331, 2041, 256, 426, 1311, 675, 584, 1189, 351, 1755, 1575, 553, 722, 1369, 609, 101, 1365, 976, 765, 1702, 1096, 1374, 118, 1670, 713, 1380, 1989, 1746, 1748, 882, 1875, 1309, 434, 517, 261, 556, 2117, 1652, 790, 165, 1308, 1263, 1793, 133, 691, 2092, 67, 863, 442, 1277, 1084, 186, 1627, 529, 1485, 1719, 1021, 595, 1632, 1735, 1603, 242, 497, 1638, 1201, 2077, 1531, 646, 1598, 532, 469, 1016, 1503, 359, 62, 925, 1500, 311, 1459, 368, 108, 1179, 2129, 1502, 231, 1289, 312, 53, 1338, 678, 2119, 1643, 2120, 1245, 693, 2149, 1489, 874, 1395, 1467, 1002, 521, 662, 1937, 1999, 1487, 1624, 1303, 1212, 1110, 677, 799, 1070, 18, 1690, 44, 2139, 668, 1921, 1792, 197, 856, 667, 1528, 1975, 420, 1956, 659, 993, 636, 2080, 1711, 822, 1109, 886, 1922, 1916, 801, 875, 666, 1794, 979, 43, 325, 211, 1980, 1227, 2107, 2036, 612, 321, 1771, 1705, 634, 406, 1413, 1400, 1523, 1163, 1936, 241, 774, 115, 1382, 372, 1486, 820, 1773, 1298, 393]",167,200,8,False,200
168,entity,entity,1,True,True,True,"{1: 106, 0: 10, 4: 84}","[816, 387, 1942, 2167, 2071, 1129, 1505, 284, 849, 2082, 791, 1493, 331, 784, 2028, 589, 1762, 143, 1020, 633, 1934, 2, 1484, 1118, 1372, 712, 535, 1734, 783, 1634, 1331, 2041, 256, 426, 1311, 675, 584, 1189, 351, 1755, 1575, 553, 722, 1369, 609, 101, 1365, 976, 765, 1702, 1096, 1374, 118, 1670, 713, 1380, 1989, 1746, 1748, 882, 1875, 1309, 434, 517, 261, 556, 2117, 1652, 790, 165, 1308, 1263, 1793, 133, 691, 2092, 67, 863, 442, 1277, 1084, 186, 1627, 529, 1485, 1719, 1021, 595, 1632, 1735, 1603, 242, 497, 1638, 1201, 2077, 1531, 646, 1598, 532, 469, 1016, 1503, 359, 62, 925, 1500, 311, 1459, 368, 108, 1179, 2129, 1502, 231, 1289, 312, 53, 1338, 678, 2119, 1643, 2120, 1245, 693, 2149, 1489, 874, 1395, 1467, 1002, 521, 662, 1937, 1999, 1487, 1624, 1303, 1212, 1110, 677, 799, 1070, 18, 1690, 44, 2139, 668, 1921, 1792, 197, 856, 667, 1528, 1975, 420, 1956, 659, 993, 636, 2080, 1711, 822, 1109, 886, 1922, 1916, 801, 875, 666, 1794, 979, 43, 325, 211, 1980, 1227, 2107, 2036, 612, 321, 1771, 1705, 634, 406, 1413, 1400, 1523, 1163, 1936, 241, 774, 115, 1382, 372, 1486, 820, 1773, 1298, 393]",168,200,8,False,200
169,entity,entity,1,True,True,True,"{1: 106, 0: 10, 4: 84}","[816, 387, 1942, 2167, 2071, 1129, 1505, 284, 849, 2082, 791, 1493, 331, 784, 2028, 589, 1762, 143, 1020, 633, 1934, 2, 1484, 1118, 1372, 712, 535, 1734, 783, 1634, 1331, 2041, 256, 426, 1311, 675, 584, 1189, 351, 1755, 1575, 553, 722, 1369, 609, 101, 1365, 976, 765, 1702, 1096, 1374, 118, 1670, 713, 1380, 1989, 1746, 1748, 882, 1875, 1309, 434, 517, 261, 556, 2117, 1652, 790, 165, 1308, 1263, 1793, 133, 691, 2092, 67, 863, 442, 1277, 1084, 186, 1627, 529, 1485, 1719, 1021, 595, 1632, 1735, 1603, 242, 497, 1638, 1201, 2077, 1531, 646, 1598, 532, 469, 1016, 1503, 359, 62, 925, 1500, 311, 1459, 368, 108, 1179, 2129, 1502, 231, 1289, 312, 53, 1338, 678, 2119, 1643, 2120, 1245, 693, 2149, 1489, 874, 1395, 1467, 1002, 521, 662, 1937, 1999, 1487, 1624, 1303, 1212, 1110, 677, 799, 1070, 18, 1690, 44, 2139, 668, 1921, 1792, 197, 856, 667, 1528, 1975, 420, 1956, 659, 993, 636, 2080, 1711, 822, 1109, 886, 1922, 1916, 801, 875, 666, 1794, 979, 43, 325, 211, 1980, 1227, 2107, 2036, 612, 321, 1771, 1705, 634, 406, 1413, 1400, 1523, 1163, 1936, 241, 774, 115, 1382, 372, 1486, 820, 1773, 1298, 393]",169,200,8,False,200
170,entity,entity,1,True,True,True,"{1: 106, 0: 10, 4: 84}","[816, 387, 1942, 2167, 2071, 1129, 1505, 284, 849, 2082, 791, 1493, 331, 784, 2028, 589, 1762, 143, 1020, 633, 1934, 2, 1484, 1118, 1372, 712, 535, 1734, 783, 1634, 1331, 2041, 256, 426, 1311, 675, 584, 1189, 351, 1755, 1575, 553, 722, 1369, 609, 101, 1365, 976, 765, 1702, 1096, 1374, 118, 1670, 713, 1380, 1989, 1746, 1748, 882, 1875, 1309, 434, 517, 261, 556, 2117, 1652, 790, 165, 1308, 1263, 1793, 133, 691, 2092, 67, 863, 442, 1277, 1084, 186, 1627, 529, 1485, 1719, 1021, 595, 1632, 1735, 1603, 242, 497, 1638, 1201, 2077, 1531, 646, 1598, 532, 469, 1016, 1503, 359, 62, 925, 1500, 311, 1459, 368, 108, 1179, 2129, 1502, 231, 1289, 312, 53, 1338, 678, 2119, 1643, 2120, 1245, 693, 2149, 1489, 874, 1395, 1467, 1002, 521, 662, 1937, 1999, 1487, 1624, 1303, 1212, 1110, 677, 799, 1070, 18, 1690, 44, 2139, 668, 1921, 1792, 197, 856, 667, 1528, 1975, 420, 1956, 659, 993, 636, 2080, 1711, 822, 1109, 886, 1922, 1916, 801, 875, 666, 1794, 979, 43, 325, 211, 1980, 1227, 2107, 2036, 612, 321, 1771, 1705, 634, 406, 1413, 1400, 1523, 1163, 1936, 241, 774, 115, 1382, 372, 1486, 820, 1773, 1298, 393]",170,200,8,False,200
171,location,location,4,True,True,True,"{1: 106, 0: 10, 4: 84}","[816, 387, 1942, 2167, 2071, 1129, 1505, 284, 849, 2082, 791, 1493, 331, 784, 2028, 589, 1762, 143, 1020, 633, 1934, 2, 1484, 1118, 1372, 712, 535, 1734, 783, 1634, 1331, 2041, 256, 426, 1311, 675, 584, 1189, 351, 1755, 1575, 553, 722, 1369, 609, 101, 1365, 976, 765, 1702, 1096, 1374, 118, 1670, 713, 1380, 1989, 1746, 1748, 882, 1875, 1309, 434, 517, 261, 556, 2117, 1652, 790, 165, 1308, 1263, 1793, 133, 691, 2092, 67, 863, 442, 1277, 1084, 186, 1627, 529, 1485, 1719, 1021, 595, 1632, 1735, 1603, 242, 497, 1638, 1201, 2077, 1531, 646, 1598, 532, 469, 1016, 1503, 359, 62, 925, 1500, 311, 1459, 368, 108, 1179, 2129, 1502, 231, 1289, 312, 53, 1338, 678, 2119, 1643, 2120, 1245, 693, 2149, 1489, 874, 1395, 1467, 1002, 521, 662, 1937, 1999, 1487, 1624, 1303, 1212, 1110, 677, 799, 1070, 18, 1690, 44, 2139, 668, 1921, 1792, 197, 856, 667, 1528, 1975, 420, 1956, 659, 993, 636, 2080, 1711, 822, 1109, 886, 1922, 1916, 801, 875, 666, 1794, 979, 43, 325, 211, 1980, 1227, 2107, 2036, 612, 321, 1771, 1705, 634, 406, 1413, 1400, 1523, 1163, 1936, 241, 774, 115, 1382, 372, 1486, 820, 1773, 1298, 393]",171,200,8,False,200
172,entity,entity,1,True,True,True,"{1: 106, 0: 10, 4: 84}","[816, 387, 1942, 2167, 2071, 1129, 1505, 284, 849, 2082, 791, 1493, 331, 784, 2028, 589, 1762, 143, 1020, 633, 1934, 2, 1484, 1118, 1372, 712, 535, 1734, 783, 1634, 1331, 2041, 256, 426, 1311, 675, 584, 1189, 351, 1755, 1575, 553, 722, 1369, 609, 101, 1365, 976, 765, 1702, 1096, 1374, 118, 1670, 713, 1380, 1989, 1746, 1748, 882, 1875, 1309, 434, 517, 261, 556, 2117, 1652, 790, 165, 1308, 1263, 1793, 133, 691, 2092, 67, 863, 442, 1277, 1084, 186, 1627, 529, 1485, 1719, 1021, 595, 1632, 1735, 1603, 242, 497, 1638, 1201, 2077, 1531, 646, 1598, 532, 469, 1016, 1503, 359, 62, 925, 1500, 311, 1459, 368, 108, 1179, 2129, 1502, 231, 1289, 312, 53, 1338, 678, 2119, 1643, 2120, 1245, 693, 2149, 1489, 874, 1395, 1467, 1002, 521, 662, 1937, 1999, 1487, 1624, 1303, 1212, 1110, 677, 799, 1070, 18, 1690, 44, 2139, 668, 1921, 1792, 197, 856, 667, 1528, 1975, 420, 1956, 659, 993, 636, 2080, 1711, 822, 1109, 886, 1922, 1916, 801, 875, 666, 1794, 979, 43, 325, 211, 1980, 1227, 2107, 2036, 612, 321, 1771, 1705, 634, 406, 1413, 1400, 1523, 1163, 1936, 241, 774, 115, 1382, 372, 1486, 820, 1773, 1298, 393]",172,200,8,False,200
173,location,location,4,True,True,True,"{1: 106, 0: 10, 4: 84}","[816, 387, 1942, 2167, 2071, 1129, 1505, 284, 849, 2082, 791, 1493, 331, 784, 2028, 589, 1762, 143, 1020, 633, 1934, 2, 1484, 1118, 1372, 712, 535, 1734, 783, 1634, 1331, 2041, 256, 426, 1311, 675, 584, 1189, 351, 1755, 1575, 553, 722, 1369, 609, 101, 1365, 976, 765, 1702, 1096, 1374, 118, 1670, 713, 1380, 1989, 1746, 1748, 882, 1875, 1309, 434, 517, 261, 556, 2117, 1652, 790, 165, 1308, 1263, 1793, 133, 691, 2092, 67, 863, 442, 1277, 1084, 186, 1627, 529, 1485, 1719, 1021, 595, 1632, 1735, 1603, 242, 497, 1638, 1201, 2077, 1531, 646, 1598, 532, 469, 1016, 1503, 359, 62, 925, 1500, 311, 1459, 368, 108, 1179, 2129, 1502, 231, 1289, 312, 53, 1338, 678, 2119, 1643, 2120, 1245, 693, 2149, 1489, 874, 1395, 1467, 1002, 521, 662, 1937, 1999, 1487, 1624, 1303, 1212, 1110, 677, 799, 1070, 18, 1690, 44, 2139, 668, 1921, 1792, 197, 856, 667, 1528, 1975, 420, 1956, 659, 993, 636, 2080, 1711, 822, 1109, 886, 1922, 1916, 801, 875, 666, 1794, 979, 43, 325, 211, 1980, 1227, 2107, 2036, 612, 321, 1771, 1705, 634, 406, 1413, 1400, 1523, 1163, 1936, 241, 774, 115, 1382, 372, 1486, 820, 1773, 1298, 393]",173,200,8,False,200
174,entity,entity,1,True,True,True,"{1: 106, 0: 10, 4: 84}","[816, 387, 1942, 2167, 2071, 1129, 1505, 284, 849, 2082, 791, 1493, 331, 784, 2028, 589, 1762, 143, 1020, 633, 1934, 2, 1484, 1118, 1372, 712, 535, 1734, 783, 1634, 1331, 2041, 256, 426, 1311, 675, 584, 1189, 351, 1755, 1575, 553, 722, 1369, 609, 101, 1365, 976, 765, 1702, 1096, 1374, 118, 1670, 713, 1380, 1989, 1746, 1748, 882, 1875, 1309, 434, 517, 261, 556, 2117, 1652, 790, 165, 1308, 1263, 1793, 133, 691, 2092, 67, 863, 442, 1277, 1084, 186, 1627, 529, 1485, 1719, 1021, 595, 1632, 1735, 1603, 242, 497, 1638, 1201, 2077, 1531, 646, 1598, 532, 469, 1016, 1503, 359, 62, 925, 1500, 311, 1459, 368, 108, 1179, 2129, 1502, 231, 1289, 312, 53, 1338, 678, 2119, 1643, 2120, 1245, 693, 2149, 1489, 874, 1395, 1467, 1002, 521, 662, 1937, 1999, 1487, 1624, 1303, 1212, 1110, 677, 799, 1070, 18, 1690, 44, 2139, 668, 1921, 1792, 197, 856, 667, 1528, 1975, 420, 1956, 659, 993, 636, 2080, 1711, 822, 1109, 886, 1922, 1916, 801, 875, 666, 1794, 979, 43, 325, 211, 1980, 1227, 2107, 2036, 612, 321, 1771, 1705, 634, 406, 1413, 1400, 1523, 1163, 1936, 241, 774, 115, 1382, 372, 1486, 820, 1773, 1298, 393]",174,200,8,False,200
175,entity,entity,1,True,True,True,"{1: 106, 0: 10, 4: 84}","[816, 387, 1942, 2167, 2071, 1129, 1505, 284, 849, 2082, 791, 1493, 331, 784, 2028, 589, 1762, 143, 1020, 633, 1934, 2, 1484, 1118, 1372, 712, 535, 1734, 783, 1634, 1331, 2041, 256, 426, 1311, 675, 584, 1189, 351, 1755, 1575, 553, 722, 1369, 609, 101, 1365, 976, 765, 1702, 1096, 1374, 118, 1670, 713, 1380, 1989, 1746, 1748, 882, 1875, 1309, 434, 517, 261, 556, 2117, 1652, 790, 165, 1308, 1263, 1793, 133, 691, 2092, 67, 863, 442, 1277, 1084, 186, 1627, 529, 1485, 1719, 1021, 595, 1632, 1735, 1603, 242, 497, 1638, 1201, 2077, 1531, 646, 1598, 532, 469, 1016, 1503, 359, 62, 925, 1500, 311, 1459, 368, 108, 1179, 2129, 1502, 231, 1289, 312, 53, 1338, 678, 2119, 1643, 2120, 1245, 693, 2149, 1489, 874, 1395, 1467, 1002, 521, 662, 1937, 1999, 1487, 1624, 1303, 1212, 1110, 677, 799, 1070, 18, 1690, 44, 2139, 668, 1921, 1792, 197, 856, 667, 1528, 1975, 420, 1956, 659, 993, 636, 2080, 1711, 822, 1109, 886, 1922, 1916, 801, 875, 666, 1794, 979, 43, 325, 211, 1980, 1227, 2107, 2036, 612, 321, 1771, 1705, 634, 406, 1413, 1400, 1523, 1163, 1936, 241, 774, 115, 1382, 372, 1486, 820, 1773, 1298, 393]",175,200,8,False,200
176,entity,entity,1,True,True,True,"{1: 106, 0: 10, 4: 84}","[816, 387, 1942, 2167, 2071, 1129, 1505, 284, 849, 2082, 791, 1493, 331, 784, 2028, 589, 1762, 143, 1020, 633, 1934, 2, 1484, 1118, 1372, 712, 535, 1734, 783, 1634, 1331, 2041, 256, 426, 1311, 675, 584, 1189, 351, 1755, 1575, 553, 722, 1369, 609, 101, 1365, 976, 765, 1702, 1096, 1374, 118, 1670, 713, 1380, 1989, 1746, 1748, 882, 1875, 1309, 434, 517, 261, 556, 2117, 1652, 790, 165, 1308, 1263, 1793, 133, 691, 2092, 67, 863, 442, 1277, 1084, 186, 1627, 529, 1485, 1719, 1021, 595, 1632, 1735, 1603, 242, 497, 1638, 1201, 2077, 1531, 646, 1598, 532, 469, 1016, 1503, 359, 62, 925, 1500, 311, 1459, 368, 108, 1179, 2129, 1502, 231, 1289, 312, 53, 1338, 678, 2119, 1643, 2120, 1245, 693, 2149, 1489, 874, 1395, 1467, 1002, 521, 662, 1937, 1999, 1487, 1624, 1303, 1212, 1110, 677, 799, 1070, 18, 1690, 44, 2139, 668, 1921, 1792, 197, 856, 667, 1528, 1975, 420, 1956, 659, 993, 636, 2080, 1711, 822, 1109, 886, 1922, 1916, 801, 875, 666, 1794, 979, 43, 325, 211, 1980, 1227, 2107, 2036, 612, 321, 1771, 1705, 634, 406, 1413, 1400, 1523, 1163, 1936, 241, 774, 115, 1382, 372, 1486, 820, 1773, 1298, 393]",176,200,8,False,200
177,location,location,4,True,True,True,"{1: 106, 0: 10, 4: 84}","[816, 387, 1942, 2167, 2071, 1129, 1505, 284, 849, 2082, 791, 1493, 331, 784, 2028, 589, 1762, 143, 1020, 633, 1934, 2, 1484, 1118, 1372, 712, 535, 1734, 783, 1634, 1331, 2041, 256, 426, 1311, 675, 584, 1189, 351, 1755, 1575, 553, 722, 1369, 609, 101, 1365, 976, 765, 1702, 1096, 1374, 118, 1670, 713, 1380, 1989, 1746, 1748, 882, 1875, 1309, 434, 517, 261, 556, 2117, 1652, 790, 165, 1308, 1263, 1793, 133, 691, 2092, 67, 863, 442, 1277, 1084, 186, 1627, 529, 1485, 1719, 1021, 595, 1632, 1735, 1603, 242, 497, 1638, 1201, 2077, 1531, 646, 1598, 532, 469, 1016, 1503, 359, 62, 925, 1500, 311, 1459, 368, 108, 1179, 2129, 1502, 231, 1289, 312, 53, 1338, 678, 2119, 1643, 2120, 1245, 693, 2149, 1489, 874, 1395, 1467, 1002, 521, 662, 1937, 1999, 1487, 1624, 1303, 1212, 1110, 677, 799, 1070, 18, 1690, 44, 2139, 668, 1921, 1792, 197, 856, 667, 1528, 1975, 420, 1956, 659, 993, 636, 2080, 1711, 822, 1109, 886, 1922, 1916, 801, 875, 666, 1794, 979, 43, 325, 211, 1980, 1227, 2107, 2036, 612, 321, 1771, 1705, 634, 406, 1413, 1400, 1523, 1163, 1936, 241, 774, 115, 1382, 372, 1486, 820, 1773, 1298, 393]",177,200,8,False,200
178,location,location,4,True,True,True,"{1: 106, 0: 10, 4: 84}","[816, 387, 1942, 2167, 2071, 1129, 1505, 284, 849, 2082, 791, 1493, 331, 784, 2028, 589, 1762, 143, 1020, 633, 1934, 2, 1484, 1118, 1372, 712, 535, 1734, 783, 1634, 1331, 2041, 256, 426, 1311, 675, 584, 1189, 351, 1755, 1575, 553, 722, 1369, 609, 101, 1365, 976, 765, 1702, 1096, 1374, 118, 1670, 713, 1380, 1989, 1746, 1748, 882, 1875, 1309, 434, 517, 261, 556, 2117, 1652, 790, 165, 1308, 1263, 1793, 133, 691, 2092, 67, 863, 442, 1277, 1084, 186, 1627, 529, 1485, 1719, 1021, 595, 1632, 1735, 1603, 242, 497, 1638, 1201, 2077, 1531, 646, 1598, 532, 469, 1016, 1503, 359, 62, 925, 1500, 311, 1459, 368, 108, 1179, 2129, 1502, 231, 1289, 312, 53, 1338, 678, 2119, 1643, 2120, 1245, 693, 2149, 1489, 874, 1395, 1467, 1002, 521, 662, 1937, 1999, 1487, 1624, 1303, 1212, 1110, 677, 799, 1070, 18, 1690, 44, 2139, 668, 1921, 1792, 197, 856, 667, 1528, 1975, 420, 1956, 659, 993, 636, 2080, 1711, 822, 1109, 886, 1922, 1916, 801, 875, 666, 1794, 979, 43, 325, 211, 1980, 1227, 2107, 2036, 612, 321, 1771, 1705, 634, 406, 1413, 1400, 1523, 1163, 1936, 241, 774, 115, 1382, 372, 1486, 820, 1773, 1298, 393]",178,200,8,False,200
179,entity,entity,1,True,True,True,"{1: 106, 0: 10, 4: 84}","[816, 387, 1942, 2167, 2071, 1129, 1505, 284, 849, 2082, 791, 1493, 331, 784, 2028, 589, 1762, 143, 1020, 633, 1934, 2, 1484, 1118, 1372, 712, 535, 1734, 783, 1634, 1331, 2041, 256, 426, 1311, 675, 584, 1189, 351, 1755, 1575, 553, 722, 1369, 609, 101, 1365, 976, 765, 1702, 1096, 1374, 118, 1670, 713, 1380, 1989, 1746, 1748, 882, 1875, 1309, 434, 517, 261, 556, 2117, 1652, 790, 165, 1308, 1263, 1793, 133, 691, 2092, 67, 863, 442, 1277, 1084, 186, 1627, 529, 1485, 1719, 1021, 595, 1632, 1735, 1603, 242, 497, 1638, 1201, 2077, 1531, 646, 1598, 532, 469, 1016, 1503, 359, 62, 925, 1500, 311, 1459, 368, 108, 1179, 2129, 1502, 231, 1289, 312, 53, 1338, 678, 2119, 1643, 2120, 1245, 693, 2149, 1489, 874, 1395, 1467, 1002, 521, 662, 1937, 1999, 1487, 1624, 1303, 1212, 1110, 677, 799, 1070, 18, 1690, 44, 2139, 668, 1921, 1792, 197, 856, 667, 1528, 1975, 420, 1956, 659, 993, 636, 2080, 1711, 822, 1109, 886, 1922, 1916, 801, 875, 666, 1794, 979, 43, 325, 211, 1980, 1227, 2107, 2036, 612, 321, 1771, 1705, 634, 406, 1413, 1400, 1523, 1163, 1936, 241, 774, 115, 1382, 372, 1486, 820, 1773, 1298, 393]",179,200,8,False,200
181,entity,entity,1,True,True,True,"{1: 106, 0: 10, 4: 84}","[816, 387, 1942, 2167, 2071, 1129, 1505, 284, 849, 2082, 791, 1493, 331, 784, 2028, 589, 1762, 143, 1020, 633, 1934, 2, 1484, 1118, 1372, 712, 535, 1734, 783, 1634, 1331, 2041, 256, 426, 1311, 675, 584, 1189, 351, 1755, 1575, 553, 722, 1369, 609, 101, 1365, 976, 765, 1702, 1096, 1374, 118, 1670, 713, 1380, 1989, 1746, 1748, 882, 1875, 1309, 434, 517, 261, 556, 2117, 1652, 790, 165, 1308, 1263, 1793, 133, 691, 2092, 67, 863, 442, 1277, 1084, 186, 1627, 529, 1485, 1719, 1021, 595, 1632, 1735, 1603, 242, 497, 1638, 1201, 2077, 1531, 646, 1598, 532, 469, 1016, 1503, 359, 62, 925, 1500, 311, 1459, 368, 108, 1179, 2129, 1502, 231, 1289, 312, 53, 1338, 678, 2119, 1643, 2120, 1245, 693, 2149, 1489, 874, 1395, 1467, 1002, 521, 662, 1937, 1999, 1487, 1624, 1303, 1212, 1110, 677, 799, 1070, 18, 1690, 44, 2139, 668, 1921, 1792, 197, 856, 667, 1528, 1975, 420, 1956, 659, 993, 636, 2080, 1711, 822, 1109, 886, 1922, 1916, 801, 875, 666, 1794, 979, 43, 325, 211, 1980, 1227, 2107, 2036, 612, 321, 1771, 1705, 634, 406, 1413, 1400, 1523, 1163, 1936, 241, 774, 115, 1382, 372, 1486, 820, 1773, 1298, 393]",181,200,8,False,200
182,entity,entity,1,True,True,True,"{1: 106, 0: 10, 4: 84}","[816, 387, 1942, 2167, 2071, 1129, 1505, 284, 849, 2082, 791, 1493, 331, 784, 2028, 589, 1762, 143, 1020, 633, 1934, 2, 1484, 1118, 1372, 712, 535, 1734, 783, 1634, 1331, 2041, 256, 426, 1311, 675, 584, 1189, 351, 1755, 1575, 553, 722, 1369, 609, 101, 1365, 976, 765, 1702, 1096, 1374, 118, 1670, 713, 1380, 1989, 1746, 1748, 882, 1875, 1309, 434, 517, 261, 556, 2117, 1652, 790, 165, 1308, 1263, 1793, 133, 691, 2092, 67, 863, 442, 1277, 1084, 186, 1627, 529, 1485, 1719, 1021, 595, 1632, 1735, 1603, 242, 497, 1638, 1201, 2077, 1531, 646, 1598, 532, 469, 1016, 1503, 359, 62, 925, 1500, 311, 1459, 368, 108, 1179, 2129, 1502, 231, 1289, 312, 53, 1338, 678, 2119, 1643, 2120, 1245, 693, 2149, 1489, 874, 1395, 1467, 1002, 521, 662, 1937, 1999, 1487, 1624, 1303, 1212, 1110, 677, 799, 1070, 18, 1690, 44, 2139, 668, 1921, 1792, 197, 856, 667, 1528, 1975, 420, 1956, 659, 993, 636, 2080, 1711, 822, 1109, 886, 1922, 1916, 801, 875, 666, 1794, 979, 43, 325, 211, 1980, 1227, 2107, 2036, 612, 321, 1771, 1705, 634, 406, 1413, 1400, 1523, 1163, 1936, 241, 774, 115, 1382, 372, 1486, 820, 1773, 1298, 393]",182,200,8,False,200
183,entity,entity,1,True,True,True,"{1: 106, 0: 10, 4: 84}","[816, 387, 1942, 2167, 2071, 1129, 1505, 284, 849, 2082, 791, 1493, 331, 784, 2028, 589, 1762, 143, 1020, 633, 1934, 2, 1484, 1118, 1372, 712, 535, 1734, 783, 1634, 1331, 2041, 256, 426, 1311, 675, 584, 1189, 351, 1755, 1575, 553, 722, 1369, 609, 101, 1365, 976, 765, 1702, 1096, 1374, 118, 1670, 713, 1380, 1989, 1746, 1748, 882, 1875, 1309, 434, 517, 261, 556, 2117, 1652, 790, 165, 1308, 1263, 1793, 133, 691, 2092, 67, 863, 442, 1277, 1084, 186, 1627, 529, 1485, 1719, 1021, 595, 1632, 1735, 1603, 242, 497, 1638, 1201, 2077, 1531, 646, 1598, 532, 469, 1016, 1503, 359, 62, 925, 1500, 311, 1459, 368, 108, 1179, 2129, 1502, 231, 1289, 312, 53, 1338, 678, 2119, 1643, 2120, 1245, 693, 2149, 1489, 874, 1395, 1467, 1002, 521, 662, 1937, 1999, 1487, 1624, 1303, 1212, 1110, 677, 799, 1070, 18, 1690, 44, 2139, 668, 1921, 1792, 197, 856, 667, 1528, 1975, 420, 1956, 659, 993, 636, 2080, 1711, 822, 1109, 886, 1922, 1916, 801, 875, 666, 1794, 979, 43, 325, 211, 1980, 1227, 2107, 2036, 612, 321, 1771, 1705, 634, 406, 1413, 1400, 1523, 1163, 1936, 241, 774, 115, 1382, 372, 1486, 820, 1773, 1298, 393]",183,200,8,False,200
