,outputs,label_tokens,true_numeric_labels,true_label_present_in_prompt,correct,predicted_label_present_in_prompt,prompt_labels,prompt_example_indices,id,n_shots,run_number,unlimiformer,nspw
903,top up by card charge,supported,54,False,False,False,"{66: 2, 5: 1, 36: 1, 47: 1, 62: 1, 46: 1, 56: 2, 61: 1, 11: 2, 16: 1, 48: 1, 34: 2, 12: 2, 2: 1, 28: 1, 0: 1, 59: 4, 50: 1, 13: 1, 6: 1, 20: 1, 21: 1, 76: 1, 71: 2, 75: 1, 3: 1, 1: 1, 45: 1, 39: 1, 25: 1, 14: 1}","[17, 1668, 3364, 5653, 2131, 2721, 2497, 7761, 1906, 759, 1074, 3314, 748, 3422, 4828, 1835, 3959, 7966, 3818, 4479, 8137, 5872, 1748, 8594, 2155, 8950, 1191, 9697, 3221, 4489, 3752, 4322, 8277, 8599, 7894, 4224, 7915, 8514, 8702, 442]",903,40,6,False,20
1003,top up failed,top up revert,61,True,False,True,"{66: 2, 5: 1, 36: 1, 47: 1, 62: 1, 46: 1, 56: 2, 61: 1, 11: 2, 16: 1, 48: 1, 34: 2, 12: 2, 2: 1, 28: 1, 0: 1, 59: 4, 50: 1, 13: 1, 6: 1, 20: 1, 21: 1, 76: 1, 71: 2, 75: 1, 3: 1, 1: 1, 45: 1, 39: 1, 25: 1, 14: 1}","[17, 1668, 3364, 5653, 2131, 2721, 2497, 7761, 1906, 759, 1074, 3314, 748, 3422, 4828, 1835, 3959, 7966, 3818, 4479, 8137, 5872, 1748, 8594, 2155, 8950, 1191, 9697, 3221, 4489, 3752, 4322, 8277, 8599, 7894, 4224, 7915, 8514, 8702, 442]",1003,40,6,False,20
2953,card about to expire,card about,9,False,True,False,"{66: 2, 5: 1, 36: 1, 47: 1, 62: 1, 46: 1, 56: 2, 61: 1, 11: 2, 16: 1, 48: 1, 34: 2, 12: 2, 2: 1, 28: 1, 0: 1, 59: 4, 50: 1, 13: 1, 6: 1, 20: 1, 21: 1, 76: 1, 71: 2, 75: 1, 3: 1, 1: 1, 45: 1, 39: 1, 25: 1, 14: 1}","[17, 1668, 3364, 5653, 2131, 2721, 2497, 7761, 1906, 759, 1074, 3314, 748, 3422, 4828, 1835, 3959, 7966, 3818, 4479, 8137, 5872, 1748, 8594, 2155, 8950, 1191, 9697, 3221, 4489, 3752, 4322, 8277, 8599, 7894, 4224, 7915, 8514, 8702, 442]",2953,40,6,False,20
2979,apple pay or google pay,apple,2,True,True,False,"{66: 2, 5: 1, 36: 1, 47: 1, 62: 1, 46: 1, 56: 2, 61: 1, 11: 2, 16: 1, 48: 1, 34: 2, 12: 2, 2: 1, 28: 1, 0: 1, 59: 4, 50: 1, 13: 1, 6: 1, 20: 1, 21: 1, 76: 1, 71: 2, 75: 1, 3: 1, 1: 1, 45: 1, 39: 1, 25: 1, 14: 1}","[17, 1668, 3364, 5653, 2131, 2721, 2497, 7761, 1906, 759, 1074, 3314, 748, 3422, 4828, 1835, 3959, 7966, 3818, 4479, 8137, 5872, 1748, 8594, 2155, 8950, 1191, 9697, 3221, 4489, 3752, 4322, 8277, 8599, 7894, 4224, 7915, 8514, 8702, 442]",2979,40,6,False,20
1926,card not working,card sw,18,False,False,False,"{66: 2, 5: 1, 36: 1, 47: 1, 62: 1, 46: 1, 56: 2, 61: 1, 11: 2, 16: 1, 48: 1, 34: 2, 12: 2, 2: 1, 28: 1, 0: 1, 59: 4, 50: 1, 13: 1, 6: 1, 20: 1, 21: 1, 76: 1, 71: 2, 75: 1, 3: 1, 1: 1, 45: 1, 39: 1, 25: 1, 14: 1}","[17, 1668, 3364, 5653, 2131, 2721, 2497, 7761, 1906, 759, 1074, 3314, 748, 3422, 4828, 1835, 3959, 7966, 3818, 4479, 8137, 5872, 1748, 8594, 2155, 8950, 1191, 9697, 3221, 4489, 3752, 4322, 8277, 8599, 7894, 4224, 7915, 8514, 8702, 442]",1926,40,6,False,20
2137,change pin,change,21,True,True,False,"{66: 2, 5: 1, 36: 1, 47: 1, 62: 1, 46: 1, 56: 2, 61: 1, 11: 2, 16: 1, 48: 1, 34: 2, 12: 2, 2: 1, 28: 1, 0: 1, 59: 4, 50: 1, 13: 1, 6: 1, 20: 1, 21: 1, 76: 1, 71: 2, 75: 1, 3: 1, 1: 1, 45: 1, 39: 1, 25: 1, 14: 1}","[17, 1668, 3364, 5653, 2131, 2721, 2497, 7761, 1906, 759, 1074, 3314, 748, 3422, 4828, 1835, 3959, 7966, 3818, 4479, 8137, 5872, 1748, 8594, 2155, 8950, 1191, 9697, 3221, 4489, 3752, 4322, 8277, 8599, 7894, 4224, 7915, 8514, 8702, 442]",2137,40,6,False,20
2980,apple pay or google pay,apple,2,True,True,False,"{66: 2, 5: 1, 36: 1, 47: 1, 62: 1, 46: 1, 56: 2, 61: 1, 11: 2, 16: 1, 48: 1, 34: 2, 12: 2, 2: 1, 28: 1, 0: 1, 59: 4, 50: 1, 13: 1, 6: 1, 20: 1, 21: 1, 76: 1, 71: 2, 75: 1, 3: 1, 1: 1, 45: 1, 39: 1, 25: 1, 14: 1}","[17, 1668, 3364, 5653, 2131, 2721, 2497, 7761, 1906, 759, 1074, 3314, 748, 3422, 4828, 1835, 3959, 7966, 3818, 4479, 8137, 5872, 1748, 8594, 2155, 8950, 1191, 9697, 3221, 4489, 3752, 4322, 8277, 8599, 7894, 4224, 7915, 8514, 8702, 442]",2980,40,6,False,20
702,cancel transfer,cancel,8,False,True,False,"{66: 2, 5: 1, 36: 1, 47: 1, 62: 1, 46: 1, 56: 2, 61: 1, 11: 2, 16: 1, 48: 1, 34: 2, 12: 2, 2: 1, 28: 1, 0: 1, 59: 4, 50: 1, 13: 1, 6: 1, 20: 1, 21: 1, 76: 1, 71: 2, 75: 1, 3: 1, 1: 1, 45: 1, 39: 1, 25: 1, 14: 1}","[17, 1668, 3364, 5653, 2131, 2721, 2497, 7761, 1906, 759, 1074, 3314, 748, 3422, 4828, 1835, 3959, 7966, 3818, 4479, 8137, 5872, 1748, 8594, 2155, 8950, 1191, 9697, 3221, 4489, 3752, 4322, 8277, 8599, 7894, 4224, 7915, 8514, 8702, 442]",702,40,6,False,20
2493,card delivery estimate,order,43,False,False,False,"{66: 2, 5: 1, 36: 1, 47: 1, 62: 1, 46: 1, 56: 2, 61: 1, 11: 2, 16: 1, 48: 1, 34: 2, 12: 2, 2: 1, 28: 1, 0: 1, 59: 4, 50: 1, 13: 1, 6: 1, 20: 1, 21: 1, 76: 1, 71: 2, 75: 1, 3: 1, 1: 1, 45: 1, 39: 1, 25: 1, 14: 1}","[17, 1668, 3364, 5653, 2131, 2721, 2497, 7761, 1906, 759, 1074, 3314, 748, 3422, 4828, 1835, 3959, 7966, 3818, 4479, 8137, 5872, 1748, 8594, 2155, 8950, 1191, 9697, 3221, 4489, 3752, 4322, 8277, 8599, 7894, 4224, 7915, 8514, 8702, 442]",2493,40,6,False,20
2210,transfer fee charged,transfer fee,64,False,True,False,"{66: 2, 5: 1, 36: 1, 47: 1, 62: 1, 46: 1, 56: 2, 61: 1, 11: 2, 16: 1, 48: 1, 34: 2, 12: 2, 2: 1, 28: 1, 0: 1, 59: 4, 50: 1, 13: 1, 6: 1, 20: 1, 21: 1, 76: 1, 71: 2, 75: 1, 3: 1, 1: 1, 45: 1, 39: 1, 25: 1, 14: 1}","[17, 1668, 3364, 5653, 2131, 2721, 2497, 7761, 1906, 759, 1074, 3314, 748, 3422, 4828, 1835, 3959, 7966, 3818, 4479, 8137, 5872, 1748, 8594, 2155, 8950, 1191, 9697, 3221, 4489, 3752, 4322, 8277, 8599, 7894, 4224, 7915, 8514, 8702, 442]",2210,40,6,False,20
112,exchange rate,exchange rate,32,False,True,False,"{66: 2, 5: 1, 36: 1, 47: 1, 62: 1, 46: 1, 56: 2, 61: 1, 11: 2, 16: 1, 48: 1, 34: 2, 12: 2, 2: 1, 28: 1, 0: 1, 59: 4, 50: 1, 13: 1, 6: 1, 20: 1, 21: 1, 76: 1, 71: 2, 75: 1, 3: 1, 1: 1, 45: 1, 39: 1, 25: 1, 14: 1}","[17, 1668, 3364, 5653, 2131, 2721, 2497, 7761, 1906, 759, 1074, 3314, 748, 3422, 4828, 1835, 3959, 7966, 3818, 4479, 8137, 5872, 1748, 8594, 2155, 8950, 1191, 9697, 3221, 4489, 3752, 4322, 8277, 8599, 7894, 4224, 7915, 8514, 8702, 442]",112,40,6,False,20
2909,cash withdrawal charge,cash withdrawal charge,19,False,True,False,"{66: 2, 5: 1, 36: 1, 47: 1, 62: 1, 46: 1, 56: 2, 61: 1, 11: 2, 16: 1, 48: 1, 34: 2, 12: 2, 2: 1, 28: 1, 0: 1, 59: 4, 50: 1, 13: 1, 6: 1, 20: 1, 21: 1, 76: 1, 71: 2, 75: 1, 3: 1, 1: 1, 45: 1, 39: 1, 25: 1, 14: 1}","[17, 1668, 3364, 5653, 2131, 2721, 2497, 7761, 1906, 759, 1074, 3314, 748, 3422, 4828, 1835, 3959, 7966, 3818, 4479, 8137, 5872, 1748, 8594, 2155, 8950, 1191, 9697, 3221, 4489, 3752, 4322, 8277, 8599, 7894, 4224, 7915, 8514, 8702, 442]",2909,40,6,False,20
1987,card payment not recognised,transaction,63,False,False,False,"{66: 2, 5: 1, 36: 1, 47: 1, 62: 1, 46: 1, 56: 2, 61: 1, 11: 2, 16: 1, 48: 1, 34: 2, 12: 2, 2: 1, 28: 1, 0: 1, 59: 4, 50: 1, 13: 1, 6: 1, 20: 1, 21: 1, 76: 1, 71: 2, 75: 1, 3: 1, 1: 1, 45: 1, 39: 1, 25: 1, 14: 1}","[17, 1668, 3364, 5653, 2131, 2721, 2497, 7761, 1906, 759, 1074, 3314, 748, 3422, 4828, 1835, 3959, 7966, 3818, 4479, 8137, 5872, 1748, 8594, 2155, 8950, 1191, 9697, 3221, 4489, 3752, 4322, 8277, 8599, 7894, 4224, 7915, 8514, 8702, 442]",1987,40,6,False,20
1283,card payment not recognised,vis,73,False,False,False,"{66: 2, 5: 1, 36: 1, 47: 1, 62: 1, 46: 1, 56: 2, 61: 1, 11: 2, 16: 1, 48: 1, 34: 2, 12: 2, 2: 1, 28: 1, 0: 1, 59: 4, 50: 1, 13: 1, 6: 1, 20: 1, 21: 1, 76: 1, 71: 2, 75: 1, 3: 1, 1: 1, 45: 1, 39: 1, 25: 1, 14: 1}","[17, 1668, 3364, 5653, 2131, 2721, 2497, 7761, 1906, 759, 1074, 3314, 748, 3422, 4828, 1835, 3959, 7966, 3818, 4479, 8137, 5872, 1748, 8594, 2155, 8950, 1191, 9697, 3221, 4489, 3752, 4322, 8277, 8599, 7894, 4224, 7915, 8514, 8702, 442]",1283,40,6,False,20
1539,passcode forgotten,pass,44,False,True,False,"{66: 2, 5: 1, 36: 1, 47: 1, 62: 1, 46: 1, 56: 2, 61: 1, 11: 2, 16: 1, 48: 1, 34: 2, 12: 2, 2: 1, 28: 1, 0: 1, 59: 4, 50: 1, 13: 1, 6: 1, 20: 1, 21: 1, 76: 1, 71: 2, 75: 1, 3: 1, 1: 1, 45: 1, 39: 1, 25: 1, 14: 1}","[17, 1668, 3364, 5653, 2131, 2721, 2497, 7761, 1906, 759, 1074, 3314, 748, 3422, 4828, 1835, 3959, 7966, 3818, 4479, 8137, 5872, 1748, 8594, 2155, 8950, 1191, 9697, 3221, 4489, 3752, 4322, 8277, 8599, 7894, 4224, 7915, 8514, 8702, 442]",1539,40,6,False,20
2879,activate my card,activ,0,True,True,False,"{66: 2, 5: 1, 36: 1, 47: 1, 62: 1, 46: 1, 56: 2, 61: 1, 11: 2, 16: 1, 48: 1, 34: 2, 12: 2, 2: 1, 28: 1, 0: 1, 59: 4, 50: 1, 13: 1, 6: 1, 20: 1, 21: 1, 76: 1, 71: 2, 75: 1, 3: 1, 1: 1, 45: 1, 39: 1, 25: 1, 14: 1}","[17, 1668, 3364, 5653, 2131, 2721, 2497, 7761, 1906, 759, 1074, 3314, 748, 3422, 4828, 1835, 3959, 7966, 3818, 4479, 8137, 5872, 1748, 8594, 2155, 8950, 1191, 9697, 3221, 4489, 3752, 4322, 8277, 8599, 7894, 4224, 7915, 8514, 8702, 442]",2879,40,6,False,20
1158,change pin,edit,30,False,False,False,"{66: 2, 5: 1, 36: 1, 47: 1, 62: 1, 46: 1, 56: 2, 61: 1, 11: 2, 16: 1, 48: 1, 34: 2, 12: 2, 2: 1, 28: 1, 0: 1, 59: 4, 50: 1, 13: 1, 6: 1, 20: 1, 21: 1, 76: 1, 71: 2, 75: 1, 3: 1, 1: 1, 45: 1, 39: 1, 25: 1, 14: 1}","[17, 1668, 3364, 5653, 2131, 2721, 2497, 7761, 1906, 759, 1074, 3314, 748, 3422, 4828, 1835, 3959, 7966, 3818, 4479, 8137, 5872, 1748, 8594, 2155, 8950, 1191, 9697, 3221, 4489, 3752, 4322, 8277, 8599, 7894, 4224, 7915, 8514, 8702, 442]",1158,40,6,False,20
1376,disposable card limits,dispos,29,False,True,False,"{66: 2, 5: 1, 36: 1, 47: 1, 62: 1, 46: 1, 56: 2, 61: 1, 11: 2, 16: 1, 48: 1, 34: 2, 12: 2, 2: 1, 28: 1, 0: 1, 59: 4, 50: 1, 13: 1, 6: 1, 20: 1, 21: 1, 76: 1, 71: 2, 75: 1, 3: 1, 1: 1, 45: 1, 39: 1, 25: 1, 14: 1}","[17, 1668, 3364, 5653, 2131, 2721, 2497, 7761, 1906, 759, 1074, 3314, 748, 3422, 4828, 1835, 3959, 7966, 3818, 4479, 8137, 5872, 1748, 8594, 2155, 8950, 1191, 9697, 3221, 4489, 3752, 4322, 8277, 8599, 7894, 4224, 7915, 8514, 8702, 442]",1376,40,6,False,20
1517,extra charge on statement,direct,28,True,False,False,"{66: 2, 5: 1, 36: 1, 47: 1, 62: 1, 46: 1, 56: 2, 61: 1, 11: 2, 16: 1, 48: 1, 34: 2, 12: 2, 2: 1, 28: 1, 0: 1, 59: 4, 50: 1, 13: 1, 6: 1, 20: 1, 21: 1, 76: 1, 71: 2, 75: 1, 3: 1, 1: 1, 45: 1, 39: 1, 25: 1, 14: 1}","[17, 1668, 3364, 5653, 2131, 2721, 2497, 7761, 1906, 759, 1074, 3314, 748, 3422, 4828, 1835, 3959, 7966, 3818, 4479, 8137, 5872, 1748, 8594, 2155, 8950, 1191, 9697, 3221, 4489, 3752, 4322, 8277, 8599, 7894, 4224, 7915, 8514, 8702, 442]",1517,40,6,False,20
1171,pending card payment,why,74,False,False,False,"{66: 2, 5: 1, 36: 1, 47: 1, 62: 1, 46: 1, 56: 2, 61: 1, 11: 2, 16: 1, 48: 1, 34: 2, 12: 2, 2: 1, 28: 1, 0: 1, 59: 4, 50: 1, 13: 1, 6: 1, 20: 1, 21: 1, 76: 1, 71: 2, 75: 1, 3: 1, 1: 1, 45: 1, 39: 1, 25: 1, 14: 1}","[17, 1668, 3364, 5653, 2131, 2721, 2497, 7761, 1906, 759, 1074, 3314, 748, 3422, 4828, 1835, 3959, 7966, 3818, 4479, 8137, 5872, 1748, 8594, 2155, 8950, 1191, 9697, 3221, 4489, 3752, 4322, 8277, 8599, 7894, 4224, 7915, 8514, 8702, 442]",1171,40,6,False,20
2242,receiving money,receiving,50,True,True,False,"{66: 2, 5: 1, 36: 1, 47: 1, 62: 1, 46: 1, 56: 2, 61: 1, 11: 2, 16: 1, 48: 1, 34: 2, 12: 2, 2: 1, 28: 1, 0: 1, 59: 4, 50: 1, 13: 1, 6: 1, 20: 1, 21: 1, 76: 1, 71: 2, 75: 1, 3: 1, 1: 1, 45: 1, 39: 1, 25: 1, 14: 1}","[17, 1668, 3364, 5653, 2131, 2721, 2497, 7761, 1906, 759, 1074, 3314, 748, 3422, 4828, 1835, 3959, 7966, 3818, 4479, 8137, 5872, 1748, 8594, 2155, 8950, 1191, 9697, 3221, 4489, 3752, 4322, 8277, 8599, 7894, 4224, 7915, 8514, 8702, 442]",2242,40,6,False,20
1476,atm support,at,3,True,True,False,"{66: 2, 5: 1, 36: 1, 47: 1, 62: 1, 46: 1, 56: 2, 61: 1, 11: 2, 16: 1, 48: 1, 34: 2, 12: 2, 2: 1, 28: 1, 0: 1, 59: 4, 50: 1, 13: 1, 6: 1, 20: 1, 21: 1, 76: 1, 71: 2, 75: 1, 3: 1, 1: 1, 45: 1, 39: 1, 25: 1, 14: 1}","[17, 1668, 3364, 5653, 2131, 2721, 2497, 7761, 1906, 759, 1074, 3314, 748, 3422, 4828, 1835, 3959, 7966, 3818, 4479, 8137, 5872, 1748, 8594, 2155, 8950, 1191, 9697, 3221, 4489, 3752, 4322, 8277, 8599, 7894, 4224, 7915, 8514, 8702, 442]",1476,40,6,False,20
237,atm support,pending c,46,True,False,False,"{66: 2, 5: 1, 36: 1, 47: 1, 62: 1, 46: 1, 56: 2, 61: 1, 11: 2, 16: 1, 48: 1, 34: 2, 12: 2, 2: 1, 28: 1, 0: 1, 59: 4, 50: 1, 13: 1, 6: 1, 20: 1, 21: 1, 76: 1, 71: 2, 75: 1, 3: 1, 1: 1, 45: 1, 39: 1, 25: 1, 14: 1}","[17, 1668, 3364, 5653, 2131, 2721, 2497, 7761, 1906, 759, 1074, 3314, 748, 3422, 4828, 1835, 3959, 7966, 3818, 4479, 8137, 5872, 1748, 8594, 2155, 8950, 1191, 9697, 3221, 4489, 3752, 4322, 8277, 8599, 7894, 4224, 7915, 8514, 8702, 442]",237,40,6,False,20
1650,lost or stolen card,lost or stolen phone,42,False,False,False,"{66: 2, 5: 1, 36: 1, 47: 1, 62: 1, 46: 1, 56: 2, 61: 1, 11: 2, 16: 1, 48: 1, 34: 2, 12: 2, 2: 1, 28: 1, 0: 1, 59: 4, 50: 1, 13: 1, 6: 1, 20: 1, 21: 1, 76: 1, 71: 2, 75: 1, 3: 1, 1: 1, 45: 1, 39: 1, 25: 1, 14: 1}","[17, 1668, 3364, 5653, 2131, 2721, 2497, 7761, 1906, 759, 1074, 3314, 748, 3422, 4828, 1835, 3959, 7966, 3818, 4479, 8137, 5872, 1748, 8594, 2155, 8950, 1191, 9697, 3221, 4489, 3752, 4322, 8277, 8599, 7894, 4224, 7915, 8514, 8702, 442]",1650,40,6,False,20
2484,card delivery estimate,order,43,False,False,False,"{66: 2, 5: 1, 36: 1, 47: 1, 62: 1, 46: 1, 56: 2, 61: 1, 11: 2, 16: 1, 48: 1, 34: 2, 12: 2, 2: 1, 28: 1, 0: 1, 59: 4, 50: 1, 13: 1, 6: 1, 20: 1, 21: 1, 76: 1, 71: 2, 75: 1, 3: 1, 1: 1, 45: 1, 39: 1, 25: 1, 14: 1}","[17, 1668, 3364, 5653, 2131, 2721, 2497, 7761, 1906, 759, 1074, 3314, 748, 3422, 4828, 1835, 3959, 7966, 3818, 4479, 8137, 5872, 1748, 8594, 2155, 8950, 1191, 9697, 3221, 4489, 3752, 4322, 8277, 8599, 7894, 4224, 7915, 8514, 8702, 442]",2484,40,6,False,20
2105,card not working,revert,53,False,False,False,"{66: 2, 5: 1, 36: 1, 47: 1, 62: 1, 46: 1, 56: 2, 61: 1, 11: 2, 16: 1, 48: 1, 34: 2, 12: 2, 2: 1, 28: 1, 0: 1, 59: 4, 50: 1, 13: 1, 6: 1, 20: 1, 21: 1, 76: 1, 71: 2, 75: 1, 3: 1, 1: 1, 45: 1, 39: 1, 25: 1, 14: 1}","[17, 1668, 3364, 5653, 2131, 2721, 2497, 7761, 1906, 759, 1074, 3314, 748, 3422, 4828, 1835, 3959, 7966, 3818, 4479, 8137, 5872, 1748, 8594, 2155, 8950, 1191, 9697, 3221, 4489, 3752, 4322, 8277, 8599, 7894, 4224, 7915, 8514, 8702, 442]",2105,40,6,False,20
2121,change pin,change,21,True,True,False,"{66: 2, 5: 1, 36: 1, 47: 1, 62: 1, 46: 1, 56: 2, 61: 1, 11: 2, 16: 1, 48: 1, 34: 2, 12: 2, 2: 1, 28: 1, 0: 1, 59: 4, 50: 1, 13: 1, 6: 1, 20: 1, 21: 1, 76: 1, 71: 2, 75: 1, 3: 1, 1: 1, 45: 1, 39: 1, 25: 1, 14: 1}","[17, 1668, 3364, 5653, 2131, 2721, 2497, 7761, 1906, 759, 1074, 3314, 748, 3422, 4828, 1835, 3959, 7966, 3818, 4479, 8137, 5872, 1748, 8594, 2155, 8950, 1191, 9697, 3221, 4489, 3752, 4322, 8277, 8599, 7894, 4224, 7915, 8514, 8702, 442]",2121,40,6,False,20
1452,atm support,at,3,True,True,False,"{66: 2, 5: 1, 36: 1, 47: 1, 62: 1, 46: 1, 56: 2, 61: 1, 11: 2, 16: 1, 48: 1, 34: 2, 12: 2, 2: 1, 28: 1, 0: 1, 59: 4, 50: 1, 13: 1, 6: 1, 20: 1, 21: 1, 76: 1, 71: 2, 75: 1, 3: 1, 1: 1, 45: 1, 39: 1, 25: 1, 14: 1}","[17, 1668, 3364, 5653, 2131, 2721, 2497, 7761, 1906, 759, 1074, 3314, 748, 3422, 4828, 1835, 3959, 7966, 3818, 4479, 8137, 5872, 1748, 8594, 2155, 8950, 1191, 9697, 3221, 4489, 3752, 4322, 8277, 8599, 7894, 4224, 7915, 8514, 8702, 442]",1452,40,6,False,20
274,supported cards and currencies,fi,36,True,False,False,"{66: 2, 5: 1, 36: 1, 47: 1, 62: 1, 46: 1, 56: 2, 61: 1, 11: 2, 16: 1, 48: 1, 34: 2, 12: 2, 2: 1, 28: 1, 0: 1, 59: 4, 50: 1, 13: 1, 6: 1, 20: 1, 21: 1, 76: 1, 71: 2, 75: 1, 3: 1, 1: 1, 45: 1, 39: 1, 25: 1, 14: 1}","[17, 1668, 3364, 5653, 2131, 2721, 2497, 7761, 1906, 759, 1074, 3314, 748, 3422, 4828, 1835, 3959, 7966, 3818, 4479, 8137, 5872, 1748, 8594, 2155, 8950, 1191, 9697, 3221, 4489, 3752, 4322, 8277, 8599, 7894, 4224, 7915, 8514, 8702, 442]",274,40,6,False,20
564,contactless not working,contact,23,False,True,False,"{66: 2, 5: 1, 36: 1, 47: 1, 62: 1, 46: 1, 56: 2, 61: 1, 11: 2, 16: 1, 48: 1, 34: 2, 12: 2, 2: 1, 28: 1, 0: 1, 59: 4, 50: 1, 13: 1, 6: 1, 20: 1, 21: 1, 76: 1, 71: 2, 75: 1, 3: 1, 1: 1, 45: 1, 39: 1, 25: 1, 14: 1}","[17, 1668, 3364, 5653, 2131, 2721, 2497, 7761, 1906, 759, 1074, 3314, 748, 3422, 4828, 1835, 3959, 7966, 3818, 4479, 8137, 5872, 1748, 8594, 2155, 8950, 1191, 9697, 3221, 4489, 3752, 4322, 8277, 8599, 7894, 4224, 7915, 8514, 8702, 442]",564,40,6,False,20
905,card payment not recognised,supported,54,False,False,False,"{66: 2, 5: 1, 36: 1, 47: 1, 62: 1, 46: 1, 56: 2, 61: 1, 11: 2, 16: 1, 48: 1, 34: 2, 12: 2, 2: 1, 28: 1, 0: 1, 59: 4, 50: 1, 13: 1, 6: 1, 20: 1, 21: 1, 76: 1, 71: 2, 75: 1, 3: 1, 1: 1, 45: 1, 39: 1, 25: 1, 14: 1}","[17, 1668, 3364, 5653, 2131, 2721, 2497, 7761, 1906, 759, 1074, 3314, 748, 3422, 4828, 1835, 3959, 7966, 3818, 4479, 8137, 5872, 1748, 8594, 2155, 8950, 1191, 9697, 3221, 4489, 3752, 4322, 8277, 8599, 7894, 4224, 7915, 8514, 8702, 442]",905,40,6,False,20
1535,card delivery estimate,pass,44,False,False,False,"{66: 2, 5: 1, 36: 1, 47: 1, 62: 1, 46: 1, 56: 2, 61: 1, 11: 2, 16: 1, 48: 1, 34: 2, 12: 2, 2: 1, 28: 1, 0: 1, 59: 4, 50: 1, 13: 1, 6: 1, 20: 1, 21: 1, 76: 1, 71: 2, 75: 1, 3: 1, 1: 1, 45: 1, 39: 1, 25: 1, 14: 1}","[17, 1668, 3364, 5653, 2131, 2721, 2497, 7761, 1906, 759, 1074, 3314, 748, 3422, 4828, 1835, 3959, 7966, 3818, 4479, 8137, 5872, 1748, 8594, 2155, 8950, 1191, 9697, 3221, 4489, 3752, 4322, 8277, 8599, 7894, 4224, 7915, 8514, 8702, 442]",1535,40,6,False,20
2113,reverted card payment?,revert,53,False,True,False,"{66: 2, 5: 1, 36: 1, 47: 1, 62: 1, 46: 1, 56: 2, 61: 1, 11: 2, 16: 1, 48: 1, 34: 2, 12: 2, 2: 1, 28: 1, 0: 1, 59: 4, 50: 1, 13: 1, 6: 1, 20: 1, 21: 1, 76: 1, 71: 2, 75: 1, 3: 1, 1: 1, 45: 1, 39: 1, 25: 1, 14: 1}","[17, 1668, 3364, 5653, 2131, 2721, 2497, 7761, 1906, 759, 1074, 3314, 748, 3422, 4828, 1835, 3959, 7966, 3818, 4479, 8137, 5872, 1748, 8594, 2155, 8950, 1191, 9697, 3221, 4489, 3752, 4322, 8277, 8599, 7894, 4224, 7915, 8514, 8702, 442]",2113,40,6,False,20
2142,change pin,change,21,True,True,False,"{66: 2, 5: 1, 36: 1, 47: 1, 62: 1, 46: 1, 56: 2, 61: 1, 11: 2, 16: 1, 48: 1, 34: 2, 12: 2, 2: 1, 28: 1, 0: 1, 59: 4, 50: 1, 13: 1, 6: 1, 20: 1, 21: 1, 76: 1, 71: 2, 75: 1, 3: 1, 1: 1, 45: 1, 39: 1, 25: 1, 14: 1}","[17, 1668, 3364, 5653, 2131, 2721, 2497, 7761, 1906, 759, 1074, 3314, 748, 3422, 4828, 1835, 3959, 7966, 3818, 4479, 8137, 5872, 1748, 8594, 2155, 8950, 1191, 9697, 3221, 4489, 3752, 4322, 8277, 8599, 7894, 4224, 7915, 8514, 8702, 442]",2142,40,6,False,20
2965,apple pay or google pay,apple,2,True,True,False,"{66: 2, 5: 1, 36: 1, 47: 1, 62: 1, 46: 1, 56: 2, 61: 1, 11: 2, 16: 1, 48: 1, 34: 2, 12: 2, 2: 1, 28: 1, 0: 1, 59: 4, 50: 1, 13: 1, 6: 1, 20: 1, 21: 1, 76: 1, 71: 2, 75: 1, 3: 1, 1: 1, 45: 1, 39: 1, 25: 1, 14: 1}","[17, 1668, 3364, 5653, 2131, 2721, 2497, 7761, 1906, 759, 1074, 3314, 748, 3422, 4828, 1835, 3959, 7966, 3818, 4479, 8137, 5872, 1748, 8594, 2155, 8950, 1191, 9697, 3221, 4489, 3752, 4322, 8277, 8599, 7894, 4224, 7915, 8514, 8702, 442]",2965,40,6,False,20
1834,card payment not recognised,declined card,25,True,False,False,"{66: 2, 5: 1, 36: 1, 47: 1, 62: 1, 46: 1, 56: 2, 61: 1, 11: 2, 16: 1, 48: 1, 34: 2, 12: 2, 2: 1, 28: 1, 0: 1, 59: 4, 50: 1, 13: 1, 6: 1, 20: 1, 21: 1, 76: 1, 71: 2, 75: 1, 3: 1, 1: 1, 45: 1, 39: 1, 25: 1, 14: 1}","[17, 1668, 3364, 5653, 2131, 2721, 2497, 7761, 1906, 759, 1074, 3314, 748, 3422, 4828, 1835, 3959, 7966, 3818, 4479, 8137, 5872, 1748, 8594, 2155, 8950, 1191, 9697, 3221, 4489, 3752, 4322, 8277, 8599, 7894, 4224, 7915, 8514, 8702, 442]",1834,40,6,False,20
1549,change pin,pass,44,False,False,False,"{66: 2, 5: 1, 36: 1, 47: 1, 62: 1, 46: 1, 56: 2, 61: 1, 11: 2, 16: 1, 48: 1, 34: 2, 12: 2, 2: 1, 28: 1, 0: 1, 59: 4, 50: 1, 13: 1, 6: 1, 20: 1, 21: 1, 76: 1, 71: 2, 75: 1, 3: 1, 1: 1, 45: 1, 39: 1, 25: 1, 14: 1}","[17, 1668, 3364, 5653, 2131, 2721, 2497, 7761, 1906, 759, 1074, 3314, 748, 3422, 4828, 1835, 3959, 7966, 3818, 4479, 8137, 5872, 1748, 8594, 2155, 8950, 1191, 9697, 3221, 4489, 3752, 4322, 8277, 8599, 7894, 4224, 7915, 8514, 8702, 442]",1549,40,6,False,20
1320,top up by card charge,to,62,True,False,False,"{66: 2, 5: 1, 36: 1, 47: 1, 62: 1, 46: 1, 56: 2, 61: 1, 11: 2, 16: 1, 48: 1, 34: 2, 12: 2, 2: 1, 28: 1, 0: 1, 59: 4, 50: 1, 13: 1, 6: 1, 20: 1, 21: 1, 76: 1, 71: 2, 75: 1, 3: 1, 1: 1, 45: 1, 39: 1, 25: 1, 14: 1}","[17, 1668, 3364, 5653, 2131, 2721, 2497, 7761, 1906, 759, 1074, 3314, 748, 3422, 4828, 1835, 3959, 7966, 3818, 4479, 8137, 5872, 1748, 8594, 2155, 8950, 1191, 9697, 3221, 4489, 3752, 4322, 8277, 8599, 7894, 4224, 7915, 8514, 8702, 442]",1320,40,6,False,20
2421,extra charge on statement,getting spare,39,True,False,False,"{66: 2, 5: 1, 36: 1, 47: 1, 62: 1, 46: 1, 56: 2, 61: 1, 11: 2, 16: 1, 48: 1, 34: 2, 12: 2, 2: 1, 28: 1, 0: 1, 59: 4, 50: 1, 13: 1, 6: 1, 20: 1, 21: 1, 76: 1, 71: 2, 75: 1, 3: 1, 1: 1, 45: 1, 39: 1, 25: 1, 14: 1}","[17, 1668, 3364, 5653, 2131, 2721, 2497, 7761, 1906, 759, 1074, 3314, 748, 3422, 4828, 1835, 3959, 7966, 3818, 4479, 8137, 5872, 1748, 8594, 2155, 8950, 1191, 9697, 3221, 4489, 3752, 4322, 8277, 8599, 7894, 4224, 7915, 8514, 8702, 442]",2421,40,6,False,20
2784,exchange rate,exchange charge,31,False,False,False,"{66: 2, 5: 1, 36: 1, 47: 1, 62: 1, 46: 1, 56: 2, 61: 1, 11: 2, 16: 1, 48: 1, 34: 2, 12: 2, 2: 1, 28: 1, 0: 1, 59: 4, 50: 1, 13: 1, 6: 1, 20: 1, 21: 1, 76: 1, 71: 2, 75: 1, 3: 1, 1: 1, 45: 1, 39: 1, 25: 1, 14: 1}","[17, 1668, 3364, 5653, 2131, 2721, 2497, 7761, 1906, 759, 1074, 3314, 748, 3422, 4828, 1835, 3959, 7966, 3818, 4479, 8137, 5872, 1748, 8594, 2155, 8950, 1191, 9697, 3221, 4489, 3752, 4322, 8277, 8599, 7894, 4224, 7915, 8514, 8702, 442]",2784,40,6,False,20
768,wrong amount of cash received,wrong amount,75,True,True,False,"{66: 2, 5: 1, 36: 1, 47: 1, 62: 1, 46: 1, 56: 2, 61: 1, 11: 2, 16: 1, 48: 1, 34: 2, 12: 2, 2: 1, 28: 1, 0: 1, 59: 4, 50: 1, 13: 1, 6: 1, 20: 1, 21: 1, 76: 1, 71: 2, 75: 1, 3: 1, 1: 1, 45: 1, 39: 1, 25: 1, 14: 1}","[17, 1668, 3364, 5653, 2131, 2721, 2497, 7761, 1906, 759, 1074, 3314, 748, 3422, 4828, 1835, 3959, 7966, 3818, 4479, 8137, 5872, 1748, 8594, 2155, 8950, 1191, 9697, 3221, 4489, 3752, 4322, 8277, 8599, 7894, 4224, 7915, 8514, 8702, 442]",768,40,6,False,20
2472,top up by bank transfer charge,top up by c,58,False,False,False,"{66: 2, 5: 1, 36: 1, 47: 1, 62: 1, 46: 1, 56: 2, 61: 1, 11: 2, 16: 1, 48: 1, 34: 2, 12: 2, 2: 1, 28: 1, 0: 1, 59: 4, 50: 1, 13: 1, 6: 1, 20: 1, 21: 1, 76: 1, 71: 2, 75: 1, 3: 1, 1: 1, 45: 1, 39: 1, 25: 1, 14: 1}","[17, 1668, 3364, 5653, 2131, 2721, 2497, 7761, 1906, 759, 1074, 3314, 748, 3422, 4828, 1835, 3959, 7966, 3818, 4479, 8137, 5872, 1748, 8594, 2155, 8950, 1191, 9697, 3221, 4489, 3752, 4322, 8277, 8599, 7894, 4224, 7915, 8514, 8702, 442]",2472,40,6,False,20
2154,change pin,change,21,True,True,False,"{66: 2, 5: 1, 36: 1, 47: 1, 62: 1, 46: 1, 56: 2, 61: 1, 11: 2, 16: 1, 48: 1, 34: 2, 12: 2, 2: 1, 28: 1, 0: 1, 59: 4, 50: 1, 13: 1, 6: 1, 20: 1, 21: 1, 76: 1, 71: 2, 75: 1, 3: 1, 1: 1, 45: 1, 39: 1, 25: 1, 14: 1}","[17, 1668, 3364, 5653, 2131, 2721, 2497, 7761, 1906, 759, 1074, 3314, 748, 3422, 4828, 1835, 3959, 7966, 3818, 4479, 8137, 5872, 1748, 8594, 2155, 8950, 1191, 9697, 3221, 4489, 3752, 4322, 8277, 8599, 7894, 4224, 7915, 8514, 8702, 442]",2154,40,6,False,20
795,wrong amount of cash received,wrong amount,75,True,True,False,"{66: 2, 5: 1, 36: 1, 47: 1, 62: 1, 46: 1, 56: 2, 61: 1, 11: 2, 16: 1, 48: 1, 34: 2, 12: 2, 2: 1, 28: 1, 0: 1, 59: 4, 50: 1, 13: 1, 6: 1, 20: 1, 21: 1, 76: 1, 71: 2, 75: 1, 3: 1, 1: 1, 45: 1, 39: 1, 25: 1, 14: 1}","[17, 1668, 3364, 5653, 2131, 2721, 2497, 7761, 1906, 759, 1074, 3314, 748, 3422, 4828, 1835, 3959, 7966, 3818, 4479, 8137, 5872, 1748, 8594, 2155, 8950, 1191, 9697, 3221, 4489, 3752, 4322, 8277, 8599, 7894, 4224, 7915, 8514, 8702, 442]",795,40,6,False,20
1278,card not working,get physical,38,False,False,False,"{66: 2, 5: 1, 36: 1, 47: 1, 62: 1, 46: 1, 56: 2, 61: 1, 11: 2, 16: 1, 48: 1, 34: 2, 12: 2, 2: 1, 28: 1, 0: 1, 59: 4, 50: 1, 13: 1, 6: 1, 20: 1, 21: 1, 76: 1, 71: 2, 75: 1, 3: 1, 1: 1, 45: 1, 39: 1, 25: 1, 14: 1}","[17, 1668, 3364, 5653, 2131, 2721, 2497, 7761, 1906, 759, 1074, 3314, 748, 3422, 4828, 1835, 3959, 7966, 3818, 4479, 8137, 5872, 1748, 8594, 2155, 8950, 1191, 9697, 3221, 4489, 3752, 4322, 8277, 8599, 7894, 4224, 7915, 8514, 8702, 442]",1278,40,6,False,20
1494,direct debit payment not recognised,direct,28,True,True,False,"{66: 2, 5: 1, 36: 1, 47: 1, 62: 1, 46: 1, 56: 2, 61: 1, 11: 2, 16: 1, 48: 1, 34: 2, 12: 2, 2: 1, 28: 1, 0: 1, 59: 4, 50: 1, 13: 1, 6: 1, 20: 1, 21: 1, 76: 1, 71: 2, 75: 1, 3: 1, 1: 1, 45: 1, 39: 1, 25: 1, 14: 1}","[17, 1668, 3364, 5653, 2131, 2721, 2497, 7761, 1906, 759, 1074, 3314, 748, 3422, 4828, 1835, 3959, 7966, 3818, 4479, 8137, 5872, 1748, 8594, 2155, 8950, 1191, 9697, 3221, 4489, 3752, 4322, 8277, 8599, 7894, 4224, 7915, 8514, 8702, 442]",1494,40,6,False,20
241,balance not updated after cheque or cash deposit,fi,36,True,False,False,"{66: 2, 5: 1, 36: 1, 47: 1, 62: 1, 46: 1, 56: 2, 61: 1, 11: 2, 16: 1, 48: 1, 34: 2, 12: 2, 2: 1, 28: 1, 0: 1, 59: 4, 50: 1, 13: 1, 6: 1, 20: 1, 21: 1, 76: 1, 71: 2, 75: 1, 3: 1, 1: 1, 45: 1, 39: 1, 25: 1, 14: 1}","[17, 1668, 3364, 5653, 2131, 2721, 2497, 7761, 1906, 759, 1074, 3314, 748, 3422, 4828, 1835, 3959, 7966, 3818, 4479, 8137, 5872, 1748, 8594, 2155, 8950, 1191, 9697, 3221, 4489, 3752, 4322, 8277, 8599, 7894, 4224, 7915, 8514, 8702, 442]",241,40,6,False,20
3060,country support,country,24,False,True,False,"{66: 2, 5: 1, 36: 1, 47: 1, 62: 1, 46: 1, 56: 2, 61: 1, 11: 2, 16: 1, 48: 1, 34: 2, 12: 2, 2: 1, 28: 1, 0: 1, 59: 4, 50: 1, 13: 1, 6: 1, 20: 1, 21: 1, 76: 1, 71: 2, 75: 1, 3: 1, 1: 1, 45: 1, 39: 1, 25: 1, 14: 1}","[17, 1668, 3364, 5653, 2131, 2721, 2497, 7761, 1906, 759, 1074, 3314, 748, 3422, 4828, 1835, 3959, 7966, 3818, 4479, 8137, 5872, 1748, 8594, 2155, 8950, 1191, 9697, 3221, 4489, 3752, 4322, 8277, 8599, 7894, 4224, 7915, 8514, 8702, 442]",3060,40,6,False,20
494,age limit,age,1,True,True,False,"{66: 2, 5: 1, 36: 1, 47: 1, 62: 1, 46: 1, 56: 2, 61: 1, 11: 2, 16: 1, 48: 1, 34: 2, 12: 2, 2: 1, 28: 1, 0: 1, 59: 4, 50: 1, 13: 1, 6: 1, 20: 1, 21: 1, 76: 1, 71: 2, 75: 1, 3: 1, 1: 1, 45: 1, 39: 1, 25: 1, 14: 1}","[17, 1668, 3364, 5653, 2131, 2721, 2497, 7761, 1906, 759, 1074, 3314, 748, 3422, 4828, 1835, 3959, 7966, 3818, 4479, 8137, 5872, 1748, 8594, 2155, 8950, 1191, 9697, 3221, 4489, 3752, 4322, 8277, 8599, 7894, 4224, 7915, 8514, 8702, 442]",494,40,6,False,20
327,top up by card charge,automatic,4,False,False,False,"{66: 2, 5: 1, 36: 1, 47: 1, 62: 1, 46: 1, 56: 2, 61: 1, 11: 2, 16: 1, 48: 1, 34: 2, 12: 2, 2: 1, 28: 1, 0: 1, 59: 4, 50: 1, 13: 1, 6: 1, 20: 1, 21: 1, 76: 1, 71: 2, 75: 1, 3: 1, 1: 1, 45: 1, 39: 1, 25: 1, 14: 1}","[17, 1668, 3364, 5653, 2131, 2721, 2497, 7761, 1906, 759, 1074, 3314, 748, 3422, 4828, 1835, 3959, 7966, 3818, 4479, 8137, 5872, 1748, 8594, 2155, 8950, 1191, 9697, 3221, 4489, 3752, 4322, 8277, 8599, 7894, 4224, 7915, 8514, 8702, 442]",327,40,6,False,20
458,lost or stolen card,lost or stolen card,41,False,True,False,"{66: 2, 5: 1, 36: 1, 47: 1, 62: 1, 46: 1, 56: 2, 61: 1, 11: 2, 16: 1, 48: 1, 34: 2, 12: 2, 2: 1, 28: 1, 0: 1, 59: 4, 50: 1, 13: 1, 6: 1, 20: 1, 21: 1, 76: 1, 71: 2, 75: 1, 3: 1, 1: 1, 45: 1, 39: 1, 25: 1, 14: 1}","[17, 1668, 3364, 5653, 2131, 2721, 2497, 7761, 1906, 759, 1074, 3314, 748, 3422, 4828, 1835, 3959, 7966, 3818, 4479, 8137, 5872, 1748, 8594, 2155, 8950, 1191, 9697, 3221, 4489, 3752, 4322, 8277, 8599, 7894, 4224, 7915, 8514, 8702, 442]",458,40,6,False,20
428,exchange rate,exchange via,33,False,False,False,"{66: 2, 5: 1, 36: 1, 47: 1, 62: 1, 46: 1, 56: 2, 61: 1, 11: 2, 16: 1, 48: 1, 34: 2, 12: 2, 2: 1, 28: 1, 0: 1, 59: 4, 50: 1, 13: 1, 6: 1, 20: 1, 21: 1, 76: 1, 71: 2, 75: 1, 3: 1, 1: 1, 45: 1, 39: 1, 25: 1, 14: 1}","[17, 1668, 3364, 5653, 2131, 2721, 2497, 7761, 1906, 759, 1074, 3314, 748, 3422, 4828, 1835, 3959, 7966, 3818, 4479, 8137, 5872, 1748, 8594, 2155, 8950, 1191, 9697, 3221, 4489, 3752, 4322, 8277, 8599, 7894, 4224, 7915, 8514, 8702, 442]",428,40,6,False,20
2862,activate my card,activ,0,True,True,False,"{66: 2, 5: 1, 36: 1, 47: 1, 62: 1, 46: 1, 56: 2, 61: 1, 11: 2, 16: 1, 48: 1, 34: 2, 12: 2, 2: 1, 28: 1, 0: 1, 59: 4, 50: 1, 13: 1, 6: 1, 20: 1, 21: 1, 76: 1, 71: 2, 75: 1, 3: 1, 1: 1, 45: 1, 39: 1, 25: 1, 14: 1}","[17, 1668, 3364, 5653, 2131, 2721, 2497, 7761, 1906, 759, 1074, 3314, 748, 3422, 4828, 1835, 3959, 7966, 3818, 4479, 8137, 5872, 1748, 8594, 2155, 8950, 1191, 9697, 3221, 4489, 3752, 4322, 8277, 8599, 7894, 4224, 7915, 8514, 8702, 442]",2862,40,6,False,20
2164,transfer not received by recipient,benef,7,False,False,False,"{66: 2, 5: 1, 36: 1, 47: 1, 62: 1, 46: 1, 56: 2, 61: 1, 11: 2, 16: 1, 48: 1, 34: 2, 12: 2, 2: 1, 28: 1, 0: 1, 59: 4, 50: 1, 13: 1, 6: 1, 20: 1, 21: 1, 76: 1, 71: 2, 75: 1, 3: 1, 1: 1, 45: 1, 39: 1, 25: 1, 14: 1}","[17, 1668, 3364, 5653, 2131, 2721, 2497, 7761, 1906, 759, 1074, 3314, 748, 3422, 4828, 1835, 3959, 7966, 3818, 4479, 8137, 5872, 1748, 8594, 2155, 8950, 1191, 9697, 3221, 4489, 3752, 4322, 8277, 8599, 7894, 4224, 7915, 8514, 8702, 442]",2164,40,6,False,20
2897,cash withdrawal charge,cash withdrawal charge,19,False,True,False,"{66: 2, 5: 1, 36: 1, 47: 1, 62: 1, 46: 1, 56: 2, 61: 1, 11: 2, 16: 1, 48: 1, 34: 2, 12: 2, 2: 1, 28: 1, 0: 1, 59: 4, 50: 1, 13: 1, 6: 1, 20: 1, 21: 1, 76: 1, 71: 2, 75: 1, 3: 1, 1: 1, 45: 1, 39: 1, 25: 1, 14: 1}","[17, 1668, 3364, 5653, 2131, 2721, 2497, 7761, 1906, 759, 1074, 3314, 748, 3422, 4828, 1835, 3959, 7966, 3818, 4479, 8137, 5872, 1748, 8594, 2155, 8950, 1191, 9697, 3221, 4489, 3752, 4322, 8277, 8599, 7894, 4224, 7915, 8514, 8702, 442]",2897,40,6,False,20
2440,top up by bank transfer charge,top up by c,58,False,False,False,"{66: 2, 5: 1, 36: 1, 47: 1, 62: 1, 46: 1, 56: 2, 61: 1, 11: 2, 16: 1, 48: 1, 34: 2, 12: 2, 2: 1, 28: 1, 0: 1, 59: 4, 50: 1, 13: 1, 6: 1, 20: 1, 21: 1, 76: 1, 71: 2, 75: 1, 3: 1, 1: 1, 45: 1, 39: 1, 25: 1, 14: 1}","[17, 1668, 3364, 5653, 2131, 2721, 2497, 7761, 1906, 759, 1074, 3314, 748, 3422, 4828, 1835, 3959, 7966, 3818, 4479, 8137, 5872, 1748, 8594, 2155, 8950, 1191, 9697, 3221, 4489, 3752, 4322, 8277, 8599, 7894, 4224, 7915, 8514, 8702, 442]",2440,40,6,False,20
1663,card not working,lost or stolen phone,42,False,False,False,"{66: 2, 5: 1, 36: 1, 47: 1, 62: 1, 46: 1, 56: 2, 61: 1, 11: 2, 16: 1, 48: 1, 34: 2, 12: 2, 2: 1, 28: 1, 0: 1, 59: 4, 50: 1, 13: 1, 6: 1, 20: 1, 21: 1, 76: 1, 71: 2, 75: 1, 3: 1, 1: 1, 45: 1, 39: 1, 25: 1, 14: 1}","[17, 1668, 3364, 5653, 2131, 2721, 2497, 7761, 1906, 759, 1074, 3314, 748, 3422, 4828, 1835, 3959, 7966, 3818, 4479, 8137, 5872, 1748, 8594, 2155, 8950, 1191, 9697, 3221, 4489, 3752, 4322, 8277, 8599, 7894, 4224, 7915, 8514, 8702, 442]",1663,40,6,False,20
2700,transfer not received by recipient,balance not updated after bank,5,True,False,False,"{66: 2, 5: 1, 36: 1, 47: 1, 62: 1, 46: 1, 56: 2, 61: 1, 11: 2, 16: 1, 48: 1, 34: 2, 12: 2, 2: 1, 28: 1, 0: 1, 59: 4, 50: 1, 13: 1, 6: 1, 20: 1, 21: 1, 76: 1, 71: 2, 75: 1, 3: 1, 1: 1, 45: 1, 39: 1, 25: 1, 14: 1}","[17, 1668, 3364, 5653, 2131, 2721, 2497, 7761, 1906, 759, 1074, 3314, 748, 3422, 4828, 1835, 3959, 7966, 3818, 4479, 8137, 5872, 1748, 8594, 2155, 8950, 1191, 9697, 3221, 4489, 3752, 4322, 8277, 8599, 7894, 4224, 7915, 8514, 8702, 442]",2700,40,6,False,20
2955,card delivery estimate,card about,9,False,False,False,"{66: 2, 5: 1, 36: 1, 47: 1, 62: 1, 46: 1, 56: 2, 61: 1, 11: 2, 16: 1, 48: 1, 34: 2, 12: 2, 2: 1, 28: 1, 0: 1, 59: 4, 50: 1, 13: 1, 6: 1, 20: 1, 21: 1, 76: 1, 71: 2, 75: 1, 3: 1, 1: 1, 45: 1, 39: 1, 25: 1, 14: 1}","[17, 1668, 3364, 5653, 2131, 2721, 2497, 7761, 1906, 759, 1074, 3314, 748, 3422, 4828, 1835, 3959, 7966, 3818, 4479, 8137, 5872, 1748, 8594, 2155, 8950, 1191, 9697, 3221, 4489, 3752, 4322, 8277, 8599, 7894, 4224, 7915, 8514, 8702, 442]",2955,40,6,False,20
522,pin blocked,pin,49,False,True,False,"{66: 2, 5: 1, 36: 1, 47: 1, 62: 1, 46: 1, 56: 2, 61: 1, 11: 2, 16: 1, 48: 1, 34: 2, 12: 2, 2: 1, 28: 1, 0: 1, 59: 4, 50: 1, 13: 1, 6: 1, 20: 1, 21: 1, 76: 1, 71: 2, 75: 1, 3: 1, 1: 1, 45: 1, 39: 1, 25: 1, 14: 1}","[17, 1668, 3364, 5653, 2131, 2721, 2497, 7761, 1906, 759, 1074, 3314, 748, 3422, 4828, 1835, 3959, 7966, 3818, 4479, 8137, 5872, 1748, 8594, 2155, 8950, 1191, 9697, 3221, 4489, 3752, 4322, 8277, 8599, 7894, 4224, 7915, 8514, 8702, 442]",522,40,6,False,20
1788,card payment not recognised,Ref,51,False,False,False,"{66: 2, 5: 1, 36: 1, 47: 1, 62: 1, 46: 1, 56: 2, 61: 1, 11: 2, 16: 1, 48: 1, 34: 2, 12: 2, 2: 1, 28: 1, 0: 1, 59: 4, 50: 1, 13: 1, 6: 1, 20: 1, 21: 1, 76: 1, 71: 2, 75: 1, 3: 1, 1: 1, 45: 1, 39: 1, 25: 1, 14: 1}","[17, 1668, 3364, 5653, 2131, 2721, 2497, 7761, 1906, 759, 1074, 3314, 748, 3422, 4828, 1835, 3959, 7966, 3818, 4479, 8137, 5872, 1748, 8594, 2155, 8950, 1191, 9697, 3221, 4489, 3752, 4322, 8277, 8599, 7894, 4224, 7915, 8514, 8702, 442]",1788,40,6,False,20
1055,balance not updated after cheque or cash deposit,balance not updated after che,6,True,True,False,"{66: 2, 5: 1, 36: 1, 47: 1, 62: 1, 46: 1, 56: 2, 61: 1, 11: 2, 16: 1, 48: 1, 34: 2, 12: 2, 2: 1, 28: 1, 0: 1, 59: 4, 50: 1, 13: 1, 6: 1, 20: 1, 21: 1, 76: 1, 71: 2, 75: 1, 3: 1, 1: 1, 45: 1, 39: 1, 25: 1, 14: 1}","[17, 1668, 3364, 5653, 2131, 2721, 2497, 7761, 1906, 759, 1074, 3314, 748, 3422, 4828, 1835, 3959, 7966, 3818, 4479, 8137, 5872, 1748, 8594, 2155, 8950, 1191, 9697, 3221, 4489, 3752, 4322, 8277, 8599, 7894, 4224, 7915, 8514, 8702, 442]",1055,40,6,False,20
2992,top up by card charge,apple,2,True,False,False,"{66: 2, 5: 1, 36: 1, 47: 1, 62: 1, 46: 1, 56: 2, 61: 1, 11: 2, 16: 1, 48: 1, 34: 2, 12: 2, 2: 1, 28: 1, 0: 1, 59: 4, 50: 1, 13: 1, 6: 1, 20: 1, 21: 1, 76: 1, 71: 2, 75: 1, 3: 1, 1: 1, 45: 1, 39: 1, 25: 1, 14: 1}","[17, 1668, 3364, 5653, 2131, 2721, 2497, 7761, 1906, 759, 1074, 3314, 748, 3422, 4828, 1835, 3959, 7966, 3818, 4479, 8137, 5872, 1748, 8594, 2155, 8950, 1191, 9697, 3221, 4489, 3752, 4322, 8277, 8599, 7894, 4224, 7915, 8514, 8702, 442]",2992,40,6,False,20
1093,card payment not recognised,card payment not,16,True,True,False,"{66: 2, 5: 1, 36: 1, 47: 1, 62: 1, 46: 1, 56: 2, 61: 1, 11: 2, 16: 1, 48: 1, 34: 2, 12: 2, 2: 1, 28: 1, 0: 1, 59: 4, 50: 1, 13: 1, 6: 1, 20: 1, 21: 1, 76: 1, 71: 2, 75: 1, 3: 1, 1: 1, 45: 1, 39: 1, 25: 1, 14: 1}","[17, 1668, 3364, 5653, 2131, 2721, 2497, 7761, 1906, 759, 1074, 3314, 748, 3422, 4828, 1835, 3959, 7966, 3818, 4479, 8137, 5872, 1748, 8594, 2155, 8950, 1191, 9697, 3221, 4489, 3752, 4322, 8277, 8599, 7894, 4224, 7915, 8514, 8702, 442]",1093,40,6,False,20
791,wrong amount of cash received,wrong amount,75,True,True,False,"{66: 2, 5: 1, 36: 1, 47: 1, 62: 1, 46: 1, 56: 2, 61: 1, 11: 2, 16: 1, 48: 1, 34: 2, 12: 2, 2: 1, 28: 1, 0: 1, 59: 4, 50: 1, 13: 1, 6: 1, 20: 1, 21: 1, 76: 1, 71: 2, 75: 1, 3: 1, 1: 1, 45: 1, 39: 1, 25: 1, 14: 1}","[17, 1668, 3364, 5653, 2131, 2721, 2497, 7761, 1906, 759, 1074, 3314, 748, 3422, 4828, 1835, 3959, 7966, 3818, 4479, 8137, 5872, 1748, 8594, 2155, 8950, 1191, 9697, 3221, 4489, 3752, 4322, 8277, 8599, 7894, 4224, 7915, 8514, 8702, 442]",791,40,6,False,20
894,top up by card charge,supported,54,False,False,False,"{66: 2, 5: 1, 36: 1, 47: 1, 62: 1, 46: 1, 56: 2, 61: 1, 11: 2, 16: 1, 48: 1, 34: 2, 12: 2, 2: 1, 28: 1, 0: 1, 59: 4, 50: 1, 13: 1, 6: 1, 20: 1, 21: 1, 76: 1, 71: 2, 75: 1, 3: 1, 1: 1, 45: 1, 39: 1, 25: 1, 14: 1}","[17, 1668, 3364, 5653, 2131, 2721, 2497, 7761, 1906, 759, 1074, 3314, 748, 3422, 4828, 1835, 3959, 7966, 3818, 4479, 8137, 5872, 1748, 8594, 2155, 8950, 1191, 9697, 3221, 4489, 3752, 4322, 8277, 8599, 7894, 4224, 7915, 8514, 8702, 442]",894,40,6,False,20
897,card payment not recognised,supported,54,False,False,False,"{66: 2, 5: 1, 36: 1, 47: 1, 62: 1, 46: 1, 56: 2, 61: 1, 11: 2, 16: 1, 48: 1, 34: 2, 12: 2, 2: 1, 28: 1, 0: 1, 59: 4, 50: 1, 13: 1, 6: 1, 20: 1, 21: 1, 76: 1, 71: 2, 75: 1, 3: 1, 1: 1, 45: 1, 39: 1, 25: 1, 14: 1}","[17, 1668, 3364, 5653, 2131, 2721, 2497, 7761, 1906, 759, 1074, 3314, 748, 3422, 4828, 1835, 3959, 7966, 3818, 4479, 8137, 5872, 1748, 8594, 2155, 8950, 1191, 9697, 3221, 4489, 3752, 4322, 8277, 8599, 7894, 4224, 7915, 8514, 8702, 442]",897,40,6,False,20
1175,card delivery estimate,why,74,False,False,False,"{66: 2, 5: 1, 36: 1, 47: 1, 62: 1, 46: 1, 56: 2, 61: 1, 11: 2, 16: 1, 48: 1, 34: 2, 12: 2, 2: 1, 28: 1, 0: 1, 59: 4, 50: 1, 13: 1, 6: 1, 20: 1, 21: 1, 76: 1, 71: 2, 75: 1, 3: 1, 1: 1, 45: 1, 39: 1, 25: 1, 14: 1}","[17, 1668, 3364, 5653, 2131, 2721, 2497, 7761, 1906, 759, 1074, 3314, 748, 3422, 4828, 1835, 3959, 7966, 3818, 4479, 8137, 5872, 1748, 8594, 2155, 8950, 1191, 9697, 3221, 4489, 3752, 4322, 8277, 8599, 7894, 4224, 7915, 8514, 8702, 442]",1175,40,6,False,20
68,card linking,card linking,13,True,True,True,"{66: 2, 5: 1, 36: 1, 47: 1, 62: 1, 46: 1, 56: 2, 61: 1, 11: 2, 16: 1, 48: 1, 34: 2, 12: 2, 2: 1, 28: 1, 0: 1, 59: 4, 50: 1, 13: 1, 6: 1, 20: 1, 21: 1, 76: 1, 71: 2, 75: 1, 3: 1, 1: 1, 45: 1, 39: 1, 25: 1, 14: 1}","[17, 1668, 3364, 5653, 2131, 2721, 2497, 7761, 1906, 759, 1074, 3314, 748, 3422, 4828, 1835, 3959, 7966, 3818, 4479, 8137, 5872, 1748, 8594, 2155, 8950, 1191, 9697, 3221, 4489, 3752, 4322, 8277, 8599, 7894, 4224, 7915, 8514, 8702, 442]",68,40,6,False,20
1551,change pin,pass,44,False,False,False,"{66: 2, 5: 1, 36: 1, 47: 1, 62: 1, 46: 1, 56: 2, 61: 1, 11: 2, 16: 1, 48: 1, 34: 2, 12: 2, 2: 1, 28: 1, 0: 1, 59: 4, 50: 1, 13: 1, 6: 1, 20: 1, 21: 1, 76: 1, 71: 2, 75: 1, 3: 1, 1: 1, 45: 1, 39: 1, 25: 1, 14: 1}","[17, 1668, 3364, 5653, 2131, 2721, 2497, 7761, 1906, 759, 1074, 3314, 748, 3422, 4828, 1835, 3959, 7966, 3818, 4479, 8137, 5872, 1748, 8594, 2155, 8950, 1191, 9697, 3221, 4489, 3752, 4322, 8277, 8599, 7894, 4224, 7915, 8514, 8702, 442]",1551,40,6,False,20
1508,direct debit payment not recognised,direct,28,True,True,False,"{66: 2, 5: 1, 36: 1, 47: 1, 62: 1, 46: 1, 56: 2, 61: 1, 11: 2, 16: 1, 48: 1, 34: 2, 12: 2, 2: 1, 28: 1, 0: 1, 59: 4, 50: 1, 13: 1, 6: 1, 20: 1, 21: 1, 76: 1, 71: 2, 75: 1, 3: 1, 1: 1, 45: 1, 39: 1, 25: 1, 14: 1}","[17, 1668, 3364, 5653, 2131, 2721, 2497, 7761, 1906, 759, 1074, 3314, 748, 3422, 4828, 1835, 3959, 7966, 3818, 4479, 8137, 5872, 1748, 8594, 2155, 8950, 1191, 9697, 3221, 4489, 3752, 4322, 8277, 8599, 7894, 4224, 7915, 8514, 8702, 442]",1508,40,6,False,20
2250,receiving money,receiving,50,True,True,False,"{66: 2, 5: 1, 36: 1, 47: 1, 62: 1, 46: 1, 56: 2, 61: 1, 11: 2, 16: 1, 48: 1, 34: 2, 12: 2, 2: 1, 28: 1, 0: 1, 59: 4, 50: 1, 13: 1, 6: 1, 20: 1, 21: 1, 76: 1, 71: 2, 75: 1, 3: 1, 1: 1, 45: 1, 39: 1, 25: 1, 14: 1}","[17, 1668, 3364, 5653, 2131, 2721, 2497, 7761, 1906, 759, 1074, 3314, 748, 3422, 4828, 1835, 3959, 7966, 3818, 4479, 8137, 5872, 1748, 8594, 2155, 8950, 1191, 9697, 3221, 4489, 3752, 4322, 8277, 8599, 7894, 4224, 7915, 8514, 8702, 442]",2250,40,6,False,20
519,age limit,age,1,True,True,False,"{66: 2, 5: 1, 36: 1, 47: 1, 62: 1, 46: 1, 56: 2, 61: 1, 11: 2, 16: 1, 48: 1, 34: 2, 12: 2, 2: 1, 28: 1, 0: 1, 59: 4, 50: 1, 13: 1, 6: 1, 20: 1, 21: 1, 76: 1, 71: 2, 75: 1, 3: 1, 1: 1, 45: 1, 39: 1, 25: 1, 14: 1}","[17, 1668, 3364, 5653, 2131, 2721, 2497, 7761, 1906, 759, 1074, 3314, 748, 3422, 4828, 1835, 3959, 7966, 3818, 4479, 8137, 5872, 1748, 8594, 2155, 8950, 1191, 9697, 3221, 4489, 3752, 4322, 8277, 8599, 7894, 4224, 7915, 8514, 8702, 442]",519,40,6,False,20
1731,transfer not received by recipient,declined transfer,27,False,False,False,"{66: 2, 5: 1, 36: 1, 47: 1, 62: 1, 46: 1, 56: 2, 61: 1, 11: 2, 16: 1, 48: 1, 34: 2, 12: 2, 2: 1, 28: 1, 0: 1, 59: 4, 50: 1, 13: 1, 6: 1, 20: 1, 21: 1, 76: 1, 71: 2, 75: 1, 3: 1, 1: 1, 45: 1, 39: 1, 25: 1, 14: 1}","[17, 1668, 3364, 5653, 2131, 2721, 2497, 7761, 1906, 759, 1074, 3314, 748, 3422, 4828, 1835, 3959, 7966, 3818, 4479, 8137, 5872, 1748, 8594, 2155, 8950, 1191, 9697, 3221, 4489, 3752, 4322, 8277, 8599, 7894, 4224, 7915, 8514, 8702, 442]",1731,40,6,False,20
1210,verify top up,unable,68,False,False,False,"{66: 2, 5: 1, 36: 1, 47: 1, 62: 1, 46: 1, 56: 2, 61: 1, 11: 2, 16: 1, 48: 1, 34: 2, 12: 2, 2: 1, 28: 1, 0: 1, 59: 4, 50: 1, 13: 1, 6: 1, 20: 1, 21: 1, 76: 1, 71: 2, 75: 1, 3: 1, 1: 1, 45: 1, 39: 1, 25: 1, 14: 1}","[17, 1668, 3364, 5653, 2131, 2721, 2497, 7761, 1906, 759, 1074, 3314, 748, 3422, 4828, 1835, 3959, 7966, 3818, 4479, 8137, 5872, 1748, 8594, 2155, 8950, 1191, 9697, 3221, 4489, 3752, 4322, 8277, 8599, 7894, 4224, 7915, 8514, 8702, 442]",1210,40,6,False,20
1750,transfer not received by recipient,declined transfer,27,False,False,False,"{66: 2, 5: 1, 36: 1, 47: 1, 62: 1, 46: 1, 56: 2, 61: 1, 11: 2, 16: 1, 48: 1, 34: 2, 12: 2, 2: 1, 28: 1, 0: 1, 59: 4, 50: 1, 13: 1, 6: 1, 20: 1, 21: 1, 76: 1, 71: 2, 75: 1, 3: 1, 1: 1, 45: 1, 39: 1, 25: 1, 14: 1}","[17, 1668, 3364, 5653, 2131, 2721, 2497, 7761, 1906, 759, 1074, 3314, 748, 3422, 4828, 1835, 3959, 7966, 3818, 4479, 8137, 5872, 1748, 8594, 2155, 8950, 1191, 9697, 3221, 4489, 3752, 4322, 8277, 8599, 7894, 4224, 7915, 8514, 8702, 442]",1750,40,6,False,20
1687,cancel transfer,request,52,False,False,False,"{66: 2, 5: 1, 36: 1, 47: 1, 62: 1, 46: 1, 56: 2, 61: 1, 11: 2, 16: 1, 48: 1, 34: 2, 12: 2, 2: 1, 28: 1, 0: 1, 59: 4, 50: 1, 13: 1, 6: 1, 20: 1, 21: 1, 76: 1, 71: 2, 75: 1, 3: 1, 1: 1, 45: 1, 39: 1, 25: 1, 14: 1}","[17, 1668, 3364, 5653, 2131, 2721, 2497, 7761, 1906, 759, 1074, 3314, 748, 3422, 4828, 1835, 3959, 7966, 3818, 4479, 8137, 5872, 1748, 8594, 2155, 8950, 1191, 9697, 3221, 4489, 3752, 4322, 8277, 8599, 7894, 4224, 7915, 8514, 8702, 442]",1687,40,6,False,20
891,card delivery estimate,supported,54,False,False,False,"{66: 2, 5: 1, 36: 1, 47: 1, 62: 1, 46: 1, 56: 2, 61: 1, 11: 2, 16: 1, 48: 1, 34: 2, 12: 2, 2: 1, 28: 1, 0: 1, 59: 4, 50: 1, 13: 1, 6: 1, 20: 1, 21: 1, 76: 1, 71: 2, 75: 1, 3: 1, 1: 1, 45: 1, 39: 1, 25: 1, 14: 1}","[17, 1668, 3364, 5653, 2131, 2721, 2497, 7761, 1906, 759, 1074, 3314, 748, 3422, 4828, 1835, 3959, 7966, 3818, 4479, 8137, 5872, 1748, 8594, 2155, 8950, 1191, 9697, 3221, 4489, 3752, 4322, 8277, 8599, 7894, 4224, 7915, 8514, 8702, 442]",891,40,6,False,20
1061,cash withdrawal not recognised,balance not updated after che,6,True,False,False,"{66: 2, 5: 1, 36: 1, 47: 1, 62: 1, 46: 1, 56: 2, 61: 1, 11: 2, 16: 1, 48: 1, 34: 2, 12: 2, 2: 1, 28: 1, 0: 1, 59: 4, 50: 1, 13: 1, 6: 1, 20: 1, 21: 1, 76: 1, 71: 2, 75: 1, 3: 1, 1: 1, 45: 1, 39: 1, 25: 1, 14: 1}","[17, 1668, 3364, 5653, 2131, 2721, 2497, 7761, 1906, 759, 1074, 3314, 748, 3422, 4828, 1835, 3959, 7966, 3818, 4479, 8137, 5872, 1748, 8594, 2155, 8950, 1191, 9697, 3221, 4489, 3752, 4322, 8277, 8599, 7894, 4224, 7915, 8514, 8702, 442]",1061,40,6,False,20
2403,getting spare card,getting spare,39,True,True,False,"{66: 2, 5: 1, 36: 1, 47: 1, 62: 1, 46: 1, 56: 2, 61: 1, 11: 2, 16: 1, 48: 1, 34: 2, 12: 2, 2: 1, 28: 1, 0: 1, 59: 4, 50: 1, 13: 1, 6: 1, 20: 1, 21: 1, 76: 1, 71: 2, 75: 1, 3: 1, 1: 1, 45: 1, 39: 1, 25: 1, 14: 1}","[17, 1668, 3364, 5653, 2131, 2721, 2497, 7761, 1906, 759, 1074, 3314, 748, 3422, 4828, 1835, 3959, 7966, 3818, 4479, 8137, 5872, 1748, 8594, 2155, 8950, 1191, 9697, 3221, 4489, 3752, 4322, 8277, 8599, 7894, 4224, 7915, 8514, 8702, 442]",2403,40,6,False,20
1898,cancel transfer,terminate,55,False,False,False,"{66: 2, 5: 1, 36: 1, 47: 1, 62: 1, 46: 1, 56: 2, 61: 1, 11: 2, 16: 1, 48: 1, 34: 2, 12: 2, 2: 1, 28: 1, 0: 1, 59: 4, 50: 1, 13: 1, 6: 1, 20: 1, 21: 1, 76: 1, 71: 2, 75: 1, 3: 1, 1: 1, 45: 1, 39: 1, 25: 1, 14: 1}","[17, 1668, 3364, 5653, 2131, 2721, 2497, 7761, 1906, 759, 1074, 3314, 748, 3422, 4828, 1835, 3959, 7966, 3818, 4479, 8137, 5872, 1748, 8594, 2155, 8950, 1191, 9697, 3221, 4489, 3752, 4322, 8277, 8599, 7894, 4224, 7915, 8514, 8702, 442]",1898,40,6,False,20
2978,apple pay or google pay,apple,2,True,True,False,"{66: 2, 5: 1, 36: 1, 47: 1, 62: 1, 46: 1, 56: 2, 61: 1, 11: 2, 16: 1, 48: 1, 34: 2, 12: 2, 2: 1, 28: 1, 0: 1, 59: 4, 50: 1, 13: 1, 6: 1, 20: 1, 21: 1, 76: 1, 71: 2, 75: 1, 3: 1, 1: 1, 45: 1, 39: 1, 25: 1, 14: 1}","[17, 1668, 3364, 5653, 2131, 2721, 2497, 7761, 1906, 759, 1074, 3314, 748, 3422, 4828, 1835, 3959, 7966, 3818, 4479, 8137, 5872, 1748, 8594, 2155, 8950, 1191, 9697, 3221, 4489, 3752, 4322, 8277, 8599, 7894, 4224, 7915, 8514, 8702, 442]",2978,40,6,False,20
1427,card not working,comprom,22,False,False,False,"{66: 2, 5: 1, 36: 1, 47: 1, 62: 1, 46: 1, 56: 2, 61: 1, 11: 2, 16: 1, 48: 1, 34: 2, 12: 2, 2: 1, 28: 1, 0: 1, 59: 4, 50: 1, 13: 1, 6: 1, 20: 1, 21: 1, 76: 1, 71: 2, 75: 1, 3: 1, 1: 1, 45: 1, 39: 1, 25: 1, 14: 1}","[17, 1668, 3364, 5653, 2131, 2721, 2497, 7761, 1906, 759, 1074, 3314, 748, 3422, 4828, 1835, 3959, 7966, 3818, 4479, 8137, 5872, 1748, 8594, 2155, 8950, 1191, 9697, 3221, 4489, 3752, 4322, 8277, 8599, 7894, 4224, 7915, 8514, 8702, 442]",1427,40,6,False,20
1526,wrong amount of cash received,pass,44,False,False,False,"{66: 2, 5: 1, 36: 1, 47: 1, 62: 1, 46: 1, 56: 2, 61: 1, 11: 2, 16: 1, 48: 1, 34: 2, 12: 2, 2: 1, 28: 1, 0: 1, 59: 4, 50: 1, 13: 1, 6: 1, 20: 1, 21: 1, 76: 1, 71: 2, 75: 1, 3: 1, 1: 1, 45: 1, 39: 1, 25: 1, 14: 1}","[17, 1668, 3364, 5653, 2131, 2721, 2497, 7761, 1906, 759, 1074, 3314, 748, 3422, 4828, 1835, 3959, 7966, 3818, 4479, 8137, 5872, 1748, 8594, 2155, 8950, 1191, 9697, 3221, 4489, 3752, 4322, 8277, 8599, 7894, 4224, 7915, 8514, 8702, 442]",1526,40,6,False,20
824,extra charge on statement,card payment fee,15,False,False,False,"{66: 2, 5: 1, 36: 1, 47: 1, 62: 1, 46: 1, 56: 2, 61: 1, 11: 2, 16: 1, 48: 1, 34: 2, 12: 2, 2: 1, 28: 1, 0: 1, 59: 4, 50: 1, 13: 1, 6: 1, 20: 1, 21: 1, 76: 1, 71: 2, 75: 1, 3: 1, 1: 1, 45: 1, 39: 1, 25: 1, 14: 1}","[17, 1668, 3364, 5653, 2131, 2721, 2497, 7761, 1906, 759, 1074, 3314, 748, 3422, 4828, 1835, 3959, 7966, 3818, 4479, 8137, 5872, 1748, 8594, 2155, 8950, 1191, 9697, 3221, 4489, 3752, 4322, 8277, 8599, 7894, 4224, 7915, 8514, 8702, 442]",824,40,6,False,20
1983,card payment not recognised,transaction,63,False,False,False,"{66: 2, 5: 1, 36: 1, 47: 1, 62: 1, 46: 1, 56: 2, 61: 1, 11: 2, 16: 1, 48: 1, 34: 2, 12: 2, 2: 1, 28: 1, 0: 1, 59: 4, 50: 1, 13: 1, 6: 1, 20: 1, 21: 1, 76: 1, 71: 2, 75: 1, 3: 1, 1: 1, 45: 1, 39: 1, 25: 1, 14: 1}","[17, 1668, 3364, 5653, 2131, 2721, 2497, 7761, 1906, 759, 1074, 3314, 748, 3422, 4828, 1835, 3959, 7966, 3818, 4479, 8137, 5872, 1748, 8594, 2155, 8950, 1191, 9697, 3221, 4489, 3752, 4322, 8277, 8599, 7894, 4224, 7915, 8514, 8702, 442]",1983,40,6,False,20
2132,change pin,change,21,True,True,False,"{66: 2, 5: 1, 36: 1, 47: 1, 62: 1, 46: 1, 56: 2, 61: 1, 11: 2, 16: 1, 48: 1, 34: 2, 12: 2, 2: 1, 28: 1, 0: 1, 59: 4, 50: 1, 13: 1, 6: 1, 20: 1, 21: 1, 76: 1, 71: 2, 75: 1, 3: 1, 1: 1, 45: 1, 39: 1, 25: 1, 14: 1}","[17, 1668, 3364, 5653, 2131, 2721, 2497, 7761, 1906, 759, 1074, 3314, 748, 3422, 4828, 1835, 3959, 7966, 3818, 4479, 8137, 5872, 1748, 8594, 2155, 8950, 1191, 9697, 3221, 4489, 3752, 4322, 8277, 8599, 7894, 4224, 7915, 8514, 8702, 442]",2132,40,6,False,20
418,change pin,exchange via,33,False,False,False,"{66: 2, 5: 1, 36: 1, 47: 1, 62: 1, 46: 1, 56: 2, 61: 1, 11: 2, 16: 1, 48: 1, 34: 2, 12: 2, 2: 1, 28: 1, 0: 1, 59: 4, 50: 1, 13: 1, 6: 1, 20: 1, 21: 1, 76: 1, 71: 2, 75: 1, 3: 1, 1: 1, 45: 1, 39: 1, 25: 1, 14: 1}","[17, 1668, 3364, 5653, 2131, 2721, 2497, 7761, 1906, 759, 1074, 3314, 748, 3422, 4828, 1835, 3959, 7966, 3818, 4479, 8137, 5872, 1748, 8594, 2155, 8950, 1191, 9697, 3221, 4489, 3752, 4322, 8277, 8599, 7894, 4224, 7915, 8514, 8702, 442]",418,40,6,False,20
1345,transfer not received by recipient,to,62,True,False,False,"{66: 2, 5: 1, 36: 1, 47: 1, 62: 1, 46: 1, 56: 2, 61: 1, 11: 2, 16: 1, 48: 1, 34: 2, 12: 2, 2: 1, 28: 1, 0: 1, 59: 4, 50: 1, 13: 1, 6: 1, 20: 1, 21: 1, 76: 1, 71: 2, 75: 1, 3: 1, 1: 1, 45: 1, 39: 1, 25: 1, 14: 1}","[17, 1668, 3364, 5653, 2131, 2721, 2497, 7761, 1906, 759, 1074, 3314, 748, 3422, 4828, 1835, 3959, 7966, 3818, 4479, 8137, 5872, 1748, 8594, 2155, 8950, 1191, 9697, 3221, 4489, 3752, 4322, 8277, 8599, 7894, 4224, 7915, 8514, 8702, 442]",1345,40,6,False,20
2829,top up by card charge,top up by card,57,False,True,False,"{66: 2, 5: 1, 36: 1, 47: 1, 62: 1, 46: 1, 56: 2, 61: 1, 11: 2, 16: 1, 48: 1, 34: 2, 12: 2, 2: 1, 28: 1, 0: 1, 59: 4, 50: 1, 13: 1, 6: 1, 20: 1, 21: 1, 76: 1, 71: 2, 75: 1, 3: 1, 1: 1, 45: 1, 39: 1, 25: 1, 14: 1}","[17, 1668, 3364, 5653, 2131, 2721, 2497, 7761, 1906, 759, 1074, 3314, 748, 3422, 4828, 1835, 3959, 7966, 3818, 4479, 8137, 5872, 1748, 8594, 2155, 8950, 1191, 9697, 3221, 4489, 3752, 4322, 8277, 8599, 7894, 4224, 7915, 8514, 8702, 442]",2829,40,6,False,20
2489,card delivery estimate,order,43,False,False,False,"{66: 2, 5: 1, 36: 1, 47: 1, 62: 1, 46: 1, 56: 2, 61: 1, 11: 2, 16: 1, 48: 1, 34: 2, 12: 2, 2: 1, 28: 1, 0: 1, 59: 4, 50: 1, 13: 1, 6: 1, 20: 1, 21: 1, 76: 1, 71: 2, 75: 1, 3: 1, 1: 1, 45: 1, 39: 1, 25: 1, 14: 1}","[17, 1668, 3364, 5653, 2131, 2721, 2497, 7761, 1906, 759, 1074, 3314, 748, 3422, 4828, 1835, 3959, 7966, 3818, 4479, 8137, 5872, 1748, 8594, 2155, 8950, 1191, 9697, 3221, 4489, 3752, 4322, 8277, 8599, 7894, 4224, 7915, 8514, 8702, 442]",2489,40,6,False,20
598,contactless not working,contact,23,False,True,False,"{66: 2, 5: 1, 36: 1, 47: 1, 62: 1, 46: 1, 56: 2, 61: 1, 11: 2, 16: 1, 48: 1, 34: 2, 12: 2, 2: 1, 28: 1, 0: 1, 59: 4, 50: 1, 13: 1, 6: 1, 20: 1, 21: 1, 76: 1, 71: 2, 75: 1, 3: 1, 1: 1, 45: 1, 39: 1, 25: 1, 14: 1}","[17, 1668, 3364, 5653, 2131, 2721, 2497, 7761, 1906, 759, 1074, 3314, 748, 3422, 4828, 1835, 3959, 7966, 3818, 4479, 8137, 5872, 1748, 8594, 2155, 8950, 1191, 9697, 3221, 4489, 3752, 4322, 8277, 8599, 7894, 4224, 7915, 8514, 8702, 442]",598,40,6,False,20
804,extra charge on statement,card payment fee,15,False,False,False,"{66: 2, 5: 1, 36: 1, 47: 1, 62: 1, 46: 1, 56: 2, 61: 1, 11: 2, 16: 1, 48: 1, 34: 2, 12: 2, 2: 1, 28: 1, 0: 1, 59: 4, 50: 1, 13: 1, 6: 1, 20: 1, 21: 1, 76: 1, 71: 2, 75: 1, 3: 1, 1: 1, 45: 1, 39: 1, 25: 1, 14: 1}","[17, 1668, 3364, 5653, 2131, 2721, 2497, 7761, 1906, 759, 1074, 3314, 748, 3422, 4828, 1835, 3959, 7966, 3818, 4479, 8137, 5872, 1748, 8594, 2155, 8950, 1191, 9697, 3221, 4489, 3752, 4322, 8277, 8599, 7894, 4224, 7915, 8514, 8702, 442]",804,40,6,False,20
3017,card delivery estimate,verify my,69,False,False,False,"{66: 2, 5: 1, 36: 1, 47: 1, 62: 1, 46: 1, 56: 2, 61: 1, 11: 2, 16: 1, 48: 1, 34: 2, 12: 2, 2: 1, 28: 1, 0: 1, 59: 4, 50: 1, 13: 1, 6: 1, 20: 1, 21: 1, 76: 1, 71: 2, 75: 1, 3: 1, 1: 1, 45: 1, 39: 1, 25: 1, 14: 1}","[17, 1668, 3364, 5653, 2131, 2721, 2497, 7761, 1906, 759, 1074, 3314, 748, 3422, 4828, 1835, 3959, 7966, 3818, 4479, 8137, 5872, 1748, 8594, 2155, 8950, 1191, 9697, 3221, 4489, 3752, 4322, 8277, 8599, 7894, 4224, 7915, 8514, 8702, 442]",3017,40,6,False,20
2589,exchange rate,wrong exchange,76,True,False,False,"{66: 2, 5: 1, 36: 1, 47: 1, 62: 1, 46: 1, 56: 2, 61: 1, 11: 2, 16: 1, 48: 1, 34: 2, 12: 2, 2: 1, 28: 1, 0: 1, 59: 4, 50: 1, 13: 1, 6: 1, 20: 1, 21: 1, 76: 1, 71: 2, 75: 1, 3: 1, 1: 1, 45: 1, 39: 1, 25: 1, 14: 1}","[17, 1668, 3364, 5653, 2131, 2721, 2497, 7761, 1906, 759, 1074, 3314, 748, 3422, 4828, 1835, 3959, 7966, 3818, 4479, 8137, 5872, 1748, 8594, 2155, 8950, 1191, 9697, 3221, 4489, 3752, 4322, 8277, 8599, 7894, 4224, 7915, 8514, 8702, 442]",2589,40,6,False,20
2540,virtual card not working,virtual,72,False,True,False,"{66: 2, 5: 1, 36: 1, 47: 1, 62: 1, 46: 1, 56: 2, 61: 1, 11: 2, 16: 1, 48: 1, 34: 2, 12: 2, 2: 1, 28: 1, 0: 1, 59: 4, 50: 1, 13: 1, 6: 1, 20: 1, 21: 1, 76: 1, 71: 2, 75: 1, 3: 1, 1: 1, 45: 1, 39: 1, 25: 1, 14: 1}","[17, 1668, 3364, 5653, 2131, 2721, 2497, 7761, 1906, 759, 1074, 3314, 748, 3422, 4828, 1835, 3959, 7966, 3818, 4479, 8137, 5872, 1748, 8594, 2155, 8950, 1191, 9697, 3221, 4489, 3752, 4322, 8277, 8599, 7894, 4224, 7915, 8514, 8702, 442]",2540,40,6,False,20
2908,cash withdrawal charge,cash withdrawal charge,19,False,True,False,"{66: 2, 5: 1, 36: 1, 47: 1, 62: 1, 46: 1, 56: 2, 61: 1, 11: 2, 16: 1, 48: 1, 34: 2, 12: 2, 2: 1, 28: 1, 0: 1, 59: 4, 50: 1, 13: 1, 6: 1, 20: 1, 21: 1, 76: 1, 71: 2, 75: 1, 3: 1, 1: 1, 45: 1, 39: 1, 25: 1, 14: 1}","[17, 1668, 3364, 5653, 2131, 2721, 2497, 7761, 1906, 759, 1074, 3314, 748, 3422, 4828, 1835, 3959, 7966, 3818, 4479, 8137, 5872, 1748, 8594, 2155, 8950, 1191, 9697, 3221, 4489, 3752, 4322, 8277, 8599, 7894, 4224, 7915, 8514, 8702, 442]",2908,40,6,False,20
2968,apple pay or google pay,apple,2,True,True,False,"{66: 2, 5: 1, 36: 1, 47: 1, 62: 1, 46: 1, 56: 2, 61: 1, 11: 2, 16: 1, 48: 1, 34: 2, 12: 2, 2: 1, 28: 1, 0: 1, 59: 4, 50: 1, 13: 1, 6: 1, 20: 1, 21: 1, 76: 1, 71: 2, 75: 1, 3: 1, 1: 1, 45: 1, 39: 1, 25: 1, 14: 1}","[17, 1668, 3364, 5653, 2131, 2721, 2497, 7761, 1906, 759, 1074, 3314, 748, 3422, 4828, 1835, 3959, 7966, 3818, 4479, 8137, 5872, 1748, 8594, 2155, 8950, 1191, 9697, 3221, 4489, 3752, 4322, 8277, 8599, 7894, 4224, 7915, 8514, 8702, 442]",2968,40,6,False,20
2747,atm support,cash withdrawal not,20,True,False,False,"{66: 2, 5: 1, 36: 1, 47: 1, 62: 1, 46: 1, 56: 2, 61: 1, 11: 2, 16: 1, 48: 1, 34: 2, 12: 2, 2: 1, 28: 1, 0: 1, 59: 4, 50: 1, 13: 1, 6: 1, 20: 1, 21: 1, 76: 1, 71: 2, 75: 1, 3: 1, 1: 1, 45: 1, 39: 1, 25: 1, 14: 1}","[17, 1668, 3364, 5653, 2131, 2721, 2497, 7761, 1906, 759, 1074, 3314, 748, 3422, 4828, 1835, 3959, 7966, 3818, 4479, 8137, 5872, 1748, 8594, 2155, 8950, 1191, 9697, 3221, 4489, 3752, 4322, 8277, 8599, 7894, 4224, 7915, 8514, 8702, 442]",2747,40,6,False,20
1340,transfer not received by recipient,to,62,True,False,False,"{66: 2, 5: 1, 36: 1, 47: 1, 62: 1, 46: 1, 56: 2, 61: 1, 11: 2, 16: 1, 48: 1, 34: 2, 12: 2, 2: 1, 28: 1, 0: 1, 59: 4, 50: 1, 13: 1, 6: 1, 20: 1, 21: 1, 76: 1, 71: 2, 75: 1, 3: 1, 1: 1, 45: 1, 39: 1, 25: 1, 14: 1}","[17, 1668, 3364, 5653, 2131, 2721, 2497, 7761, 1906, 759, 1074, 3314, 748, 3422, 4828, 1835, 3959, 7966, 3818, 4479, 8137, 5872, 1748, 8594, 2155, 8950, 1191, 9697, 3221, 4489, 3752, 4322, 8277, 8599, 7894, 4224, 7915, 8514, 8702, 442]",1340,40,6,False,20
1348,topping up by card,to,62,True,True,False,"{66: 2, 5: 1, 36: 1, 47: 1, 62: 1, 46: 1, 56: 2, 61: 1, 11: 2, 16: 1, 48: 1, 34: 2, 12: 2, 2: 1, 28: 1, 0: 1, 59: 4, 50: 1, 13: 1, 6: 1, 20: 1, 21: 1, 76: 1, 71: 2, 75: 1, 3: 1, 1: 1, 45: 1, 39: 1, 25: 1, 14: 1}","[17, 1668, 3364, 5653, 2131, 2721, 2497, 7761, 1906, 759, 1074, 3314, 748, 3422, 4828, 1835, 3959, 7966, 3818, 4479, 8137, 5872, 1748, 8594, 2155, 8950, 1191, 9697, 3221, 4489, 3752, 4322, 8277, 8599, 7894, 4224, 7915, 8514, 8702, 442]",1348,40,6,False,20
1451,atm support,at,3,True,True,False,"{66: 2, 5: 1, 36: 1, 47: 1, 62: 1, 46: 1, 56: 2, 61: 1, 11: 2, 16: 1, 48: 1, 34: 2, 12: 2, 2: 1, 28: 1, 0: 1, 59: 4, 50: 1, 13: 1, 6: 1, 20: 1, 21: 1, 76: 1, 71: 2, 75: 1, 3: 1, 1: 1, 45: 1, 39: 1, 25: 1, 14: 1}","[17, 1668, 3364, 5653, 2131, 2721, 2497, 7761, 1906, 759, 1074, 3314, 748, 3422, 4828, 1835, 3959, 7966, 3818, 4479, 8137, 5872, 1748, 8594, 2155, 8950, 1191, 9697, 3221, 4489, 3752, 4322, 8277, 8599, 7894, 4224, 7915, 8514, 8702, 442]",1451,40,6,False,20
2903,cash withdrawal charge,cash withdrawal charge,19,False,True,False,"{66: 2, 5: 1, 36: 1, 47: 1, 62: 1, 46: 1, 56: 2, 61: 1, 11: 2, 16: 1, 48: 1, 34: 2, 12: 2, 2: 1, 28: 1, 0: 1, 59: 4, 50: 1, 13: 1, 6: 1, 20: 1, 21: 1, 76: 1, 71: 2, 75: 1, 3: 1, 1: 1, 45: 1, 39: 1, 25: 1, 14: 1}","[17, 1668, 3364, 5653, 2131, 2721, 2497, 7761, 1906, 759, 1074, 3314, 748, 3422, 4828, 1835, 3959, 7966, 3818, 4479, 8137, 5872, 1748, 8594, 2155, 8950, 1191, 9697, 3221, 4489, 3752, 4322, 8277, 8599, 7894, 4224, 7915, 8514, 8702, 442]",2903,40,6,False,20
1237,verify my identity,unable,68,False,False,False,"{66: 2, 5: 1, 36: 1, 47: 1, 62: 1, 46: 1, 56: 2, 61: 1, 11: 2, 16: 1, 48: 1, 34: 2, 12: 2, 2: 1, 28: 1, 0: 1, 59: 4, 50: 1, 13: 1, 6: 1, 20: 1, 21: 1, 76: 1, 71: 2, 75: 1, 3: 1, 1: 1, 45: 1, 39: 1, 25: 1, 14: 1}","[17, 1668, 3364, 5653, 2131, 2721, 2497, 7761, 1906, 759, 1074, 3314, 748, 3422, 4828, 1835, 3959, 7966, 3818, 4479, 8137, 5872, 1748, 8594, 2155, 8950, 1191, 9697, 3221, 4489, 3752, 4322, 8277, 8599, 7894, 4224, 7915, 8514, 8702, 442]",1237,40,6,False,20
2119,failed transfer,revert,53,False,False,False,"{66: 2, 5: 1, 36: 1, 47: 1, 62: 1, 46: 1, 56: 2, 61: 1, 11: 2, 16: 1, 48: 1, 34: 2, 12: 2, 2: 1, 28: 1, 0: 1, 59: 4, 50: 1, 13: 1, 6: 1, 20: 1, 21: 1, 76: 1, 71: 2, 75: 1, 3: 1, 1: 1, 45: 1, 39: 1, 25: 1, 14: 1}","[17, 1668, 3364, 5653, 2131, 2721, 2497, 7761, 1906, 759, 1074, 3314, 748, 3422, 4828, 1835, 3959, 7966, 3818, 4479, 8137, 5872, 1748, 8594, 2155, 8950, 1191, 9697, 3221, 4489, 3752, 4322, 8277, 8599, 7894, 4224, 7915, 8514, 8702, 442]",2119,40,6,False,20
652,pending top up,pending top,47,True,True,False,"{66: 2, 5: 1, 36: 1, 47: 1, 62: 1, 46: 1, 56: 2, 61: 1, 11: 2, 16: 1, 48: 1, 34: 2, 12: 2, 2: 1, 28: 1, 0: 1, 59: 4, 50: 1, 13: 1, 6: 1, 20: 1, 21: 1, 76: 1, 71: 2, 75: 1, 3: 1, 1: 1, 45: 1, 39: 1, 25: 1, 14: 1}","[17, 1668, 3364, 5653, 2131, 2721, 2497, 7761, 1906, 759, 1074, 3314, 748, 3422, 4828, 1835, 3959, 7966, 3818, 4479, 8137, 5872, 1748, 8594, 2155, 8950, 1191, 9697, 3221, 4489, 3752, 4322, 8277, 8599, 7894, 4224, 7915, 8514, 8702, 442]",652,40,6,False,20
131,wrong exchange rate for cash withdrawal,card payment wrong,17,False,False,False,"{66: 2, 5: 1, 36: 1, 47: 1, 62: 1, 46: 1, 56: 2, 61: 1, 11: 2, 16: 1, 48: 1, 34: 2, 12: 2, 2: 1, 28: 1, 0: 1, 59: 4, 50: 1, 13: 1, 6: 1, 20: 1, 21: 1, 76: 1, 71: 2, 75: 1, 3: 1, 1: 1, 45: 1, 39: 1, 25: 1, 14: 1}","[17, 1668, 3364, 5653, 2131, 2721, 2497, 7761, 1906, 759, 1074, 3314, 748, 3422, 4828, 1835, 3959, 7966, 3818, 4479, 8137, 5872, 1748, 8594, 2155, 8950, 1191, 9697, 3221, 4489, 3752, 4322, 8277, 8599, 7894, 4224, 7915, 8514, 8702, 442]",131,40,6,False,20
949,virtual card not working,getting virtual,40,False,False,False,"{66: 2, 5: 1, 36: 1, 47: 1, 62: 1, 46: 1, 56: 2, 61: 1, 11: 2, 16: 1, 48: 1, 34: 2, 12: 2, 2: 1, 28: 1, 0: 1, 59: 4, 50: 1, 13: 1, 6: 1, 20: 1, 21: 1, 76: 1, 71: 2, 75: 1, 3: 1, 1: 1, 45: 1, 39: 1, 25: 1, 14: 1}","[17, 1668, 3364, 5653, 2131, 2721, 2497, 7761, 1906, 759, 1074, 3314, 748, 3422, 4828, 1835, 3959, 7966, 3818, 4479, 8137, 5872, 1748, 8594, 2155, 8950, 1191, 9697, 3221, 4489, 3752, 4322, 8277, 8599, 7894, 4224, 7915, 8514, 8702, 442]",949,40,6,False,20
2528,virtual card not working,virtual,72,False,True,False,"{66: 2, 5: 1, 36: 1, 47: 1, 62: 1, 46: 1, 56: 2, 61: 1, 11: 2, 16: 1, 48: 1, 34: 2, 12: 2, 2: 1, 28: 1, 0: 1, 59: 4, 50: 1, 13: 1, 6: 1, 20: 1, 21: 1, 76: 1, 71: 2, 75: 1, 3: 1, 1: 1, 45: 1, 39: 1, 25: 1, 14: 1}","[17, 1668, 3364, 5653, 2131, 2721, 2497, 7761, 1906, 759, 1074, 3314, 748, 3422, 4828, 1835, 3959, 7966, 3818, 4479, 8137, 5872, 1748, 8594, 2155, 8950, 1191, 9697, 3221, 4489, 3752, 4322, 8277, 8599, 7894, 4224, 7915, 8514, 8702, 442]",2528,40,6,False,20
2158,change pin,change,21,True,True,False,"{66: 2, 5: 1, 36: 1, 47: 1, 62: 1, 46: 1, 56: 2, 61: 1, 11: 2, 16: 1, 48: 1, 34: 2, 12: 2, 2: 1, 28: 1, 0: 1, 59: 4, 50: 1, 13: 1, 6: 1, 20: 1, 21: 1, 76: 1, 71: 2, 75: 1, 3: 1, 1: 1, 45: 1, 39: 1, 25: 1, 14: 1}","[17, 1668, 3364, 5653, 2131, 2721, 2497, 7761, 1906, 759, 1074, 3314, 748, 3422, 4828, 1835, 3959, 7966, 3818, 4479, 8137, 5872, 1748, 8594, 2155, 8950, 1191, 9697, 3221, 4489, 3752, 4322, 8277, 8599, 7894, 4224, 7915, 8514, 8702, 442]",2158,40,6,False,20
2705,balance not updated after cheque or cash deposit,balance not updated after bank,5,True,False,False,"{66: 2, 5: 1, 36: 1, 47: 1, 62: 1, 46: 1, 56: 2, 61: 1, 11: 2, 16: 1, 48: 1, 34: 2, 12: 2, 2: 1, 28: 1, 0: 1, 59: 4, 50: 1, 13: 1, 6: 1, 20: 1, 21: 1, 76: 1, 71: 2, 75: 1, 3: 1, 1: 1, 45: 1, 39: 1, 25: 1, 14: 1}","[17, 1668, 3364, 5653, 2131, 2721, 2497, 7761, 1906, 759, 1074, 3314, 748, 3422, 4828, 1835, 3959, 7966, 3818, 4479, 8137, 5872, 1748, 8594, 2155, 8950, 1191, 9697, 3221, 4489, 3752, 4322, 8277, 8599, 7894, 4224, 7915, 8514, 8702, 442]",2705,40,6,False,20
592,contactless not working,contact,23,False,True,False,"{66: 2, 5: 1, 36: 1, 47: 1, 62: 1, 46: 1, 56: 2, 61: 1, 11: 2, 16: 1, 48: 1, 34: 2, 12: 2, 2: 1, 28: 1, 0: 1, 59: 4, 50: 1, 13: 1, 6: 1, 20: 1, 21: 1, 76: 1, 71: 2, 75: 1, 3: 1, 1: 1, 45: 1, 39: 1, 25: 1, 14: 1}","[17, 1668, 3364, 5653, 2131, 2721, 2497, 7761, 1906, 759, 1074, 3314, 748, 3422, 4828, 1835, 3959, 7966, 3818, 4479, 8137, 5872, 1748, 8594, 2155, 8950, 1191, 9697, 3221, 4489, 3752, 4322, 8277, 8599, 7894, 4224, 7915, 8514, 8702, 442]",592,40,6,False,20
2511,card delivery estimate,order,43,False,False,False,"{66: 2, 5: 1, 36: 1, 47: 1, 62: 1, 46: 1, 56: 2, 61: 1, 11: 2, 16: 1, 48: 1, 34: 2, 12: 2, 2: 1, 28: 1, 0: 1, 59: 4, 50: 1, 13: 1, 6: 1, 20: 1, 21: 1, 76: 1, 71: 2, 75: 1, 3: 1, 1: 1, 45: 1, 39: 1, 25: 1, 14: 1}","[17, 1668, 3364, 5653, 2131, 2721, 2497, 7761, 1906, 759, 1074, 3314, 748, 3422, 4828, 1835, 3959, 7966, 3818, 4479, 8137, 5872, 1748, 8594, 2155, 8950, 1191, 9697, 3221, 4489, 3752, 4322, 8277, 8599, 7894, 4224, 7915, 8514, 8702, 442]",2511,40,6,False,20
1080,transaction charged twice,card payment not,16,True,False,False,"{66: 2, 5: 1, 36: 1, 47: 1, 62: 1, 46: 1, 56: 2, 61: 1, 11: 2, 16: 1, 48: 1, 34: 2, 12: 2, 2: 1, 28: 1, 0: 1, 59: 4, 50: 1, 13: 1, 6: 1, 20: 1, 21: 1, 76: 1, 71: 2, 75: 1, 3: 1, 1: 1, 45: 1, 39: 1, 25: 1, 14: 1}","[17, 1668, 3364, 5653, 2131, 2721, 2497, 7761, 1906, 759, 1074, 3314, 748, 3422, 4828, 1835, 3959, 7966, 3818, 4479, 8137, 5872, 1748, 8594, 2155, 8950, 1191, 9697, 3221, 4489, 3752, 4322, 8277, 8599, 7894, 4224, 7915, 8514, 8702, 442]",1080,40,6,False,20
1361,top up by card charge,dispos,29,False,False,False,"{66: 2, 5: 1, 36: 1, 47: 1, 62: 1, 46: 1, 56: 2, 61: 1, 11: 2, 16: 1, 48: 1, 34: 2, 12: 2, 2: 1, 28: 1, 0: 1, 59: 4, 50: 1, 13: 1, 6: 1, 20: 1, 21: 1, 76: 1, 71: 2, 75: 1, 3: 1, 1: 1, 45: 1, 39: 1, 25: 1, 14: 1}","[17, 1668, 3364, 5653, 2131, 2721, 2497, 7761, 1906, 759, 1074, 3314, 748, 3422, 4828, 1835, 3959, 7966, 3818, 4479, 8137, 5872, 1748, 8594, 2155, 8950, 1191, 9697, 3221, 4489, 3752, 4322, 8277, 8599, 7894, 4224, 7915, 8514, 8702, 442]",1361,40,6,False,20
448,card not working,lost or stolen card,41,False,False,False,"{66: 2, 5: 1, 36: 1, 47: 1, 62: 1, 46: 1, 56: 2, 61: 1, 11: 2, 16: 1, 48: 1, 34: 2, 12: 2, 2: 1, 28: 1, 0: 1, 59: 4, 50: 1, 13: 1, 6: 1, 20: 1, 21: 1, 76: 1, 71: 2, 75: 1, 3: 1, 1: 1, 45: 1, 39: 1, 25: 1, 14: 1}","[17, 1668, 3364, 5653, 2131, 2721, 2497, 7761, 1906, 759, 1074, 3314, 748, 3422, 4828, 1835, 3959, 7966, 3818, 4479, 8137, 5872, 1748, 8594, 2155, 8950, 1191, 9697, 3221, 4489, 3752, 4322, 8277, 8599, 7894, 4224, 7915, 8514, 8702, 442]",448,40,6,False,20
18,card delivery estimate,card arrival,11,True,False,False,"{66: 2, 5: 1, 36: 1, 47: 1, 62: 1, 46: 1, 56: 2, 61: 1, 11: 2, 16: 1, 48: 1, 34: 2, 12: 2, 2: 1, 28: 1, 0: 1, 59: 4, 50: 1, 13: 1, 6: 1, 20: 1, 21: 1, 76: 1, 71: 2, 75: 1, 3: 1, 1: 1, 45: 1, 39: 1, 25: 1, 14: 1}","[17, 1668, 3364, 5653, 2131, 2721, 2497, 7761, 1906, 759, 1074, 3314, 748, 3422, 4828, 1835, 3959, 7966, 3818, 4479, 8137, 5872, 1748, 8594, 2155, 8950, 1191, 9697, 3221, 4489, 3752, 4322, 8277, 8599, 7894, 4224, 7915, 8514, 8702, 442]",18,40,6,False,20
1168,why verify identity,why,74,False,True,False,"{66: 2, 5: 1, 36: 1, 47: 1, 62: 1, 46: 1, 56: 2, 61: 1, 11: 2, 16: 1, 48: 1, 34: 2, 12: 2, 2: 1, 28: 1, 0: 1, 59: 4, 50: 1, 13: 1, 6: 1, 20: 1, 21: 1, 76: 1, 71: 2, 75: 1, 3: 1, 1: 1, 45: 1, 39: 1, 25: 1, 14: 1}","[17, 1668, 3364, 5653, 2131, 2721, 2497, 7761, 1906, 759, 1074, 3314, 748, 3422, 4828, 1835, 3959, 7966, 3818, 4479, 8137, 5872, 1748, 8594, 2155, 8950, 1191, 9697, 3221, 4489, 3752, 4322, 8277, 8599, 7894, 4224, 7915, 8514, 8702, 442]",1168,40,6,False,20
2396,top up by card charge,verify top,71,True,False,False,"{66: 2, 5: 1, 36: 1, 47: 1, 62: 1, 46: 1, 56: 2, 61: 1, 11: 2, 16: 1, 48: 1, 34: 2, 12: 2, 2: 1, 28: 1, 0: 1, 59: 4, 50: 1, 13: 1, 6: 1, 20: 1, 21: 1, 76: 1, 71: 2, 75: 1, 3: 1, 1: 1, 45: 1, 39: 1, 25: 1, 14: 1}","[17, 1668, 3364, 5653, 2131, 2721, 2497, 7761, 1906, 759, 1074, 3314, 748, 3422, 4828, 1835, 3959, 7966, 3818, 4479, 8137, 5872, 1748, 8594, 2155, 8950, 1191, 9697, 3221, 4489, 3752, 4322, 8277, 8599, 7894, 4224, 7915, 8514, 8702, 442]",2396,40,6,False,20
362,card not working,card not,14,True,True,False,"{66: 2, 5: 1, 36: 1, 47: 1, 62: 1, 46: 1, 56: 2, 61: 1, 11: 2, 16: 1, 48: 1, 34: 2, 12: 2, 2: 1, 28: 1, 0: 1, 59: 4, 50: 1, 13: 1, 6: 1, 20: 1, 21: 1, 76: 1, 71: 2, 75: 1, 3: 1, 1: 1, 45: 1, 39: 1, 25: 1, 14: 1}","[17, 1668, 3364, 5653, 2131, 2721, 2497, 7761, 1906, 759, 1074, 3314, 748, 3422, 4828, 1835, 3959, 7966, 3818, 4479, 8137, 5872, 1748, 8594, 2155, 8950, 1191, 9697, 3221, 4489, 3752, 4322, 8277, 8599, 7894, 4224, 7915, 8514, 8702, 442]",362,40,6,False,20
1456,cash withdrawal not recognised,at,3,True,False,False,"{66: 2, 5: 1, 36: 1, 47: 1, 62: 1, 46: 1, 56: 2, 61: 1, 11: 2, 16: 1, 48: 1, 34: 2, 12: 2, 2: 1, 28: 1, 0: 1, 59: 4, 50: 1, 13: 1, 6: 1, 20: 1, 21: 1, 76: 1, 71: 2, 75: 1, 3: 1, 1: 1, 45: 1, 39: 1, 25: 1, 14: 1}","[17, 1668, 3364, 5653, 2131, 2721, 2497, 7761, 1906, 759, 1074, 3314, 748, 3422, 4828, 1835, 3959, 7966, 3818, 4479, 8137, 5872, 1748, 8594, 2155, 8950, 1191, 9697, 3221, 4489, 3752, 4322, 8277, 8599, 7894, 4224, 7915, 8514, 8702, 442]",1456,40,6,False,20
1735,card payment not recognised,declined transfer,27,False,False,False,"{66: 2, 5: 1, 36: 1, 47: 1, 62: 1, 46: 1, 56: 2, 61: 1, 11: 2, 16: 1, 48: 1, 34: 2, 12: 2, 2: 1, 28: 1, 0: 1, 59: 4, 50: 1, 13: 1, 6: 1, 20: 1, 21: 1, 76: 1, 71: 2, 75: 1, 3: 1, 1: 1, 45: 1, 39: 1, 25: 1, 14: 1}","[17, 1668, 3364, 5653, 2131, 2721, 2497, 7761, 1906, 759, 1074, 3314, 748, 3422, 4828, 1835, 3959, 7966, 3818, 4479, 8137, 5872, 1748, 8594, 2155, 8950, 1191, 9697, 3221, 4489, 3752, 4322, 8277, 8599, 7894, 4224, 7915, 8514, 8702, 442]",1735,40,6,False,20
2579,cash withdrawal not recognised,wrong exchange,76,True,False,False,"{66: 2, 5: 1, 36: 1, 47: 1, 62: 1, 46: 1, 56: 2, 61: 1, 11: 2, 16: 1, 48: 1, 34: 2, 12: 2, 2: 1, 28: 1, 0: 1, 59: 4, 50: 1, 13: 1, 6: 1, 20: 1, 21: 1, 76: 1, 71: 2, 75: 1, 3: 1, 1: 1, 45: 1, 39: 1, 25: 1, 14: 1}","[17, 1668, 3364, 5653, 2131, 2721, 2497, 7761, 1906, 759, 1074, 3314, 748, 3422, 4828, 1835, 3959, 7966, 3818, 4479, 8137, 5872, 1748, 8594, 2155, 8950, 1191, 9697, 3221, 4489, 3752, 4322, 8277, 8599, 7894, 4224, 7915, 8514, 8702, 442]",2579,40,6,False,20
385,card not working,card not,14,True,True,False,"{66: 2, 5: 1, 36: 1, 47: 1, 62: 1, 46: 1, 56: 2, 61: 1, 11: 2, 16: 1, 48: 1, 34: 2, 12: 2, 2: 1, 28: 1, 0: 1, 59: 4, 50: 1, 13: 1, 6: 1, 20: 1, 21: 1, 76: 1, 71: 2, 75: 1, 3: 1, 1: 1, 45: 1, 39: 1, 25: 1, 14: 1}","[17, 1668, 3364, 5653, 2131, 2721, 2497, 7761, 1906, 759, 1074, 3314, 748, 3422, 4828, 1835, 3959, 7966, 3818, 4479, 8137, 5872, 1748, 8594, 2155, 8950, 1191, 9697, 3221, 4489, 3752, 4322, 8277, 8599, 7894, 4224, 7915, 8514, 8702, 442]",385,40,6,False,20
2555,virtual card not working,virtual,72,False,True,False,"{66: 2, 5: 1, 36: 1, 47: 1, 62: 1, 46: 1, 56: 2, 61: 1, 11: 2, 16: 1, 48: 1, 34: 2, 12: 2, 2: 1, 28: 1, 0: 1, 59: 4, 50: 1, 13: 1, 6: 1, 20: 1, 21: 1, 76: 1, 71: 2, 75: 1, 3: 1, 1: 1, 45: 1, 39: 1, 25: 1, 14: 1}","[17, 1668, 3364, 5653, 2131, 2721, 2497, 7761, 1906, 759, 1074, 3314, 748, 3422, 4828, 1835, 3959, 7966, 3818, 4479, 8137, 5872, 1748, 8594, 2155, 8950, 1191, 9697, 3221, 4489, 3752, 4322, 8277, 8599, 7894, 4224, 7915, 8514, 8702, 442]",2555,40,6,False,20
2307,failed transfer,failed,35,False,True,False,"{66: 2, 5: 1, 36: 1, 47: 1, 62: 1, 46: 1, 56: 2, 61: 1, 11: 2, 16: 1, 48: 1, 34: 2, 12: 2, 2: 1, 28: 1, 0: 1, 59: 4, 50: 1, 13: 1, 6: 1, 20: 1, 21: 1, 76: 1, 71: 2, 75: 1, 3: 1, 1: 1, 45: 1, 39: 1, 25: 1, 14: 1}","[17, 1668, 3364, 5653, 2131, 2721, 2497, 7761, 1906, 759, 1074, 3314, 748, 3422, 4828, 1835, 3959, 7966, 3818, 4479, 8137, 5872, 1748, 8594, 2155, 8950, 1191, 9697, 3221, 4489, 3752, 4322, 8277, 8599, 7894, 4224, 7915, 8514, 8702, 442]",2307,40,6,False,20
1779,balance not updated after cheque or cash deposit,Ref,51,False,False,False,"{66: 2, 5: 1, 36: 1, 47: 1, 62: 1, 46: 1, 56: 2, 61: 1, 11: 2, 16: 1, 48: 1, 34: 2, 12: 2, 2: 1, 28: 1, 0: 1, 59: 4, 50: 1, 13: 1, 6: 1, 20: 1, 21: 1, 76: 1, 71: 2, 75: 1, 3: 1, 1: 1, 45: 1, 39: 1, 25: 1, 14: 1}","[17, 1668, 3364, 5653, 2131, 2721, 2497, 7761, 1906, 759, 1074, 3314, 748, 3422, 4828, 1835, 3959, 7966, 3818, 4479, 8137, 5872, 1748, 8594, 2155, 8950, 1191, 9697, 3221, 4489, 3752, 4322, 8277, 8599, 7894, 4224, 7915, 8514, 8702, 442]",1779,40,6,False,20
1119,card payment not recognised,card payment not,16,True,True,False,"{66: 2, 5: 1, 36: 1, 47: 1, 62: 1, 46: 1, 56: 2, 61: 1, 11: 2, 16: 1, 48: 1, 34: 2, 12: 2, 2: 1, 28: 1, 0: 1, 59: 4, 50: 1, 13: 1, 6: 1, 20: 1, 21: 1, 76: 1, 71: 2, 75: 1, 3: 1, 1: 1, 45: 1, 39: 1, 25: 1, 14: 1}","[17, 1668, 3364, 5653, 2131, 2721, 2497, 7761, 1906, 759, 1074, 3314, 748, 3422, 4828, 1835, 3959, 7966, 3818, 4479, 8137, 5872, 1748, 8594, 2155, 8950, 1191, 9697, 3221, 4489, 3752, 4322, 8277, 8599, 7894, 4224, 7915, 8514, 8702, 442]",1119,40,6,False,20
2104,top up reverted,revert,53,False,False,False,"{66: 2, 5: 1, 36: 1, 47: 1, 62: 1, 46: 1, 56: 2, 61: 1, 11: 2, 16: 1, 48: 1, 34: 2, 12: 2, 2: 1, 28: 1, 0: 1, 59: 4, 50: 1, 13: 1, 6: 1, 20: 1, 21: 1, 76: 1, 71: 2, 75: 1, 3: 1, 1: 1, 45: 1, 39: 1, 25: 1, 14: 1}","[17, 1668, 3364, 5653, 2131, 2721, 2497, 7761, 1906, 759, 1074, 3314, 748, 3422, 4828, 1835, 3959, 7966, 3818, 4479, 8137, 5872, 1748, 8594, 2155, 8950, 1191, 9697, 3221, 4489, 3752, 4322, 8277, 8599, 7894, 4224, 7915, 8514, 8702, 442]",2104,40,6,False,20
713,cancel transfer,cancel,8,False,True,False,"{66: 2, 5: 1, 36: 1, 47: 1, 62: 1, 46: 1, 56: 2, 61: 1, 11: 2, 16: 1, 48: 1, 34: 2, 12: 2, 2: 1, 28: 1, 0: 1, 59: 4, 50: 1, 13: 1, 6: 1, 20: 1, 21: 1, 76: 1, 71: 2, 75: 1, 3: 1, 1: 1, 45: 1, 39: 1, 25: 1, 14: 1}","[17, 1668, 3364, 5653, 2131, 2721, 2497, 7761, 1906, 759, 1074, 3314, 748, 3422, 4828, 1835, 3959, 7966, 3818, 4479, 8137, 5872, 1748, 8594, 2155, 8950, 1191, 9697, 3221, 4489, 3752, 4322, 8277, 8599, 7894, 4224, 7915, 8514, 8702, 442]",713,40,6,False,20
2077,transfer not received by recipient,transfer timing,67,False,False,False,"{66: 2, 5: 1, 36: 1, 47: 1, 62: 1, 46: 1, 56: 2, 61: 1, 11: 2, 16: 1, 48: 1, 34: 2, 12: 2, 2: 1, 28: 1, 0: 1, 59: 4, 50: 1, 13: 1, 6: 1, 20: 1, 21: 1, 76: 1, 71: 2, 75: 1, 3: 1, 1: 1, 45: 1, 39: 1, 25: 1, 14: 1}","[17, 1668, 3364, 5653, 2131, 2721, 2497, 7761, 1906, 759, 1074, 3314, 748, 3422, 4828, 1835, 3959, 7966, 3818, 4479, 8137, 5872, 1748, 8594, 2155, 8950, 1191, 9697, 3221, 4489, 3752, 4322, 8277, 8599, 7894, 4224, 7915, 8514, 8702, 442]",2077,40,6,False,20
1671,lost or stolen phone,lost or stolen phone,42,False,True,False,"{66: 2, 5: 1, 36: 1, 47: 1, 62: 1, 46: 1, 56: 2, 61: 1, 11: 2, 16: 1, 48: 1, 34: 2, 12: 2, 2: 1, 28: 1, 0: 1, 59: 4, 50: 1, 13: 1, 6: 1, 20: 1, 21: 1, 76: 1, 71: 2, 75: 1, 3: 1, 1: 1, 45: 1, 39: 1, 25: 1, 14: 1}","[17, 1668, 3364, 5653, 2131, 2721, 2497, 7761, 1906, 759, 1074, 3314, 748, 3422, 4828, 1835, 3959, 7966, 3818, 4479, 8137, 5872, 1748, 8594, 2155, 8950, 1191, 9697, 3221, 4489, 3752, 4322, 8277, 8599, 7894, 4224, 7915, 8514, 8702, 442]",1671,40,6,False,20
1150,change pin,edit,30,False,False,False,"{66: 2, 5: 1, 36: 1, 47: 1, 62: 1, 46: 1, 56: 2, 61: 1, 11: 2, 16: 1, 48: 1, 34: 2, 12: 2, 2: 1, 28: 1, 0: 1, 59: 4, 50: 1, 13: 1, 6: 1, 20: 1, 21: 1, 76: 1, 71: 2, 75: 1, 3: 1, 1: 1, 45: 1, 39: 1, 25: 1, 14: 1}","[17, 1668, 3364, 5653, 2131, 2721, 2497, 7761, 1906, 759, 1074, 3314, 748, 3422, 4828, 1835, 3959, 7966, 3818, 4479, 8137, 5872, 1748, 8594, 2155, 8950, 1191, 9697, 3221, 4489, 3752, 4322, 8277, 8599, 7894, 4224, 7915, 8514, 8702, 442]",1150,40,6,False,20
1491,extra charge on statement,direct,28,True,False,False,"{66: 2, 5: 1, 36: 1, 47: 1, 62: 1, 46: 1, 56: 2, 61: 1, 11: 2, 16: 1, 48: 1, 34: 2, 12: 2, 2: 1, 28: 1, 0: 1, 59: 4, 50: 1, 13: 1, 6: 1, 20: 1, 21: 1, 76: 1, 71: 2, 75: 1, 3: 1, 1: 1, 45: 1, 39: 1, 25: 1, 14: 1}","[17, 1668, 3364, 5653, 2131, 2721, 2497, 7761, 1906, 759, 1074, 3314, 748, 3422, 4828, 1835, 3959, 7966, 3818, 4479, 8137, 5872, 1748, 8594, 2155, 8950, 1191, 9697, 3221, 4489, 3752, 4322, 8277, 8599, 7894, 4224, 7915, 8514, 8702, 442]",1491,40,6,False,20
2610,disposable card limits,get dispos,37,False,False,False,"{66: 2, 5: 1, 36: 1, 47: 1, 62: 1, 46: 1, 56: 2, 61: 1, 11: 2, 16: 1, 48: 1, 34: 2, 12: 2, 2: 1, 28: 1, 0: 1, 59: 4, 50: 1, 13: 1, 6: 1, 20: 1, 21: 1, 76: 1, 71: 2, 75: 1, 3: 1, 1: 1, 45: 1, 39: 1, 25: 1, 14: 1}","[17, 1668, 3364, 5653, 2131, 2721, 2497, 7761, 1906, 759, 1074, 3314, 748, 3422, 4828, 1835, 3959, 7966, 3818, 4479, 8137, 5872, 1748, 8594, 2155, 8950, 1191, 9697, 3221, 4489, 3752, 4322, 8277, 8599, 7894, 4224, 7915, 8514, 8702, 442]",2610,40,6,False,20
1729,transfer not received by recipient,declined transfer,27,False,False,False,"{66: 2, 5: 1, 36: 1, 47: 1, 62: 1, 46: 1, 56: 2, 61: 1, 11: 2, 16: 1, 48: 1, 34: 2, 12: 2, 2: 1, 28: 1, 0: 1, 59: 4, 50: 1, 13: 1, 6: 1, 20: 1, 21: 1, 76: 1, 71: 2, 75: 1, 3: 1, 1: 1, 45: 1, 39: 1, 25: 1, 14: 1}","[17, 1668, 3364, 5653, 2131, 2721, 2497, 7761, 1906, 759, 1074, 3314, 748, 3422, 4828, 1835, 3959, 7966, 3818, 4479, 8137, 5872, 1748, 8594, 2155, 8950, 1191, 9697, 3221, 4489, 3752, 4322, 8277, 8599, 7894, 4224, 7915, 8514, 8702, 442]",1729,40,6,False,20
1360,get disposable virtual card,dispos,29,False,False,False,"{66: 2, 5: 1, 36: 1, 47: 1, 62: 1, 46: 1, 56: 2, 61: 1, 11: 2, 16: 1, 48: 1, 34: 2, 12: 2, 2: 1, 28: 1, 0: 1, 59: 4, 50: 1, 13: 1, 6: 1, 20: 1, 21: 1, 76: 1, 71: 2, 75: 1, 3: 1, 1: 1, 45: 1, 39: 1, 25: 1, 14: 1}","[17, 1668, 3364, 5653, 2131, 2721, 2497, 7761, 1906, 759, 1074, 3314, 748, 3422, 4828, 1835, 3959, 7966, 3818, 4479, 8137, 5872, 1748, 8594, 2155, 8950, 1191, 9697, 3221, 4489, 3752, 4322, 8277, 8599, 7894, 4224, 7915, 8514, 8702, 442]",1360,40,6,False,20
1397,disposable card limits,dispos,29,False,True,False,"{66: 2, 5: 1, 36: 1, 47: 1, 62: 1, 46: 1, 56: 2, 61: 1, 11: 2, 16: 1, 48: 1, 34: 2, 12: 2, 2: 1, 28: 1, 0: 1, 59: 4, 50: 1, 13: 1, 6: 1, 20: 1, 21: 1, 76: 1, 71: 2, 75: 1, 3: 1, 1: 1, 45: 1, 39: 1, 25: 1, 14: 1}","[17, 1668, 3364, 5653, 2131, 2721, 2497, 7761, 1906, 759, 1074, 3314, 748, 3422, 4828, 1835, 3959, 7966, 3818, 4479, 8137, 5872, 1748, 8594, 2155, 8950, 1191, 9697, 3221, 4489, 3752, 4322, 8277, 8599, 7894, 4224, 7915, 8514, 8702, 442]",1397,40,6,False,20
842,transaction charged twice,transfer not,66,True,False,False,"{66: 2, 5: 1, 36: 1, 47: 1, 62: 1, 46: 1, 56: 2, 61: 1, 11: 2, 16: 1, 48: 1, 34: 2, 12: 2, 2: 1, 28: 1, 0: 1, 59: 4, 50: 1, 13: 1, 6: 1, 20: 1, 21: 1, 76: 1, 71: 2, 75: 1, 3: 1, 1: 1, 45: 1, 39: 1, 25: 1, 14: 1}","[17, 1668, 3364, 5653, 2131, 2721, 2497, 7761, 1906, 759, 1074, 3314, 748, 3422, 4828, 1835, 3959, 7966, 3818, 4479, 8137, 5872, 1748, 8594, 2155, 8950, 1191, 9697, 3221, 4489, 3752, 4322, 8277, 8599, 7894, 4224, 7915, 8514, 8702, 442]",842,40,6,False,20
2504,card delivery estimate,order,43,False,False,False,"{66: 2, 5: 1, 36: 1, 47: 1, 62: 1, 46: 1, 56: 2, 61: 1, 11: 2, 16: 1, 48: 1, 34: 2, 12: 2, 2: 1, 28: 1, 0: 1, 59: 4, 50: 1, 13: 1, 6: 1, 20: 1, 21: 1, 76: 1, 71: 2, 75: 1, 3: 1, 1: 1, 45: 1, 39: 1, 25: 1, 14: 1}","[17, 1668, 3364, 5653, 2131, 2721, 2497, 7761, 1906, 759, 1074, 3314, 748, 3422, 4828, 1835, 3959, 7966, 3818, 4479, 8137, 5872, 1748, 8594, 2155, 8950, 1191, 9697, 3221, 4489, 3752, 4322, 8277, 8599, 7894, 4224, 7915, 8514, 8702, 442]",2504,40,6,False,20
538,card not working,pin,49,False,False,False,"{66: 2, 5: 1, 36: 1, 47: 1, 62: 1, 46: 1, 56: 2, 61: 1, 11: 2, 16: 1, 48: 1, 34: 2, 12: 2, 2: 1, 28: 1, 0: 1, 59: 4, 50: 1, 13: 1, 6: 1, 20: 1, 21: 1, 76: 1, 71: 2, 75: 1, 3: 1, 1: 1, 45: 1, 39: 1, 25: 1, 14: 1}","[17, 1668, 3364, 5653, 2131, 2721, 2497, 7761, 1906, 759, 1074, 3314, 748, 3422, 4828, 1835, 3959, 7966, 3818, 4479, 8137, 5872, 1748, 8594, 2155, 8950, 1191, 9697, 3221, 4489, 3752, 4322, 8277, 8599, 7894, 4224, 7915, 8514, 8702, 442]",538,40,6,False,20
2020,balance not updated after cheque or cash deposit,verify source,70,False,False,False,"{66: 2, 5: 1, 36: 1, 47: 1, 62: 1, 46: 1, 56: 2, 61: 1, 11: 2, 16: 1, 48: 1, 34: 2, 12: 2, 2: 1, 28: 1, 0: 1, 59: 4, 50: 1, 13: 1, 6: 1, 20: 1, 21: 1, 76: 1, 71: 2, 75: 1, 3: 1, 1: 1, 45: 1, 39: 1, 25: 1, 14: 1}","[17, 1668, 3364, 5653, 2131, 2721, 2497, 7761, 1906, 759, 1074, 3314, 748, 3422, 4828, 1835, 3959, 7966, 3818, 4479, 8137, 5872, 1748, 8594, 2155, 8950, 1191, 9697, 3221, 4489, 3752, 4322, 8277, 8599, 7894, 4224, 7915, 8514, 8702, 442]",2020,40,6,False,20
769,wrong amount of cash received,wrong amount,75,True,True,False,"{66: 2, 5: 1, 36: 1, 47: 1, 62: 1, 46: 1, 56: 2, 61: 1, 11: 2, 16: 1, 48: 1, 34: 2, 12: 2, 2: 1, 28: 1, 0: 1, 59: 4, 50: 1, 13: 1, 6: 1, 20: 1, 21: 1, 76: 1, 71: 2, 75: 1, 3: 1, 1: 1, 45: 1, 39: 1, 25: 1, 14: 1}","[17, 1668, 3364, 5653, 2131, 2721, 2497, 7761, 1906, 759, 1074, 3314, 748, 3422, 4828, 1835, 3959, 7966, 3818, 4479, 8137, 5872, 1748, 8594, 2155, 8950, 1191, 9697, 3221, 4489, 3752, 4322, 8277, 8599, 7894, 4224, 7915, 8514, 8702, 442]",769,40,6,False,20
945,card delivery estimate,getting virtual,40,False,False,False,"{66: 2, 5: 1, 36: 1, 47: 1, 62: 1, 46: 1, 56: 2, 61: 1, 11: 2, 16: 1, 48: 1, 34: 2, 12: 2, 2: 1, 28: 1, 0: 1, 59: 4, 50: 1, 13: 1, 6: 1, 20: 1, 21: 1, 76: 1, 71: 2, 75: 1, 3: 1, 1: 1, 45: 1, 39: 1, 25: 1, 14: 1}","[17, 1668, 3364, 5653, 2131, 2721, 2497, 7761, 1906, 759, 1074, 3314, 748, 3422, 4828, 1835, 3959, 7966, 3818, 4479, 8137, 5872, 1748, 8594, 2155, 8950, 1191, 9697, 3221, 4489, 3752, 4322, 8277, 8599, 7894, 4224, 7915, 8514, 8702, 442]",945,40,6,False,20
1591,atm support,declined c,26,False,False,False,"{66: 2, 5: 1, 36: 1, 47: 1, 62: 1, 46: 1, 56: 2, 61: 1, 11: 2, 16: 1, 48: 1, 34: 2, 12: 2, 2: 1, 28: 1, 0: 1, 59: 4, 50: 1, 13: 1, 6: 1, 20: 1, 21: 1, 76: 1, 71: 2, 75: 1, 3: 1, 1: 1, 45: 1, 39: 1, 25: 1, 14: 1}","[17, 1668, 3364, 5653, 2131, 2721, 2497, 7761, 1906, 759, 1074, 3314, 748, 3422, 4828, 1835, 3959, 7966, 3818, 4479, 8137, 5872, 1748, 8594, 2155, 8950, 1191, 9697, 3221, 4489, 3752, 4322, 8277, 8599, 7894, 4224, 7915, 8514, 8702, 442]",1591,40,6,False,20
1818,declined card payment,declined card,25,True,True,False,"{66: 2, 5: 1, 36: 1, 47: 1, 62: 1, 46: 1, 56: 2, 61: 1, 11: 2, 16: 1, 48: 1, 34: 2, 12: 2, 2: 1, 28: 1, 0: 1, 59: 4, 50: 1, 13: 1, 6: 1, 20: 1, 21: 1, 76: 1, 71: 2, 75: 1, 3: 1, 1: 1, 45: 1, 39: 1, 25: 1, 14: 1}","[17, 1668, 3364, 5653, 2131, 2721, 2497, 7761, 1906, 759, 1074, 3314, 748, 3422, 4828, 1835, 3959, 7966, 3818, 4479, 8137, 5872, 1748, 8594, 2155, 8950, 1191, 9697, 3221, 4489, 3752, 4322, 8277, 8599, 7894, 4224, 7915, 8514, 8702, 442]",1818,40,6,False,20
1876,transfer not received by recipient,pending transfer,48,True,False,False,"{66: 2, 5: 1, 36: 1, 47: 1, 62: 1, 46: 1, 56: 2, 61: 1, 11: 2, 16: 1, 48: 1, 34: 2, 12: 2, 2: 1, 28: 1, 0: 1, 59: 4, 50: 1, 13: 1, 6: 1, 20: 1, 21: 1, 76: 1, 71: 2, 75: 1, 3: 1, 1: 1, 45: 1, 39: 1, 25: 1, 14: 1}","[17, 1668, 3364, 5653, 2131, 2721, 2497, 7761, 1906, 759, 1074, 3314, 748, 3422, 4828, 1835, 3959, 7966, 3818, 4479, 8137, 5872, 1748, 8594, 2155, 8950, 1191, 9697, 3221, 4489, 3752, 4322, 8277, 8599, 7894, 4224, 7915, 8514, 8702, 442]",1876,40,6,False,20
3031,verify my identity,verify my,69,False,True,False,"{66: 2, 5: 1, 36: 1, 47: 1, 62: 1, 46: 1, 56: 2, 61: 1, 11: 2, 16: 1, 48: 1, 34: 2, 12: 2, 2: 1, 28: 1, 0: 1, 59: 4, 50: 1, 13: 1, 6: 1, 20: 1, 21: 1, 76: 1, 71: 2, 75: 1, 3: 1, 1: 1, 45: 1, 39: 1, 25: 1, 14: 1}","[17, 1668, 3364, 5653, 2131, 2721, 2497, 7761, 1906, 759, 1074, 3314, 748, 3422, 4828, 1835, 3959, 7966, 3818, 4479, 8137, 5872, 1748, 8594, 2155, 8950, 1191, 9697, 3221, 4489, 3752, 4322, 8277, 8599, 7894, 4224, 7915, 8514, 8702, 442]",3031,40,6,False,20
1992,transaction charged twice,transaction,63,False,True,False,"{66: 2, 5: 1, 36: 1, 47: 1, 62: 1, 46: 1, 56: 2, 61: 1, 11: 2, 16: 1, 48: 1, 34: 2, 12: 2, 2: 1, 28: 1, 0: 1, 59: 4, 50: 1, 13: 1, 6: 1, 20: 1, 21: 1, 76: 1, 71: 2, 75: 1, 3: 1, 1: 1, 45: 1, 39: 1, 25: 1, 14: 1}","[17, 1668, 3364, 5653, 2131, 2721, 2497, 7761, 1906, 759, 1074, 3314, 748, 3422, 4828, 1835, 3959, 7966, 3818, 4479, 8137, 5872, 1748, 8594, 2155, 8950, 1191, 9697, 3221, 4489, 3752, 4322, 8277, 8599, 7894, 4224, 7915, 8514, 8702, 442]",1992,40,6,False,20
2997,apple pay or google pay,apple,2,True,True,False,"{66: 2, 5: 1, 36: 1, 47: 1, 62: 1, 46: 1, 56: 2, 61: 1, 11: 2, 16: 1, 48: 1, 34: 2, 12: 2, 2: 1, 28: 1, 0: 1, 59: 4, 50: 1, 13: 1, 6: 1, 20: 1, 21: 1, 76: 1, 71: 2, 75: 1, 3: 1, 1: 1, 45: 1, 39: 1, 25: 1, 14: 1}","[17, 1668, 3364, 5653, 2131, 2721, 2497, 7761, 1906, 759, 1074, 3314, 748, 3422, 4828, 1835, 3959, 7966, 3818, 4479, 8137, 5872, 1748, 8594, 2155, 8950, 1191, 9697, 3221, 4489, 3752, 4322, 8277, 8599, 7894, 4224, 7915, 8514, 8702, 442]",2997,40,6,False,20
1228,verify my identity,unable,68,False,False,False,"{66: 2, 5: 1, 36: 1, 47: 1, 62: 1, 46: 1, 56: 2, 61: 1, 11: 2, 16: 1, 48: 1, 34: 2, 12: 2, 2: 1, 28: 1, 0: 1, 59: 4, 50: 1, 13: 1, 6: 1, 20: 1, 21: 1, 76: 1, 71: 2, 75: 1, 3: 1, 1: 1, 45: 1, 39: 1, 25: 1, 14: 1}","[17, 1668, 3364, 5653, 2131, 2721, 2497, 7761, 1906, 759, 1074, 3314, 748, 3422, 4828, 1835, 3959, 7966, 3818, 4479, 8137, 5872, 1748, 8594, 2155, 8950, 1191, 9697, 3221, 4489, 3752, 4322, 8277, 8599, 7894, 4224, 7915, 8514, 8702, 442]",1228,40,6,False,20
1682,get physical card,request,52,False,False,False,"{66: 2, 5: 1, 36: 1, 47: 1, 62: 1, 46: 1, 56: 2, 61: 1, 11: 2, 16: 1, 48: 1, 34: 2, 12: 2, 2: 1, 28: 1, 0: 1, 59: 4, 50: 1, 13: 1, 6: 1, 20: 1, 21: 1, 76: 1, 71: 2, 75: 1, 3: 1, 1: 1, 45: 1, 39: 1, 25: 1, 14: 1}","[17, 1668, 3364, 5653, 2131, 2721, 2497, 7761, 1906, 759, 1074, 3314, 748, 3422, 4828, 1835, 3959, 7966, 3818, 4479, 8137, 5872, 1748, 8594, 2155, 8950, 1191, 9697, 3221, 4489, 3752, 4322, 8277, 8599, 7894, 4224, 7915, 8514, 8702, 442]",1682,40,6,False,20
469,card not working,lost or stolen card,41,False,False,False,"{66: 2, 5: 1, 36: 1, 47: 1, 62: 1, 46: 1, 56: 2, 61: 1, 11: 2, 16: 1, 48: 1, 34: 2, 12: 2, 2: 1, 28: 1, 0: 1, 59: 4, 50: 1, 13: 1, 6: 1, 20: 1, 21: 1, 76: 1, 71: 2, 75: 1, 3: 1, 1: 1, 45: 1, 39: 1, 25: 1, 14: 1}","[17, 1668, 3364, 5653, 2131, 2721, 2497, 7761, 1906, 759, 1074, 3314, 748, 3422, 4828, 1835, 3959, 7966, 3818, 4479, 8137, 5872, 1748, 8594, 2155, 8950, 1191, 9697, 3221, 4489, 3752, 4322, 8277, 8599, 7894, 4224, 7915, 8514, 8702, 442]",469,40,6,False,20
2325,transfer into account,transfer into,65,False,True,False,"{66: 2, 5: 1, 36: 1, 47: 1, 62: 1, 46: 1, 56: 2, 61: 1, 11: 2, 16: 1, 48: 1, 34: 2, 12: 2, 2: 1, 28: 1, 0: 1, 59: 4, 50: 1, 13: 1, 6: 1, 20: 1, 21: 1, 76: 1, 71: 2, 75: 1, 3: 1, 1: 1, 45: 1, 39: 1, 25: 1, 14: 1}","[17, 1668, 3364, 5653, 2131, 2721, 2497, 7761, 1906, 759, 1074, 3314, 748, 3422, 4828, 1835, 3959, 7966, 3818, 4479, 8137, 5872, 1748, 8594, 2155, 8950, 1191, 9697, 3221, 4489, 3752, 4322, 8277, 8599, 7894, 4224, 7915, 8514, 8702, 442]",2325,40,6,False,20
732,top up limits,top up limits,60,False,True,False,"{66: 2, 5: 1, 36: 1, 47: 1, 62: 1, 46: 1, 56: 2, 61: 1, 11: 2, 16: 1, 48: 1, 34: 2, 12: 2, 2: 1, 28: 1, 0: 1, 59: 4, 50: 1, 13: 1, 6: 1, 20: 1, 21: 1, 76: 1, 71: 2, 75: 1, 3: 1, 1: 1, 45: 1, 39: 1, 25: 1, 14: 1}","[17, 1668, 3364, 5653, 2131, 2721, 2497, 7761, 1906, 759, 1074, 3314, 748, 3422, 4828, 1835, 3959, 7966, 3818, 4479, 8137, 5872, 1748, 8594, 2155, 8950, 1191, 9697, 3221, 4489, 3752, 4322, 8277, 8599, 7894, 4224, 7915, 8514, 8702, 442]",732,40,6,False,20
820,card payment fee charged,card payment fee,15,False,True,False,"{66: 2, 5: 1, 36: 1, 47: 1, 62: 1, 46: 1, 56: 2, 61: 1, 11: 2, 16: 1, 48: 1, 34: 2, 12: 2, 2: 1, 28: 1, 0: 1, 59: 4, 50: 1, 13: 1, 6: 1, 20: 1, 21: 1, 76: 1, 71: 2, 75: 1, 3: 1, 1: 1, 45: 1, 39: 1, 25: 1, 14: 1}","[17, 1668, 3364, 5653, 2131, 2721, 2497, 7761, 1906, 759, 1074, 3314, 748, 3422, 4828, 1835, 3959, 7966, 3818, 4479, 8137, 5872, 1748, 8594, 2155, 8950, 1191, 9697, 3221, 4489, 3752, 4322, 8277, 8599, 7894, 4224, 7915, 8514, 8702, 442]",820,40,6,False,20
2990,apple pay or google pay,apple,2,True,True,False,"{66: 2, 5: 1, 36: 1, 47: 1, 62: 1, 46: 1, 56: 2, 61: 1, 11: 2, 16: 1, 48: 1, 34: 2, 12: 2, 2: 1, 28: 1, 0: 1, 59: 4, 50: 1, 13: 1, 6: 1, 20: 1, 21: 1, 76: 1, 71: 2, 75: 1, 3: 1, 1: 1, 45: 1, 39: 1, 25: 1, 14: 1}","[17, 1668, 3364, 5653, 2131, 2721, 2497, 7761, 1906, 759, 1074, 3314, 748, 3422, 4828, 1835, 3959, 7966, 3818, 4479, 8137, 5872, 1748, 8594, 2155, 8950, 1191, 9697, 3221, 4489, 3752, 4322, 8277, 8599, 7894, 4224, 7915, 8514, 8702, 442]",2990,40,6,False,20
1732,transfer not received by recipient,declined transfer,27,False,False,False,"{66: 2, 5: 1, 36: 1, 47: 1, 62: 1, 46: 1, 56: 2, 61: 1, 11: 2, 16: 1, 48: 1, 34: 2, 12: 2, 2: 1, 28: 1, 0: 1, 59: 4, 50: 1, 13: 1, 6: 1, 20: 1, 21: 1, 76: 1, 71: 2, 75: 1, 3: 1, 1: 1, 45: 1, 39: 1, 25: 1, 14: 1}","[17, 1668, 3364, 5653, 2131, 2721, 2497, 7761, 1906, 759, 1074, 3314, 748, 3422, 4828, 1835, 3959, 7966, 3818, 4479, 8137, 5872, 1748, 8594, 2155, 8950, 1191, 9697, 3221, 4489, 3752, 4322, 8277, 8599, 7894, 4224, 7915, 8514, 8702, 442]",1732,40,6,False,20
1252,pin blocked,get physical,38,False,False,False,"{66: 2, 5: 1, 36: 1, 47: 1, 62: 1, 46: 1, 56: 2, 61: 1, 11: 2, 16: 1, 48: 1, 34: 2, 12: 2, 2: 1, 28: 1, 0: 1, 59: 4, 50: 1, 13: 1, 6: 1, 20: 1, 21: 1, 76: 1, 71: 2, 75: 1, 3: 1, 1: 1, 45: 1, 39: 1, 25: 1, 14: 1}","[17, 1668, 3364, 5653, 2131, 2721, 2497, 7761, 1906, 759, 1074, 3314, 748, 3422, 4828, 1835, 3959, 7966, 3818, 4479, 8137, 5872, 1748, 8594, 2155, 8950, 1191, 9697, 3221, 4489, 3752, 4322, 8277, 8599, 7894, 4224, 7915, 8514, 8702, 442]",1252,40,6,False,20
227,pending card payment,pending c,46,True,False,False,"{66: 2, 5: 1, 36: 1, 47: 1, 62: 1, 46: 1, 56: 2, 61: 1, 11: 2, 16: 1, 48: 1, 34: 2, 12: 2, 2: 1, 28: 1, 0: 1, 59: 4, 50: 1, 13: 1, 6: 1, 20: 1, 21: 1, 76: 1, 71: 2, 75: 1, 3: 1, 1: 1, 45: 1, 39: 1, 25: 1, 14: 1}","[17, 1668, 3364, 5653, 2131, 2721, 2497, 7761, 1906, 759, 1074, 3314, 748, 3422, 4828, 1835, 3959, 7966, 3818, 4479, 8137, 5872, 1748, 8594, 2155, 8950, 1191, 9697, 3221, 4489, 3752, 4322, 8277, 8599, 7894, 4224, 7915, 8514, 8702, 442]",227,40,6,False,20
1962,wrong amount of cash received,transaction,63,False,False,False,"{66: 2, 5: 1, 36: 1, 47: 1, 62: 1, 46: 1, 56: 2, 61: 1, 11: 2, 16: 1, 48: 1, 34: 2, 12: 2, 2: 1, 28: 1, 0: 1, 59: 4, 50: 1, 13: 1, 6: 1, 20: 1, 21: 1, 76: 1, 71: 2, 75: 1, 3: 1, 1: 1, 45: 1, 39: 1, 25: 1, 14: 1}","[17, 1668, 3364, 5653, 2131, 2721, 2497, 7761, 1906, 759, 1074, 3314, 748, 3422, 4828, 1835, 3959, 7966, 3818, 4479, 8137, 5872, 1748, 8594, 2155, 8950, 1191, 9697, 3221, 4489, 3752, 4322, 8277, 8599, 7894, 4224, 7915, 8514, 8702, 442]",1962,40,6,False,20
400,exchange rate,exchange via,33,False,False,False,"{66: 2, 5: 1, 36: 1, 47: 1, 62: 1, 46: 1, 56: 2, 61: 1, 11: 2, 16: 1, 48: 1, 34: 2, 12: 2, 2: 1, 28: 1, 0: 1, 59: 4, 50: 1, 13: 1, 6: 1, 20: 1, 21: 1, 76: 1, 71: 2, 75: 1, 3: 1, 1: 1, 45: 1, 39: 1, 25: 1, 14: 1}","[17, 1668, 3364, 5653, 2131, 2721, 2497, 7761, 1906, 759, 1074, 3314, 748, 3422, 4828, 1835, 3959, 7966, 3818, 4479, 8137, 5872, 1748, 8594, 2155, 8950, 1191, 9697, 3221, 4489, 3752, 4322, 8277, 8599, 7894, 4224, 7915, 8514, 8702, 442]",400,40,6,False,20
1134,change pin,edit,30,False,False,False,"{66: 2, 5: 1, 36: 1, 47: 1, 62: 1, 46: 1, 56: 2, 61: 1, 11: 2, 16: 1, 48: 1, 34: 2, 12: 2, 2: 1, 28: 1, 0: 1, 59: 4, 50: 1, 13: 1, 6: 1, 20: 1, 21: 1, 76: 1, 71: 2, 75: 1, 3: 1, 1: 1, 45: 1, 39: 1, 25: 1, 14: 1}","[17, 1668, 3364, 5653, 2131, 2721, 2497, 7761, 1906, 759, 1074, 3314, 748, 3422, 4828, 1835, 3959, 7966, 3818, 4479, 8137, 5872, 1748, 8594, 2155, 8950, 1191, 9697, 3221, 4489, 3752, 4322, 8277, 8599, 7894, 4224, 7915, 8514, 8702, 442]",1134,40,6,False,20
59,card arrival,card linking,13,True,False,True,"{66: 2, 5: 1, 36: 1, 47: 1, 62: 1, 46: 1, 56: 2, 61: 1, 11: 2, 16: 1, 48: 1, 34: 2, 12: 2, 2: 1, 28: 1, 0: 1, 59: 4, 50: 1, 13: 1, 6: 1, 20: 1, 21: 1, 76: 1, 71: 2, 75: 1, 3: 1, 1: 1, 45: 1, 39: 1, 25: 1, 14: 1}","[17, 1668, 3364, 5653, 2131, 2721, 2497, 7761, 1906, 759, 1074, 3314, 748, 3422, 4828, 1835, 3959, 7966, 3818, 4479, 8137, 5872, 1748, 8594, 2155, 8950, 1191, 9697, 3221, 4489, 3752, 4322, 8277, 8599, 7894, 4224, 7915, 8514, 8702, 442]",59,40,6,False,20
2256,transfer not received by recipient,receiving,50,True,False,False,"{66: 2, 5: 1, 36: 1, 47: 1, 62: 1, 46: 1, 56: 2, 61: 1, 11: 2, 16: 1, 48: 1, 34: 2, 12: 2, 2: 1, 28: 1, 0: 1, 59: 4, 50: 1, 13: 1, 6: 1, 20: 1, 21: 1, 76: 1, 71: 2, 75: 1, 3: 1, 1: 1, 45: 1, 39: 1, 25: 1, 14: 1}","[17, 1668, 3364, 5653, 2131, 2721, 2497, 7761, 1906, 759, 1074, 3314, 748, 3422, 4828, 1835, 3959, 7966, 3818, 4479, 8137, 5872, 1748, 8594, 2155, 8950, 1191, 9697, 3221, 4489, 3752, 4322, 8277, 8599, 7894, 4224, 7915, 8514, 8702, 442]",2256,40,6,False,20
853,transfer not received by recipient,transfer not,66,True,True,False,"{66: 2, 5: 1, 36: 1, 47: 1, 62: 1, 46: 1, 56: 2, 61: 1, 11: 2, 16: 1, 48: 1, 34: 2, 12: 2, 2: 1, 28: 1, 0: 1, 59: 4, 50: 1, 13: 1, 6: 1, 20: 1, 21: 1, 76: 1, 71: 2, 75: 1, 3: 1, 1: 1, 45: 1, 39: 1, 25: 1, 14: 1}","[17, 1668, 3364, 5653, 2131, 2721, 2497, 7761, 1906, 759, 1074, 3314, 748, 3422, 4828, 1835, 3959, 7966, 3818, 4479, 8137, 5872, 1748, 8594, 2155, 8950, 1191, 9697, 3221, 4489, 3752, 4322, 8277, 8599, 7894, 4224, 7915, 8514, 8702, 442]",853,40,6,False,20
2777,exchange rate,exchange charge,31,False,False,False,"{66: 2, 5: 1, 36: 1, 47: 1, 62: 1, 46: 1, 56: 2, 61: 1, 11: 2, 16: 1, 48: 1, 34: 2, 12: 2, 2: 1, 28: 1, 0: 1, 59: 4, 50: 1, 13: 1, 6: 1, 20: 1, 21: 1, 76: 1, 71: 2, 75: 1, 3: 1, 1: 1, 45: 1, 39: 1, 25: 1, 14: 1}","[17, 1668, 3364, 5653, 2131, 2721, 2497, 7761, 1906, 759, 1074, 3314, 748, 3422, 4828, 1835, 3959, 7966, 3818, 4479, 8137, 5872, 1748, 8594, 2155, 8950, 1191, 9697, 3221, 4489, 3752, 4322, 8277, 8599, 7894, 4224, 7915, 8514, 8702, 442]",2777,40,6,False,20
1538,change pin,pass,44,False,False,False,"{66: 2, 5: 1, 36: 1, 47: 1, 62: 1, 46: 1, 56: 2, 61: 1, 11: 2, 16: 1, 48: 1, 34: 2, 12: 2, 2: 1, 28: 1, 0: 1, 59: 4, 50: 1, 13: 1, 6: 1, 20: 1, 21: 1, 76: 1, 71: 2, 75: 1, 3: 1, 1: 1, 45: 1, 39: 1, 25: 1, 14: 1}","[17, 1668, 3364, 5653, 2131, 2721, 2497, 7761, 1906, 759, 1074, 3314, 748, 3422, 4828, 1835, 3959, 7966, 3818, 4479, 8137, 5872, 1748, 8594, 2155, 8950, 1191, 9697, 3221, 4489, 3752, 4322, 8277, 8599, 7894, 4224, 7915, 8514, 8702, 442]",1538,40,6,False,20
2109,card payment not recognised,revert,53,False,False,False,"{66: 2, 5: 1, 36: 1, 47: 1, 62: 1, 46: 1, 56: 2, 61: 1, 11: 2, 16: 1, 48: 1, 34: 2, 12: 2, 2: 1, 28: 1, 0: 1, 59: 4, 50: 1, 13: 1, 6: 1, 20: 1, 21: 1, 76: 1, 71: 2, 75: 1, 3: 1, 1: 1, 45: 1, 39: 1, 25: 1, 14: 1}","[17, 1668, 3364, 5653, 2131, 2721, 2497, 7761, 1906, 759, 1074, 3314, 748, 3422, 4828, 1835, 3959, 7966, 3818, 4479, 8137, 5872, 1748, 8594, 2155, 8950, 1191, 9697, 3221, 4489, 3752, 4322, 8277, 8599, 7894, 4224, 7915, 8514, 8702, 442]",2109,40,6,False,20
305,card delivery estimate,card delivery,12,True,True,False,"{66: 2, 5: 1, 36: 1, 47: 1, 62: 1, 46: 1, 56: 2, 61: 1, 11: 2, 16: 1, 48: 1, 34: 2, 12: 2, 2: 1, 28: 1, 0: 1, 59: 4, 50: 1, 13: 1, 6: 1, 20: 1, 21: 1, 76: 1, 71: 2, 75: 1, 3: 1, 1: 1, 45: 1, 39: 1, 25: 1, 14: 1}","[17, 1668, 3364, 5653, 2131, 2721, 2497, 7761, 1906, 759, 1074, 3314, 748, 3422, 4828, 1835, 3959, 7966, 3818, 4479, 8137, 5872, 1748, 8594, 2155, 8950, 1191, 9697, 3221, 4489, 3752, 4322, 8277, 8599, 7894, 4224, 7915, 8514, 8702, 442]",305,40,6,False,20
711,cancel transfer,cancel,8,False,True,False,"{66: 2, 5: 1, 36: 1, 47: 1, 62: 1, 46: 1, 56: 2, 61: 1, 11: 2, 16: 1, 48: 1, 34: 2, 12: 2, 2: 1, 28: 1, 0: 1, 59: 4, 50: 1, 13: 1, 6: 1, 20: 1, 21: 1, 76: 1, 71: 2, 75: 1, 3: 1, 1: 1, 45: 1, 39: 1, 25: 1, 14: 1}","[17, 1668, 3364, 5653, 2131, 2721, 2497, 7761, 1906, 759, 1074, 3314, 748, 3422, 4828, 1835, 3959, 7966, 3818, 4479, 8137, 5872, 1748, 8594, 2155, 8950, 1191, 9697, 3221, 4489, 3752, 4322, 8277, 8599, 7894, 4224, 7915, 8514, 8702, 442]",711,40,6,False,20
2927,card delivery estimate,card about,9,False,False,False,"{66: 2, 5: 1, 36: 1, 47: 1, 62: 1, 46: 1, 56: 2, 61: 1, 11: 2, 16: 1, 48: 1, 34: 2, 12: 2, 2: 1, 28: 1, 0: 1, 59: 4, 50: 1, 13: 1, 6: 1, 20: 1, 21: 1, 76: 1, 71: 2, 75: 1, 3: 1, 1: 1, 45: 1, 39: 1, 25: 1, 14: 1}","[17, 1668, 3364, 5653, 2131, 2721, 2497, 7761, 1906, 759, 1074, 3314, 748, 3422, 4828, 1835, 3959, 7966, 3818, 4479, 8137, 5872, 1748, 8594, 2155, 8950, 1191, 9697, 3221, 4489, 3752, 4322, 8277, 8599, 7894, 4224, 7915, 8514, 8702, 442]",2927,40,6,False,20
2623,virtual card not working,get dispos,37,False,False,False,"{66: 2, 5: 1, 36: 1, 47: 1, 62: 1, 46: 1, 56: 2, 61: 1, 11: 2, 16: 1, 48: 1, 34: 2, 12: 2, 2: 1, 28: 1, 0: 1, 59: 4, 50: 1, 13: 1, 6: 1, 20: 1, 21: 1, 76: 1, 71: 2, 75: 1, 3: 1, 1: 1, 45: 1, 39: 1, 25: 1, 14: 1}","[17, 1668, 3364, 5653, 2131, 2721, 2497, 7761, 1906, 759, 1074, 3314, 748, 3422, 4828, 1835, 3959, 7966, 3818, 4479, 8137, 5872, 1748, 8594, 2155, 8950, 1191, 9697, 3221, 4489, 3752, 4322, 8277, 8599, 7894, 4224, 7915, 8514, 8702, 442]",2623,40,6,False,20
271,exchange rate,fi,36,True,False,False,"{66: 2, 5: 1, 36: 1, 47: 1, 62: 1, 46: 1, 56: 2, 61: 1, 11: 2, 16: 1, 48: 1, 34: 2, 12: 2, 2: 1, 28: 1, 0: 1, 59: 4, 50: 1, 13: 1, 6: 1, 20: 1, 21: 1, 76: 1, 71: 2, 75: 1, 3: 1, 1: 1, 45: 1, 39: 1, 25: 1, 14: 1}","[17, 1668, 3364, 5653, 2131, 2721, 2497, 7761, 1906, 759, 1074, 3314, 748, 3422, 4828, 1835, 3959, 7966, 3818, 4479, 8137, 5872, 1748, 8594, 2155, 8950, 1191, 9697, 3221, 4489, 3752, 4322, 8277, 8599, 7894, 4224, 7915, 8514, 8702, 442]",271,40,6,False,20
1023,top up reverted,top up revert,61,True,True,False,"{66: 2, 5: 1, 36: 1, 47: 1, 62: 1, 46: 1, 56: 2, 61: 1, 11: 2, 16: 1, 48: 1, 34: 2, 12: 2, 2: 1, 28: 1, 0: 1, 59: 4, 50: 1, 13: 1, 6: 1, 20: 1, 21: 1, 76: 1, 71: 2, 75: 1, 3: 1, 1: 1, 45: 1, 39: 1, 25: 1, 14: 1}","[17, 1668, 3364, 5653, 2131, 2721, 2497, 7761, 1906, 759, 1074, 3314, 748, 3422, 4828, 1835, 3959, 7966, 3818, 4479, 8137, 5872, 1748, 8594, 2155, 8950, 1191, 9697, 3221, 4489, 3752, 4322, 8277, 8599, 7894, 4224, 7915, 8514, 8702, 442]",1023,40,6,False,20
470,lost or stolen card,lost or stolen card,41,False,True,False,"{66: 2, 5: 1, 36: 1, 47: 1, 62: 1, 46: 1, 56: 2, 61: 1, 11: 2, 16: 1, 48: 1, 34: 2, 12: 2, 2: 1, 28: 1, 0: 1, 59: 4, 50: 1, 13: 1, 6: 1, 20: 1, 21: 1, 76: 1, 71: 2, 75: 1, 3: 1, 1: 1, 45: 1, 39: 1, 25: 1, 14: 1}","[17, 1668, 3364, 5653, 2131, 2721, 2497, 7761, 1906, 759, 1074, 3314, 748, 3422, 4828, 1835, 3959, 7966, 3818, 4479, 8137, 5872, 1748, 8594, 2155, 8950, 1191, 9697, 3221, 4489, 3752, 4322, 8277, 8599, 7894, 4224, 7915, 8514, 8702, 442]",470,40,6,False,20
2779,exchange rate,exchange charge,31,False,False,False,"{66: 2, 5: 1, 36: 1, 47: 1, 62: 1, 46: 1, 56: 2, 61: 1, 11: 2, 16: 1, 48: 1, 34: 2, 12: 2, 2: 1, 28: 1, 0: 1, 59: 4, 50: 1, 13: 1, 6: 1, 20: 1, 21: 1, 76: 1, 71: 2, 75: 1, 3: 1, 1: 1, 45: 1, 39: 1, 25: 1, 14: 1}","[17, 1668, 3364, 5653, 2131, 2721, 2497, 7761, 1906, 759, 1074, 3314, 748, 3422, 4828, 1835, 3959, 7966, 3818, 4479, 8137, 5872, 1748, 8594, 2155, 8950, 1191, 9697, 3221, 4489, 3752, 4322, 8277, 8599, 7894, 4224, 7915, 8514, 8702, 442]",2779,40,6,False,20
1170,card delivery estimate,why,74,False,False,False,"{66: 2, 5: 1, 36: 1, 47: 1, 62: 1, 46: 1, 56: 2, 61: 1, 11: 2, 16: 1, 48: 1, 34: 2, 12: 2, 2: 1, 28: 1, 0: 1, 59: 4, 50: 1, 13: 1, 6: 1, 20: 1, 21: 1, 76: 1, 71: 2, 75: 1, 3: 1, 1: 1, 45: 1, 39: 1, 25: 1, 14: 1}","[17, 1668, 3364, 5653, 2131, 2721, 2497, 7761, 1906, 759, 1074, 3314, 748, 3422, 4828, 1835, 3959, 7966, 3818, 4479, 8137, 5872, 1748, 8594, 2155, 8950, 1191, 9697, 3221, 4489, 3752, 4322, 8277, 8599, 7894, 4224, 7915, 8514, 8702, 442]",1170,40,6,False,20
1886,cancel transfer,terminate,55,False,False,False,"{66: 2, 5: 1, 36: 1, 47: 1, 62: 1, 46: 1, 56: 2, 61: 1, 11: 2, 16: 1, 48: 1, 34: 2, 12: 2, 2: 1, 28: 1, 0: 1, 59: 4, 50: 1, 13: 1, 6: 1, 20: 1, 21: 1, 76: 1, 71: 2, 75: 1, 3: 1, 1: 1, 45: 1, 39: 1, 25: 1, 14: 1}","[17, 1668, 3364, 5653, 2131, 2721, 2497, 7761, 1906, 759, 1074, 3314, 748, 3422, 4828, 1835, 3959, 7966, 3818, 4479, 8137, 5872, 1748, 8594, 2155, 8950, 1191, 9697, 3221, 4489, 3752, 4322, 8277, 8599, 7894, 4224, 7915, 8514, 8702, 442]",1886,40,6,False,20
2723,cash withdrawal not recognised,cash withdrawal not,20,True,True,False,"{66: 2, 5: 1, 36: 1, 47: 1, 62: 1, 46: 1, 56: 2, 61: 1, 11: 2, 16: 1, 48: 1, 34: 2, 12: 2, 2: 1, 28: 1, 0: 1, 59: 4, 50: 1, 13: 1, 6: 1, 20: 1, 21: 1, 76: 1, 71: 2, 75: 1, 3: 1, 1: 1, 45: 1, 39: 1, 25: 1, 14: 1}","[17, 1668, 3364, 5653, 2131, 2721, 2497, 7761, 1906, 759, 1074, 3314, 748, 3422, 4828, 1835, 3959, 7966, 3818, 4479, 8137, 5872, 1748, 8594, 2155, 8950, 1191, 9697, 3221, 4489, 3752, 4322, 8277, 8599, 7894, 4224, 7915, 8514, 8702, 442]",2723,40,6,False,20
915,card delivery estimate,supported,54,False,False,False,"{66: 2, 5: 1, 36: 1, 47: 1, 62: 1, 46: 1, 56: 2, 61: 1, 11: 2, 16: 1, 48: 1, 34: 2, 12: 2, 2: 1, 28: 1, 0: 1, 59: 4, 50: 1, 13: 1, 6: 1, 20: 1, 21: 1, 76: 1, 71: 2, 75: 1, 3: 1, 1: 1, 45: 1, 39: 1, 25: 1, 14: 1}","[17, 1668, 3364, 5653, 2131, 2721, 2497, 7761, 1906, 759, 1074, 3314, 748, 3422, 4828, 1835, 3959, 7966, 3818, 4479, 8137, 5872, 1748, 8594, 2155, 8950, 1191, 9697, 3221, 4489, 3752, 4322, 8277, 8599, 7894, 4224, 7915, 8514, 8702, 442]",915,40,6,False,20
2626,virtual card not working,get dispos,37,False,False,False,"{66: 2, 5: 1, 36: 1, 47: 1, 62: 1, 46: 1, 56: 2, 61: 1, 11: 2, 16: 1, 48: 1, 34: 2, 12: 2, 2: 1, 28: 1, 0: 1, 59: 4, 50: 1, 13: 1, 6: 1, 20: 1, 21: 1, 76: 1, 71: 2, 75: 1, 3: 1, 1: 1, 45: 1, 39: 1, 25: 1, 14: 1}","[17, 1668, 3364, 5653, 2131, 2721, 2497, 7761, 1906, 759, 1074, 3314, 748, 3422, 4828, 1835, 3959, 7966, 3818, 4479, 8137, 5872, 1748, 8594, 2155, 8950, 1191, 9697, 3221, 4489, 3752, 4322, 8277, 8599, 7894, 4224, 7915, 8514, 8702, 442]",2626,40,6,False,20
2604,virtual card not working,get dispos,37,False,False,False,"{66: 2, 5: 1, 36: 1, 47: 1, 62: 1, 46: 1, 56: 2, 61: 1, 11: 2, 16: 1, 48: 1, 34: 2, 12: 2, 2: 1, 28: 1, 0: 1, 59: 4, 50: 1, 13: 1, 6: 1, 20: 1, 21: 1, 76: 1, 71: 2, 75: 1, 3: 1, 1: 1, 45: 1, 39: 1, 25: 1, 14: 1}","[17, 1668, 3364, 5653, 2131, 2721, 2497, 7761, 1906, 759, 1074, 3314, 748, 3422, 4828, 1835, 3959, 7966, 3818, 4479, 8137, 5872, 1748, 8594, 2155, 8950, 1191, 9697, 3221, 4489, 3752, 4322, 8277, 8599, 7894, 4224, 7915, 8514, 8702, 442]",2604,40,6,False,20
1510,card payment not recognised,direct,28,True,False,False,"{66: 2, 5: 1, 36: 1, 47: 1, 62: 1, 46: 1, 56: 2, 61: 1, 11: 2, 16: 1, 48: 1, 34: 2, 12: 2, 2: 1, 28: 1, 0: 1, 59: 4, 50: 1, 13: 1, 6: 1, 20: 1, 21: 1, 76: 1, 71: 2, 75: 1, 3: 1, 1: 1, 45: 1, 39: 1, 25: 1, 14: 1}","[17, 1668, 3364, 5653, 2131, 2721, 2497, 7761, 1906, 759, 1074, 3314, 748, 3422, 4828, 1835, 3959, 7966, 3818, 4479, 8137, 5872, 1748, 8594, 2155, 8950, 1191, 9697, 3221, 4489, 3752, 4322, 8277, 8599, 7894, 4224, 7915, 8514, 8702, 442]",1510,40,6,False,20
2303,transfer not received by recipient,failed,35,False,False,False,"{66: 2, 5: 1, 36: 1, 47: 1, 62: 1, 46: 1, 56: 2, 61: 1, 11: 2, 16: 1, 48: 1, 34: 2, 12: 2, 2: 1, 28: 1, 0: 1, 59: 4, 50: 1, 13: 1, 6: 1, 20: 1, 21: 1, 76: 1, 71: 2, 75: 1, 3: 1, 1: 1, 45: 1, 39: 1, 25: 1, 14: 1}","[17, 1668, 3364, 5653, 2131, 2721, 2497, 7761, 1906, 759, 1074, 3314, 748, 3422, 4828, 1835, 3959, 7966, 3818, 4479, 8137, 5872, 1748, 8594, 2155, 8950, 1191, 9697, 3221, 4489, 3752, 4322, 8277, 8599, 7894, 4224, 7915, 8514, 8702, 442]",2303,40,6,False,20
64,card delivery estimate,card linking,13,True,False,False,"{66: 2, 5: 1, 36: 1, 47: 1, 62: 1, 46: 1, 56: 2, 61: 1, 11: 2, 16: 1, 48: 1, 34: 2, 12: 2, 2: 1, 28: 1, 0: 1, 59: 4, 50: 1, 13: 1, 6: 1, 20: 1, 21: 1, 76: 1, 71: 2, 75: 1, 3: 1, 1: 1, 45: 1, 39: 1, 25: 1, 14: 1}","[17, 1668, 3364, 5653, 2131, 2721, 2497, 7761, 1906, 759, 1074, 3314, 748, 3422, 4828, 1835, 3959, 7966, 3818, 4479, 8137, 5872, 1748, 8594, 2155, 8950, 1191, 9697, 3221, 4489, 3752, 4322, 8277, 8599, 7894, 4224, 7915, 8514, 8702, 442]",64,40,6,False,20
2041,transfer not received by recipient,transfer timing,67,False,False,False,"{66: 2, 5: 1, 36: 1, 47: 1, 62: 1, 46: 1, 56: 2, 61: 1, 11: 2, 16: 1, 48: 1, 34: 2, 12: 2, 2: 1, 28: 1, 0: 1, 59: 4, 50: 1, 13: 1, 6: 1, 20: 1, 21: 1, 76: 1, 71: 2, 75: 1, 3: 1, 1: 1, 45: 1, 39: 1, 25: 1, 14: 1}","[17, 1668, 3364, 5653, 2131, 2721, 2497, 7761, 1906, 759, 1074, 3314, 748, 3422, 4828, 1835, 3959, 7966, 3818, 4479, 8137, 5872, 1748, 8594, 2155, 8950, 1191, 9697, 3221, 4489, 3752, 4322, 8277, 8599, 7894, 4224, 7915, 8514, 8702, 442]",2041,40,6,False,20
1995,wrong amount of cash received,transaction,63,False,False,False,"{66: 2, 5: 1, 36: 1, 47: 1, 62: 1, 46: 1, 56: 2, 61: 1, 11: 2, 16: 1, 48: 1, 34: 2, 12: 2, 2: 1, 28: 1, 0: 1, 59: 4, 50: 1, 13: 1, 6: 1, 20: 1, 21: 1, 76: 1, 71: 2, 75: 1, 3: 1, 1: 1, 45: 1, 39: 1, 25: 1, 14: 1}","[17, 1668, 3364, 5653, 2131, 2721, 2497, 7761, 1906, 759, 1074, 3314, 748, 3422, 4828, 1835, 3959, 7966, 3818, 4479, 8137, 5872, 1748, 8594, 2155, 8950, 1191, 9697, 3221, 4489, 3752, 4322, 8277, 8599, 7894, 4224, 7915, 8514, 8702, 442]",1995,40,6,False,20
1266,pin blocked,get physical,38,False,False,False,"{66: 2, 5: 1, 36: 1, 47: 1, 62: 1, 46: 1, 56: 2, 61: 1, 11: 2, 16: 1, 48: 1, 34: 2, 12: 2, 2: 1, 28: 1, 0: 1, 59: 4, 50: 1, 13: 1, 6: 1, 20: 1, 21: 1, 76: 1, 71: 2, 75: 1, 3: 1, 1: 1, 45: 1, 39: 1, 25: 1, 14: 1}","[17, 1668, 3364, 5653, 2131, 2721, 2497, 7761, 1906, 759, 1074, 3314, 748, 3422, 4828, 1835, 3959, 7966, 3818, 4479, 8137, 5872, 1748, 8594, 2155, 8950, 1191, 9697, 3221, 4489, 3752, 4322, 8277, 8599, 7894, 4224, 7915, 8514, 8702, 442]",1266,40,6,False,20
2821,top up by card charge,top up by card,57,False,True,False,"{66: 2, 5: 1, 36: 1, 47: 1, 62: 1, 46: 1, 56: 2, 61: 1, 11: 2, 16: 1, 48: 1, 34: 2, 12: 2, 2: 1, 28: 1, 0: 1, 59: 4, 50: 1, 13: 1, 6: 1, 20: 1, 21: 1, 76: 1, 71: 2, 75: 1, 3: 1, 1: 1, 45: 1, 39: 1, 25: 1, 14: 1}","[17, 1668, 3364, 5653, 2131, 2721, 2497, 7761, 1906, 759, 1074, 3314, 748, 3422, 4828, 1835, 3959, 7966, 3818, 4479, 8137, 5872, 1748, 8594, 2155, 8950, 1191, 9697, 3221, 4489, 3752, 4322, 8277, 8599, 7894, 4224, 7915, 8514, 8702, 442]",2821,40,6,False,20
1945,card not working,card sw,18,False,False,False,"{66: 2, 5: 1, 36: 1, 47: 1, 62: 1, 46: 1, 56: 2, 61: 1, 11: 2, 16: 1, 48: 1, 34: 2, 12: 2, 2: 1, 28: 1, 0: 1, 59: 4, 50: 1, 13: 1, 6: 1, 20: 1, 21: 1, 76: 1, 71: 2, 75: 1, 3: 1, 1: 1, 45: 1, 39: 1, 25: 1, 14: 1}","[17, 1668, 3364, 5653, 2131, 2721, 2497, 7761, 1906, 759, 1074, 3314, 748, 3422, 4828, 1835, 3959, 7966, 3818, 4479, 8137, 5872, 1748, 8594, 2155, 8950, 1191, 9697, 3221, 4489, 3752, 4322, 8277, 8599, 7894, 4224, 7915, 8514, 8702, 442]",1945,40,6,False,20
835,extra charge on statement,card payment fee,15,False,False,False,"{66: 2, 5: 1, 36: 1, 47: 1, 62: 1, 46: 1, 56: 2, 61: 1, 11: 2, 16: 1, 48: 1, 34: 2, 12: 2, 2: 1, 28: 1, 0: 1, 59: 4, 50: 1, 13: 1, 6: 1, 20: 1, 21: 1, 76: 1, 71: 2, 75: 1, 3: 1, 1: 1, 45: 1, 39: 1, 25: 1, 14: 1}","[17, 1668, 3364, 5653, 2131, 2721, 2497, 7761, 1906, 759, 1074, 3314, 748, 3422, 4828, 1835, 3959, 7966, 3818, 4479, 8137, 5872, 1748, 8594, 2155, 8950, 1191, 9697, 3221, 4489, 3752, 4322, 8277, 8599, 7894, 4224, 7915, 8514, 8702, 442]",835,40,6,False,20
2312,transfer not received by recipient,failed,35,False,False,False,"{66: 2, 5: 1, 36: 1, 47: 1, 62: 1, 46: 1, 56: 2, 61: 1, 11: 2, 16: 1, 48: 1, 34: 2, 12: 2, 2: 1, 28: 1, 0: 1, 59: 4, 50: 1, 13: 1, 6: 1, 20: 1, 21: 1, 76: 1, 71: 2, 75: 1, 3: 1, 1: 1, 45: 1, 39: 1, 25: 1, 14: 1}","[17, 1668, 3364, 5653, 2131, 2721, 2497, 7761, 1906, 759, 1074, 3314, 748, 3422, 4828, 1835, 3959, 7966, 3818, 4479, 8137, 5872, 1748, 8594, 2155, 8950, 1191, 9697, 3221, 4489, 3752, 4322, 8277, 8599, 7894, 4224, 7915, 8514, 8702, 442]",2312,40,6,False,20
1053,cash withdrawal not recognised,balance not updated after che,6,True,False,False,"{66: 2, 5: 1, 36: 1, 47: 1, 62: 1, 46: 1, 56: 2, 61: 1, 11: 2, 16: 1, 48: 1, 34: 2, 12: 2, 2: 1, 28: 1, 0: 1, 59: 4, 50: 1, 13: 1, 6: 1, 20: 1, 21: 1, 76: 1, 71: 2, 75: 1, 3: 1, 1: 1, 45: 1, 39: 1, 25: 1, 14: 1}","[17, 1668, 3364, 5653, 2131, 2721, 2497, 7761, 1906, 759, 1074, 3314, 748, 3422, 4828, 1835, 3959, 7966, 3818, 4479, 8137, 5872, 1748, 8594, 2155, 8950, 1191, 9697, 3221, 4489, 3752, 4322, 8277, 8599, 7894, 4224, 7915, 8514, 8702, 442]",1053,40,6,False,20
2800,top up by bank transfer charge,top up by card,57,False,False,False,"{66: 2, 5: 1, 36: 1, 47: 1, 62: 1, 46: 1, 56: 2, 61: 1, 11: 2, 16: 1, 48: 1, 34: 2, 12: 2, 2: 1, 28: 1, 0: 1, 59: 4, 50: 1, 13: 1, 6: 1, 20: 1, 21: 1, 76: 1, 71: 2, 75: 1, 3: 1, 1: 1, 45: 1, 39: 1, 25: 1, 14: 1}","[17, 1668, 3364, 5653, 2131, 2721, 2497, 7761, 1906, 759, 1074, 3314, 748, 3422, 4828, 1835, 3959, 7966, 3818, 4479, 8137, 5872, 1748, 8594, 2155, 8950, 1191, 9697, 3221, 4489, 3752, 4322, 8277, 8599, 7894, 4224, 7915, 8514, 8702, 442]",2800,40,6,False,20
1835,card not working,declined card,25,True,False,False,"{66: 2, 5: 1, 36: 1, 47: 1, 62: 1, 46: 1, 56: 2, 61: 1, 11: 2, 16: 1, 48: 1, 34: 2, 12: 2, 2: 1, 28: 1, 0: 1, 59: 4, 50: 1, 13: 1, 6: 1, 20: 1, 21: 1, 76: 1, 71: 2, 75: 1, 3: 1, 1: 1, 45: 1, 39: 1, 25: 1, 14: 1}","[17, 1668, 3364, 5653, 2131, 2721, 2497, 7761, 1906, 759, 1074, 3314, 748, 3422, 4828, 1835, 3959, 7966, 3818, 4479, 8137, 5872, 1748, 8594, 2155, 8950, 1191, 9697, 3221, 4489, 3752, 4322, 8277, 8599, 7894, 4224, 7915, 8514, 8702, 442]",1835,40,6,False,20
1434,card not working,comprom,22,False,False,False,"{66: 2, 5: 1, 36: 1, 47: 1, 62: 1, 46: 1, 56: 2, 61: 1, 11: 2, 16: 1, 48: 1, 34: 2, 12: 2, 2: 1, 28: 1, 0: 1, 59: 4, 50: 1, 13: 1, 6: 1, 20: 1, 21: 1, 76: 1, 71: 2, 75: 1, 3: 1, 1: 1, 45: 1, 39: 1, 25: 1, 14: 1}","[17, 1668, 3364, 5653, 2131, 2721, 2497, 7761, 1906, 759, 1074, 3314, 748, 3422, 4828, 1835, 3959, 7966, 3818, 4479, 8137, 5872, 1748, 8594, 2155, 8950, 1191, 9697, 3221, 4489, 3752, 4322, 8277, 8599, 7894, 4224, 7915, 8514, 8702, 442]",1434,40,6,False,20
979,card not working,card accept,10,False,False,False,"{66: 2, 5: 1, 36: 1, 47: 1, 62: 1, 46: 1, 56: 2, 61: 1, 11: 2, 16: 1, 48: 1, 34: 2, 12: 2, 2: 1, 28: 1, 0: 1, 59: 4, 50: 1, 13: 1, 6: 1, 20: 1, 21: 1, 76: 1, 71: 2, 75: 1, 3: 1, 1: 1, 45: 1, 39: 1, 25: 1, 14: 1}","[17, 1668, 3364, 5653, 2131, 2721, 2497, 7761, 1906, 759, 1074, 3314, 748, 3422, 4828, 1835, 3959, 7966, 3818, 4479, 8137, 5872, 1748, 8594, 2155, 8950, 1191, 9697, 3221, 4489, 3752, 4322, 8277, 8599, 7894, 4224, 7915, 8514, 8702, 442]",979,40,6,False,20
2942,card delivery estimate,card about,9,False,False,False,"{66: 2, 5: 1, 36: 1, 47: 1, 62: 1, 46: 1, 56: 2, 61: 1, 11: 2, 16: 1, 48: 1, 34: 2, 12: 2, 2: 1, 28: 1, 0: 1, 59: 4, 50: 1, 13: 1, 6: 1, 20: 1, 21: 1, 76: 1, 71: 2, 75: 1, 3: 1, 1: 1, 45: 1, 39: 1, 25: 1, 14: 1}","[17, 1668, 3364, 5653, 2131, 2721, 2497, 7761, 1906, 759, 1074, 3314, 748, 3422, 4828, 1835, 3959, 7966, 3818, 4479, 8137, 5872, 1748, 8594, 2155, 8950, 1191, 9697, 3221, 4489, 3752, 4322, 8277, 8599, 7894, 4224, 7915, 8514, 8702, 442]",2942,40,6,False,20
1900,cancel transfer,terminate,55,False,False,False,"{66: 2, 5: 1, 36: 1, 47: 1, 62: 1, 46: 1, 56: 2, 61: 1, 11: 2, 16: 1, 48: 1, 34: 2, 12: 2, 2: 1, 28: 1, 0: 1, 59: 4, 50: 1, 13: 1, 6: 1, 20: 1, 21: 1, 76: 1, 71: 2, 75: 1, 3: 1, 1: 1, 45: 1, 39: 1, 25: 1, 14: 1}","[17, 1668, 3364, 5653, 2131, 2721, 2497, 7761, 1906, 759, 1074, 3314, 748, 3422, 4828, 1835, 3959, 7966, 3818, 4479, 8137, 5872, 1748, 8594, 2155, 8950, 1191, 9697, 3221, 4489, 3752, 4322, 8277, 8599, 7894, 4224, 7915, 8514, 8702, 442]",1900,40,6,False,20
2973,apple pay or google pay,apple,2,True,True,False,"{66: 2, 5: 1, 36: 1, 47: 1, 62: 1, 46: 1, 56: 2, 61: 1, 11: 2, 16: 1, 48: 1, 34: 2, 12: 2, 2: 1, 28: 1, 0: 1, 59: 4, 50: 1, 13: 1, 6: 1, 20: 1, 21: 1, 76: 1, 71: 2, 75: 1, 3: 1, 1: 1, 45: 1, 39: 1, 25: 1, 14: 1}","[17, 1668, 3364, 5653, 2131, 2721, 2497, 7761, 1906, 759, 1074, 3314, 748, 3422, 4828, 1835, 3959, 7966, 3818, 4479, 8137, 5872, 1748, 8594, 2155, 8950, 1191, 9697, 3221, 4489, 3752, 4322, 8277, 8599, 7894, 4224, 7915, 8514, 8702, 442]",2973,40,6,False,20
2989,top up by card charge,apple,2,True,False,False,"{66: 2, 5: 1, 36: 1, 47: 1, 62: 1, 46: 1, 56: 2, 61: 1, 11: 2, 16: 1, 48: 1, 34: 2, 12: 2, 2: 1, 28: 1, 0: 1, 59: 4, 50: 1, 13: 1, 6: 1, 20: 1, 21: 1, 76: 1, 71: 2, 75: 1, 3: 1, 1: 1, 45: 1, 39: 1, 25: 1, 14: 1}","[17, 1668, 3364, 5653, 2131, 2721, 2497, 7761, 1906, 759, 1074, 3314, 748, 3422, 4828, 1835, 3959, 7966, 3818, 4479, 8137, 5872, 1748, 8594, 2155, 8950, 1191, 9697, 3221, 4489, 3752, 4322, 8277, 8599, 7894, 4224, 7915, 8514, 8702, 442]",2989,40,6,False,20
2241,receiving money,receiving,50,True,True,False,"{66: 2, 5: 1, 36: 1, 47: 1, 62: 1, 46: 1, 56: 2, 61: 1, 11: 2, 16: 1, 48: 1, 34: 2, 12: 2, 2: 1, 28: 1, 0: 1, 59: 4, 50: 1, 13: 1, 6: 1, 20: 1, 21: 1, 76: 1, 71: 2, 75: 1, 3: 1, 1: 1, 45: 1, 39: 1, 25: 1, 14: 1}","[17, 1668, 3364, 5653, 2131, 2721, 2497, 7761, 1906, 759, 1074, 3314, 748, 3422, 4828, 1835, 3959, 7966, 3818, 4479, 8137, 5872, 1748, 8594, 2155, 8950, 1191, 9697, 3221, 4489, 3752, 4322, 8277, 8599, 7894, 4224, 7915, 8514, 8702, 442]",2241,40,6,False,20
984,card acceptance,card accept,10,False,True,False,"{66: 2, 5: 1, 36: 1, 47: 1, 62: 1, 46: 1, 56: 2, 61: 1, 11: 2, 16: 1, 48: 1, 34: 2, 12: 2, 2: 1, 28: 1, 0: 1, 59: 4, 50: 1, 13: 1, 6: 1, 20: 1, 21: 1, 76: 1, 71: 2, 75: 1, 3: 1, 1: 1, 45: 1, 39: 1, 25: 1, 14: 1}","[17, 1668, 3364, 5653, 2131, 2721, 2497, 7761, 1906, 759, 1074, 3314, 748, 3422, 4828, 1835, 3959, 7966, 3818, 4479, 8137, 5872, 1748, 8594, 2155, 8950, 1191, 9697, 3221, 4489, 3752, 4322, 8277, 8599, 7894, 4224, 7915, 8514, 8702, 442]",984,40,6,False,20
2933,card about to expire,card about,9,False,True,False,"{66: 2, 5: 1, 36: 1, 47: 1, 62: 1, 46: 1, 56: 2, 61: 1, 11: 2, 16: 1, 48: 1, 34: 2, 12: 2, 2: 1, 28: 1, 0: 1, 59: 4, 50: 1, 13: 1, 6: 1, 20: 1, 21: 1, 76: 1, 71: 2, 75: 1, 3: 1, 1: 1, 45: 1, 39: 1, 25: 1, 14: 1}","[17, 1668, 3364, 5653, 2131, 2721, 2497, 7761, 1906, 759, 1074, 3314, 748, 3422, 4828, 1835, 3959, 7966, 3818, 4479, 8137, 5872, 1748, 8594, 2155, 8950, 1191, 9697, 3221, 4489, 3752, 4322, 8277, 8599, 7894, 4224, 7915, 8514, 8702, 442]",2933,40,6,False,20
1265,pin blocked,get physical,38,False,False,False,"{66: 2, 5: 1, 36: 1, 47: 1, 62: 1, 46: 1, 56: 2, 61: 1, 11: 2, 16: 1, 48: 1, 34: 2, 12: 2, 2: 1, 28: 1, 0: 1, 59: 4, 50: 1, 13: 1, 6: 1, 20: 1, 21: 1, 76: 1, 71: 2, 75: 1, 3: 1, 1: 1, 45: 1, 39: 1, 25: 1, 14: 1}","[17, 1668, 3364, 5653, 2131, 2721, 2497, 7761, 1906, 759, 1074, 3314, 748, 3422, 4828, 1835, 3959, 7966, 3818, 4479, 8137, 5872, 1748, 8594, 2155, 8950, 1191, 9697, 3221, 4489, 3752, 4322, 8277, 8599, 7894, 4224, 7915, 8514, 8702, 442]",1265,40,6,False,20
1811,card payment not recognised,declined card,25,True,False,False,"{66: 2, 5: 1, 36: 1, 47: 1, 62: 1, 46: 1, 56: 2, 61: 1, 11: 2, 16: 1, 48: 1, 34: 2, 12: 2, 2: 1, 28: 1, 0: 1, 59: 4, 50: 1, 13: 1, 6: 1, 20: 1, 21: 1, 76: 1, 71: 2, 75: 1, 3: 1, 1: 1, 45: 1, 39: 1, 25: 1, 14: 1}","[17, 1668, 3364, 5653, 2131, 2721, 2497, 7761, 1906, 759, 1074, 3314, 748, 3422, 4828, 1835, 3959, 7966, 3818, 4479, 8137, 5872, 1748, 8594, 2155, 8950, 1191, 9697, 3221, 4489, 3752, 4322, 8277, 8599, 7894, 4224, 7915, 8514, 8702, 442]",1811,40,6,False,20
1428,card not working,comprom,22,False,False,False,"{66: 2, 5: 1, 36: 1, 47: 1, 62: 1, 46: 1, 56: 2, 61: 1, 11: 2, 16: 1, 48: 1, 34: 2, 12: 2, 2: 1, 28: 1, 0: 1, 59: 4, 50: 1, 13: 1, 6: 1, 20: 1, 21: 1, 76: 1, 71: 2, 75: 1, 3: 1, 1: 1, 45: 1, 39: 1, 25: 1, 14: 1}","[17, 1668, 3364, 5653, 2131, 2721, 2497, 7761, 1906, 759, 1074, 3314, 748, 3422, 4828, 1835, 3959, 7966, 3818, 4479, 8137, 5872, 1748, 8594, 2155, 8950, 1191, 9697, 3221, 4489, 3752, 4322, 8277, 8599, 7894, 4224, 7915, 8514, 8702, 442]",1428,40,6,False,20
1568,cash withdrawal not recognised,declined c,26,False,False,False,"{66: 2, 5: 1, 36: 1, 47: 1, 62: 1, 46: 1, 56: 2, 61: 1, 11: 2, 16: 1, 48: 1, 34: 2, 12: 2, 2: 1, 28: 1, 0: 1, 59: 4, 50: 1, 13: 1, 6: 1, 20: 1, 21: 1, 76: 1, 71: 2, 75: 1, 3: 1, 1: 1, 45: 1, 39: 1, 25: 1, 14: 1}","[17, 1668, 3364, 5653, 2131, 2721, 2497, 7761, 1906, 759, 1074, 3314, 748, 3422, 4828, 1835, 3959, 7966, 3818, 4479, 8137, 5872, 1748, 8594, 2155, 8950, 1191, 9697, 3221, 4489, 3752, 4322, 8277, 8599, 7894, 4224, 7915, 8514, 8702, 442]",1568,40,6,False,20
2675,card payment not recognised,top up failed,59,True,False,False,"{66: 2, 5: 1, 36: 1, 47: 1, 62: 1, 46: 1, 56: 2, 61: 1, 11: 2, 16: 1, 48: 1, 34: 2, 12: 2, 2: 1, 28: 1, 0: 1, 59: 4, 50: 1, 13: 1, 6: 1, 20: 1, 21: 1, 76: 1, 71: 2, 75: 1, 3: 1, 1: 1, 45: 1, 39: 1, 25: 1, 14: 1}","[17, 1668, 3364, 5653, 2131, 2721, 2497, 7761, 1906, 759, 1074, 3314, 748, 3422, 4828, 1835, 3959, 7966, 3818, 4479, 8137, 5872, 1748, 8594, 2155, 8950, 1191, 9697, 3221, 4489, 3752, 4322, 8277, 8599, 7894, 4224, 7915, 8514, 8702, 442]",2675,40,6,False,20
1645,lost or stolen phone,lost or stolen phone,42,False,True,False,"{66: 2, 5: 1, 36: 1, 47: 1, 62: 1, 46: 1, 56: 2, 61: 1, 11: 2, 16: 1, 48: 1, 34: 2, 12: 2, 2: 1, 28: 1, 0: 1, 59: 4, 50: 1, 13: 1, 6: 1, 20: 1, 21: 1, 76: 1, 71: 2, 75: 1, 3: 1, 1: 1, 45: 1, 39: 1, 25: 1, 14: 1}","[17, 1668, 3364, 5653, 2131, 2721, 2497, 7761, 1906, 759, 1074, 3314, 748, 3422, 4828, 1835, 3959, 7966, 3818, 4479, 8137, 5872, 1748, 8594, 2155, 8950, 1191, 9697, 3221, 4489, 3752, 4322, 8277, 8599, 7894, 4224, 7915, 8514, 8702, 442]",1645,40,6,False,20
2289,transfer not received by recipient,failed,35,False,False,False,"{66: 2, 5: 1, 36: 1, 47: 1, 62: 1, 46: 1, 56: 2, 61: 1, 11: 2, 16: 1, 48: 1, 34: 2, 12: 2, 2: 1, 28: 1, 0: 1, 59: 4, 50: 1, 13: 1, 6: 1, 20: 1, 21: 1, 76: 1, 71: 2, 75: 1, 3: 1, 1: 1, 45: 1, 39: 1, 25: 1, 14: 1}","[17, 1668, 3364, 5653, 2131, 2721, 2497, 7761, 1906, 759, 1074, 3314, 748, 3422, 4828, 1835, 3959, 7966, 3818, 4479, 8137, 5872, 1748, 8594, 2155, 8950, 1191, 9697, 3221, 4489, 3752, 4322, 8277, 8599, 7894, 4224, 7915, 8514, 8702, 442]",2289,40,6,False,20
2854,activate my card,activ,0,True,True,False,"{66: 2, 5: 1, 36: 1, 47: 1, 62: 1, 46: 1, 56: 2, 61: 1, 11: 2, 16: 1, 48: 1, 34: 2, 12: 2, 2: 1, 28: 1, 0: 1, 59: 4, 50: 1, 13: 1, 6: 1, 20: 1, 21: 1, 76: 1, 71: 2, 75: 1, 3: 1, 1: 1, 45: 1, 39: 1, 25: 1, 14: 1}","[17, 1668, 3364, 5653, 2131, 2721, 2497, 7761, 1906, 759, 1074, 3314, 748, 3422, 4828, 1835, 3959, 7966, 3818, 4479, 8137, 5872, 1748, 8594, 2155, 8950, 1191, 9697, 3221, 4489, 3752, 4322, 8277, 8599, 7894, 4224, 7915, 8514, 8702, 442]",2854,40,6,False,20
1356,top up failed,to,62,True,False,True,"{66: 2, 5: 1, 36: 1, 47: 1, 62: 1, 46: 1, 56: 2, 61: 1, 11: 2, 16: 1, 48: 1, 34: 2, 12: 2, 2: 1, 28: 1, 0: 1, 59: 4, 50: 1, 13: 1, 6: 1, 20: 1, 21: 1, 76: 1, 71: 2, 75: 1, 3: 1, 1: 1, 45: 1, 39: 1, 25: 1, 14: 1}","[17, 1668, 3364, 5653, 2131, 2721, 2497, 7761, 1906, 759, 1074, 3314, 748, 3422, 4828, 1835, 3959, 7966, 3818, 4479, 8137, 5872, 1748, 8594, 2155, 8950, 1191, 9697, 3221, 4489, 3752, 4322, 8277, 8599, 7894, 4224, 7915, 8514, 8702, 442]",1356,40,6,False,20
982,card acceptance,card accept,10,False,True,False,"{66: 2, 5: 1, 36: 1, 47: 1, 62: 1, 46: 1, 56: 2, 61: 1, 11: 2, 16: 1, 48: 1, 34: 2, 12: 2, 2: 1, 28: 1, 0: 1, 59: 4, 50: 1, 13: 1, 6: 1, 20: 1, 21: 1, 76: 1, 71: 2, 75: 1, 3: 1, 1: 1, 45: 1, 39: 1, 25: 1, 14: 1}","[17, 1668, 3364, 5653, 2131, 2721, 2497, 7761, 1906, 759, 1074, 3314, 748, 3422, 4828, 1835, 3959, 7966, 3818, 4479, 8137, 5872, 1748, 8594, 2155, 8950, 1191, 9697, 3221, 4489, 3752, 4322, 8277, 8599, 7894, 4224, 7915, 8514, 8702, 442]",982,40,6,False,20
1518,direct debit payment not recognised,direct,28,True,True,False,"{66: 2, 5: 1, 36: 1, 47: 1, 62: 1, 46: 1, 56: 2, 61: 1, 11: 2, 16: 1, 48: 1, 34: 2, 12: 2, 2: 1, 28: 1, 0: 1, 59: 4, 50: 1, 13: 1, 6: 1, 20: 1, 21: 1, 76: 1, 71: 2, 75: 1, 3: 1, 1: 1, 45: 1, 39: 1, 25: 1, 14: 1}","[17, 1668, 3364, 5653, 2131, 2721, 2497, 7761, 1906, 759, 1074, 3314, 748, 3422, 4828, 1835, 3959, 7966, 3818, 4479, 8137, 5872, 1748, 8594, 2155, 8950, 1191, 9697, 3221, 4489, 3752, 4322, 8277, 8599, 7894, 4224, 7915, 8514, 8702, 442]",1518,40,6,False,20
722,top up limits,top up limits,60,False,True,False,"{66: 2, 5: 1, 36: 1, 47: 1, 62: 1, 46: 1, 56: 2, 61: 1, 11: 2, 16: 1, 48: 1, 34: 2, 12: 2, 2: 1, 28: 1, 0: 1, 59: 4, 50: 1, 13: 1, 6: 1, 20: 1, 21: 1, 76: 1, 71: 2, 75: 1, 3: 1, 1: 1, 45: 1, 39: 1, 25: 1, 14: 1}","[17, 1668, 3364, 5653, 2131, 2721, 2497, 7761, 1906, 759, 1074, 3314, 748, 3422, 4828, 1835, 3959, 7966, 3818, 4479, 8137, 5872, 1748, 8594, 2155, 8950, 1191, 9697, 3221, 4489, 3752, 4322, 8277, 8599, 7894, 4224, 7915, 8514, 8702, 442]",722,40,6,False,20
2372,verify top up,verify top,71,True,True,False,"{66: 2, 5: 1, 36: 1, 47: 1, 62: 1, 46: 1, 56: 2, 61: 1, 11: 2, 16: 1, 48: 1, 34: 2, 12: 2, 2: 1, 28: 1, 0: 1, 59: 4, 50: 1, 13: 1, 6: 1, 20: 1, 21: 1, 76: 1, 71: 2, 75: 1, 3: 1, 1: 1, 45: 1, 39: 1, 25: 1, 14: 1}","[17, 1668, 3364, 5653, 2131, 2721, 2497, 7761, 1906, 759, 1074, 3314, 748, 3422, 4828, 1835, 3959, 7966, 3818, 4479, 8137, 5872, 1748, 8594, 2155, 8950, 1191, 9697, 3221, 4489, 3752, 4322, 8277, 8599, 7894, 4224, 7915, 8514, 8702, 442]",2372,40,6,False,20
1917,cancel transfer,terminate,55,False,False,False,"{66: 2, 5: 1, 36: 1, 47: 1, 62: 1, 46: 1, 56: 2, 61: 1, 11: 2, 16: 1, 48: 1, 34: 2, 12: 2, 2: 1, 28: 1, 0: 1, 59: 4, 50: 1, 13: 1, 6: 1, 20: 1, 21: 1, 76: 1, 71: 2, 75: 1, 3: 1, 1: 1, 45: 1, 39: 1, 25: 1, 14: 1}","[17, 1668, 3364, 5653, 2131, 2721, 2497, 7761, 1906, 759, 1074, 3314, 748, 3422, 4828, 1835, 3959, 7966, 3818, 4479, 8137, 5872, 1748, 8594, 2155, 8950, 1191, 9697, 3221, 4489, 3752, 4322, 8277, 8599, 7894, 4224, 7915, 8514, 8702, 442]",1917,40,6,False,20
1500,direct debit payment not recognised,direct,28,True,True,False,"{66: 2, 5: 1, 36: 1, 47: 1, 62: 1, 46: 1, 56: 2, 61: 1, 11: 2, 16: 1, 48: 1, 34: 2, 12: 2, 2: 1, 28: 1, 0: 1, 59: 4, 50: 1, 13: 1, 6: 1, 20: 1, 21: 1, 76: 1, 71: 2, 75: 1, 3: 1, 1: 1, 45: 1, 39: 1, 25: 1, 14: 1}","[17, 1668, 3364, 5653, 2131, 2721, 2497, 7761, 1906, 759, 1074, 3314, 748, 3422, 4828, 1835, 3959, 7966, 3818, 4479, 8137, 5872, 1748, 8594, 2155, 8950, 1191, 9697, 3221, 4489, 3752, 4322, 8277, 8599, 7894, 4224, 7915, 8514, 8702, 442]",1500,40,6,False,20
1933,lost or stolen card,card sw,18,False,False,False,"{66: 2, 5: 1, 36: 1, 47: 1, 62: 1, 46: 1, 56: 2, 61: 1, 11: 2, 16: 1, 48: 1, 34: 2, 12: 2, 2: 1, 28: 1, 0: 1, 59: 4, 50: 1, 13: 1, 6: 1, 20: 1, 21: 1, 76: 1, 71: 2, 75: 1, 3: 1, 1: 1, 45: 1, 39: 1, 25: 1, 14: 1}","[17, 1668, 3364, 5653, 2131, 2721, 2497, 7761, 1906, 759, 1074, 3314, 748, 3422, 4828, 1835, 3959, 7966, 3818, 4479, 8137, 5872, 1748, 8594, 2155, 8950, 1191, 9697, 3221, 4489, 3752, 4322, 8277, 8599, 7894, 4224, 7915, 8514, 8702, 442]",1933,40,6,False,20
2833,top up by bank transfer charge,top up by card,57,False,False,False,"{66: 2, 5: 1, 36: 1, 47: 1, 62: 1, 46: 1, 56: 2, 61: 1, 11: 2, 16: 1, 48: 1, 34: 2, 12: 2, 2: 1, 28: 1, 0: 1, 59: 4, 50: 1, 13: 1, 6: 1, 20: 1, 21: 1, 76: 1, 71: 2, 75: 1, 3: 1, 1: 1, 45: 1, 39: 1, 25: 1, 14: 1}","[17, 1668, 3364, 5653, 2131, 2721, 2497, 7761, 1906, 759, 1074, 3314, 748, 3422, 4828, 1835, 3959, 7966, 3818, 4479, 8137, 5872, 1748, 8594, 2155, 8950, 1191, 9697, 3221, 4489, 3752, 4322, 8277, 8599, 7894, 4224, 7915, 8514, 8702, 442]",2833,40,6,False,20
1639,pending card payment,pending card,45,True,True,False,"{66: 2, 5: 1, 36: 1, 47: 1, 62: 1, 46: 1, 56: 2, 61: 1, 11: 2, 16: 1, 48: 1, 34: 2, 12: 2, 2: 1, 28: 1, 0: 1, 59: 4, 50: 1, 13: 1, 6: 1, 20: 1, 21: 1, 76: 1, 71: 2, 75: 1, 3: 1, 1: 1, 45: 1, 39: 1, 25: 1, 14: 1}","[17, 1668, 3364, 5653, 2131, 2721, 2497, 7761, 1906, 759, 1074, 3314, 748, 3422, 4828, 1835, 3959, 7966, 3818, 4479, 8137, 5872, 1748, 8594, 2155, 8950, 1191, 9697, 3221, 4489, 3752, 4322, 8277, 8599, 7894, 4224, 7915, 8514, 8702, 442]",1639,40,6,False,20
1136,change pin,edit,30,False,False,False,"{66: 2, 5: 1, 36: 1, 47: 1, 62: 1, 46: 1, 56: 2, 61: 1, 11: 2, 16: 1, 48: 1, 34: 2, 12: 2, 2: 1, 28: 1, 0: 1, 59: 4, 50: 1, 13: 1, 6: 1, 20: 1, 21: 1, 76: 1, 71: 2, 75: 1, 3: 1, 1: 1, 45: 1, 39: 1, 25: 1, 14: 1}","[17, 1668, 3364, 5653, 2131, 2721, 2497, 7761, 1906, 759, 1074, 3314, 748, 3422, 4828, 1835, 3959, 7966, 3818, 4479, 8137, 5872, 1748, 8594, 2155, 8950, 1191, 9697, 3221, 4489, 3752, 4322, 8277, 8599, 7894, 4224, 7915, 8514, 8702, 442]",1136,40,6,False,20
2124,change pin,change,21,True,True,False,"{66: 2, 5: 1, 36: 1, 47: 1, 62: 1, 46: 1, 56: 2, 61: 1, 11: 2, 16: 1, 48: 1, 34: 2, 12: 2, 2: 1, 28: 1, 0: 1, 59: 4, 50: 1, 13: 1, 6: 1, 20: 1, 21: 1, 76: 1, 71: 2, 75: 1, 3: 1, 1: 1, 45: 1, 39: 1, 25: 1, 14: 1}","[17, 1668, 3364, 5653, 2131, 2721, 2497, 7761, 1906, 759, 1074, 3314, 748, 3422, 4828, 1835, 3959, 7966, 3818, 4479, 8137, 5872, 1748, 8594, 2155, 8950, 1191, 9697, 3221, 4489, 3752, 4322, 8277, 8599, 7894, 4224, 7915, 8514, 8702, 442]",2124,40,6,False,20
3008,verify my identity,verify my,69,False,True,False,"{66: 2, 5: 1, 36: 1, 47: 1, 62: 1, 46: 1, 56: 2, 61: 1, 11: 2, 16: 1, 48: 1, 34: 2, 12: 2, 2: 1, 28: 1, 0: 1, 59: 4, 50: 1, 13: 1, 6: 1, 20: 1, 21: 1, 76: 1, 71: 2, 75: 1, 3: 1, 1: 1, 45: 1, 39: 1, 25: 1, 14: 1}","[17, 1668, 3364, 5653, 2131, 2721, 2497, 7761, 1906, 759, 1074, 3314, 748, 3422, 4828, 1835, 3959, 7966, 3818, 4479, 8137, 5872, 1748, 8594, 2155, 8950, 1191, 9697, 3221, 4489, 3752, 4322, 8277, 8599, 7894, 4224, 7915, 8514, 8702, 442]",3008,40,6,False,20
1704,request refund,request,52,False,True,False,"{66: 2, 5: 1, 36: 1, 47: 1, 62: 1, 46: 1, 56: 2, 61: 1, 11: 2, 16: 1, 48: 1, 34: 2, 12: 2, 2: 1, 28: 1, 0: 1, 59: 4, 50: 1, 13: 1, 6: 1, 20: 1, 21: 1, 76: 1, 71: 2, 75: 1, 3: 1, 1: 1, 45: 1, 39: 1, 25: 1, 14: 1}","[17, 1668, 3364, 5653, 2131, 2721, 2497, 7761, 1906, 759, 1074, 3314, 748, 3422, 4828, 1835, 3959, 7966, 3818, 4479, 8137, 5872, 1748, 8594, 2155, 8950, 1191, 9697, 3221, 4489, 3752, 4322, 8277, 8599, 7894, 4224, 7915, 8514, 8702, 442]",1704,40,6,False,20
2243,receiving money,receiving,50,True,True,False,"{66: 2, 5: 1, 36: 1, 47: 1, 62: 1, 46: 1, 56: 2, 61: 1, 11: 2, 16: 1, 48: 1, 34: 2, 12: 2, 2: 1, 28: 1, 0: 1, 59: 4, 50: 1, 13: 1, 6: 1, 20: 1, 21: 1, 76: 1, 71: 2, 75: 1, 3: 1, 1: 1, 45: 1, 39: 1, 25: 1, 14: 1}","[17, 1668, 3364, 5653, 2131, 2721, 2497, 7761, 1906, 759, 1074, 3314, 748, 3422, 4828, 1835, 3959, 7966, 3818, 4479, 8137, 5872, 1748, 8594, 2155, 8950, 1191, 9697, 3221, 4489, 3752, 4322, 8277, 8599, 7894, 4224, 7915, 8514, 8702, 442]",2243,40,6,False,20
748,top up limits,top up limits,60,False,True,False,"{66: 2, 5: 1, 36: 1, 47: 1, 62: 1, 46: 1, 56: 2, 61: 1, 11: 2, 16: 1, 48: 1, 34: 2, 12: 2, 2: 1, 28: 1, 0: 1, 59: 4, 50: 1, 13: 1, 6: 1, 20: 1, 21: 1, 76: 1, 71: 2, 75: 1, 3: 1, 1: 1, 45: 1, 39: 1, 25: 1, 14: 1}","[17, 1668, 3364, 5653, 2131, 2721, 2497, 7761, 1906, 759, 1074, 3314, 748, 3422, 4828, 1835, 3959, 7966, 3818, 4479, 8137, 5872, 1748, 8594, 2155, 8950, 1191, 9697, 3221, 4489, 3752, 4322, 8277, 8599, 7894, 4224, 7915, 8514, 8702, 442]",748,40,6,False,20
2649,top up failed,top up failed,59,True,True,True,"{66: 2, 5: 1, 36: 1, 47: 1, 62: 1, 46: 1, 56: 2, 61: 1, 11: 2, 16: 1, 48: 1, 34: 2, 12: 2, 2: 1, 28: 1, 0: 1, 59: 4, 50: 1, 13: 1, 6: 1, 20: 1, 21: 1, 76: 1, 71: 2, 75: 1, 3: 1, 1: 1, 45: 1, 39: 1, 25: 1, 14: 1}","[17, 1668, 3364, 5653, 2131, 2721, 2497, 7761, 1906, 759, 1074, 3314, 748, 3422, 4828, 1835, 3959, 7966, 3818, 4479, 8137, 5872, 1748, 8594, 2155, 8950, 1191, 9697, 3221, 4489, 3752, 4322, 8277, 8599, 7894, 4224, 7915, 8514, 8702, 442]",2649,40,6,False,20
1258,pin blocked,get physical,38,False,False,False,"{66: 2, 5: 1, 36: 1, 47: 1, 62: 1, 46: 1, 56: 2, 61: 1, 11: 2, 16: 1, 48: 1, 34: 2, 12: 2, 2: 1, 28: 1, 0: 1, 59: 4, 50: 1, 13: 1, 6: 1, 20: 1, 21: 1, 76: 1, 71: 2, 75: 1, 3: 1, 1: 1, 45: 1, 39: 1, 25: 1, 14: 1}","[17, 1668, 3364, 5653, 2131, 2721, 2497, 7761, 1906, 759, 1074, 3314, 748, 3422, 4828, 1835, 3959, 7966, 3818, 4479, 8137, 5872, 1748, 8594, 2155, 8950, 1191, 9697, 3221, 4489, 3752, 4322, 8277, 8599, 7894, 4224, 7915, 8514, 8702, 442]",1258,40,6,False,20
1318,card payment not recognised,vis,73,False,False,False,"{66: 2, 5: 1, 36: 1, 47: 1, 62: 1, 46: 1, 56: 2, 61: 1, 11: 2, 16: 1, 48: 1, 34: 2, 12: 2, 2: 1, 28: 1, 0: 1, 59: 4, 50: 1, 13: 1, 6: 1, 20: 1, 21: 1, 76: 1, 71: 2, 75: 1, 3: 1, 1: 1, 45: 1, 39: 1, 25: 1, 14: 1}","[17, 1668, 3364, 5653, 2131, 2721, 2497, 7761, 1906, 759, 1074, 3314, 748, 3422, 4828, 1835, 3959, 7966, 3818, 4479, 8137, 5872, 1748, 8594, 2155, 8950, 1191, 9697, 3221, 4489, 3752, 4322, 8277, 8599, 7894, 4224, 7915, 8514, 8702, 442]",1318,40,6,False,20
1770,pending top up,Ref,51,False,False,False,"{66: 2, 5: 1, 36: 1, 47: 1, 62: 1, 46: 1, 56: 2, 61: 1, 11: 2, 16: 1, 48: 1, 34: 2, 12: 2, 2: 1, 28: 1, 0: 1, 59: 4, 50: 1, 13: 1, 6: 1, 20: 1, 21: 1, 76: 1, 71: 2, 75: 1, 3: 1, 1: 1, 45: 1, 39: 1, 25: 1, 14: 1}","[17, 1668, 3364, 5653, 2131, 2721, 2497, 7761, 1906, 759, 1074, 3314, 748, 3422, 4828, 1835, 3959, 7966, 3818, 4479, 8137, 5872, 1748, 8594, 2155, 8950, 1191, 9697, 3221, 4489, 3752, 4322, 8277, 8599, 7894, 4224, 7915, 8514, 8702, 442]",1770,40,6,False,20
217,pending cash withdrawal,pending c,46,True,True,False,"{66: 2, 5: 1, 36: 1, 47: 1, 62: 1, 46: 1, 56: 2, 61: 1, 11: 2, 16: 1, 48: 1, 34: 2, 12: 2, 2: 1, 28: 1, 0: 1, 59: 4, 50: 1, 13: 1, 6: 1, 20: 1, 21: 1, 76: 1, 71: 2, 75: 1, 3: 1, 1: 1, 45: 1, 39: 1, 25: 1, 14: 1}","[17, 1668, 3364, 5653, 2131, 2721, 2497, 7761, 1906, 759, 1074, 3314, 748, 3422, 4828, 1835, 3959, 7966, 3818, 4479, 8137, 5872, 1748, 8594, 2155, 8950, 1191, 9697, 3221, 4489, 3752, 4322, 8277, 8599, 7894, 4224, 7915, 8514, 8702, 442]",217,40,6,False,20
1141,change pin,edit,30,False,False,False,"{66: 2, 5: 1, 36: 1, 47: 1, 62: 1, 46: 1, 56: 2, 61: 1, 11: 2, 16: 1, 48: 1, 34: 2, 12: 2, 2: 1, 28: 1, 0: 1, 59: 4, 50: 1, 13: 1, 6: 1, 20: 1, 21: 1, 76: 1, 71: 2, 75: 1, 3: 1, 1: 1, 45: 1, 39: 1, 25: 1, 14: 1}","[17, 1668, 3364, 5653, 2131, 2721, 2497, 7761, 1906, 759, 1074, 3314, 748, 3422, 4828, 1835, 3959, 7966, 3818, 4479, 8137, 5872, 1748, 8594, 2155, 8950, 1191, 9697, 3221, 4489, 3752, 4322, 8277, 8599, 7894, 4224, 7915, 8514, 8702, 442]",1141,40,6,False,20
2078,transfer not received by recipient,transfer timing,67,False,False,False,"{66: 2, 5: 1, 36: 1, 47: 1, 62: 1, 46: 1, 56: 2, 61: 1, 11: 2, 16: 1, 48: 1, 34: 2, 12: 2, 2: 1, 28: 1, 0: 1, 59: 4, 50: 1, 13: 1, 6: 1, 20: 1, 21: 1, 76: 1, 71: 2, 75: 1, 3: 1, 1: 1, 45: 1, 39: 1, 25: 1, 14: 1}","[17, 1668, 3364, 5653, 2131, 2721, 2497, 7761, 1906, 759, 1074, 3314, 748, 3422, 4828, 1835, 3959, 7966, 3818, 4479, 8137, 5872, 1748, 8594, 2155, 8950, 1191, 9697, 3221, 4489, 3752, 4322, 8277, 8599, 7894, 4224, 7915, 8514, 8702, 442]",2078,40,6,False,20
402,change pin,exchange via,33,False,False,False,"{66: 2, 5: 1, 36: 1, 47: 1, 62: 1, 46: 1, 56: 2, 61: 1, 11: 2, 16: 1, 48: 1, 34: 2, 12: 2, 2: 1, 28: 1, 0: 1, 59: 4, 50: 1, 13: 1, 6: 1, 20: 1, 21: 1, 76: 1, 71: 2, 75: 1, 3: 1, 1: 1, 45: 1, 39: 1, 25: 1, 14: 1}","[17, 1668, 3364, 5653, 2131, 2721, 2497, 7761, 1906, 759, 1074, 3314, 748, 3422, 4828, 1835, 3959, 7966, 3818, 4479, 8137, 5872, 1748, 8594, 2155, 8950, 1191, 9697, 3221, 4489, 3752, 4322, 8277, 8599, 7894, 4224, 7915, 8514, 8702, 442]",402,40,6,False,20
1349,transfer into account,to,62,True,False,False,"{66: 2, 5: 1, 36: 1, 47: 1, 62: 1, 46: 1, 56: 2, 61: 1, 11: 2, 16: 1, 48: 1, 34: 2, 12: 2, 2: 1, 28: 1, 0: 1, 59: 4, 50: 1, 13: 1, 6: 1, 20: 1, 21: 1, 76: 1, 71: 2, 75: 1, 3: 1, 1: 1, 45: 1, 39: 1, 25: 1, 14: 1}","[17, 1668, 3364, 5653, 2131, 2721, 2497, 7761, 1906, 759, 1074, 3314, 748, 3422, 4828, 1835, 3959, 7966, 3818, 4479, 8137, 5872, 1748, 8594, 2155, 8950, 1191, 9697, 3221, 4489, 3752, 4322, 8277, 8599, 7894, 4224, 7915, 8514, 8702, 442]",1349,40,6,False,20
80,exchange rate,exchange rate,32,False,True,False,"{66: 2, 5: 1, 36: 1, 47: 1, 62: 1, 46: 1, 56: 2, 61: 1, 11: 2, 16: 1, 48: 1, 34: 2, 12: 2, 2: 1, 28: 1, 0: 1, 59: 4, 50: 1, 13: 1, 6: 1, 20: 1, 21: 1, 76: 1, 71: 2, 75: 1, 3: 1, 1: 1, 45: 1, 39: 1, 25: 1, 14: 1}","[17, 1668, 3364, 5653, 2131, 2721, 2497, 7761, 1906, 759, 1074, 3314, 748, 3422, 4828, 1835, 3959, 7966, 3818, 4479, 8137, 5872, 1748, 8594, 2155, 8950, 1191, 9697, 3221, 4489, 3752, 4322, 8277, 8599, 7894, 4224, 7915, 8514, 8702, 442]",80,40,6,False,20
1355,top up by card charge,to,62,True,False,False,"{66: 2, 5: 1, 36: 1, 47: 1, 62: 1, 46: 1, 56: 2, 61: 1, 11: 2, 16: 1, 48: 1, 34: 2, 12: 2, 2: 1, 28: 1, 0: 1, 59: 4, 50: 1, 13: 1, 6: 1, 20: 1, 21: 1, 76: 1, 71: 2, 75: 1, 3: 1, 1: 1, 45: 1, 39: 1, 25: 1, 14: 1}","[17, 1668, 3364, 5653, 2131, 2721, 2497, 7761, 1906, 759, 1074, 3314, 748, 3422, 4828, 1835, 3959, 7966, 3818, 4479, 8137, 5872, 1748, 8594, 2155, 8950, 1191, 9697, 3221, 4489, 3752, 4322, 8277, 8599, 7894, 4224, 7915, 8514, 8702, 442]",1355,40,6,False,20
2386,top up by card charge,verify top,71,True,False,False,"{66: 2, 5: 1, 36: 1, 47: 1, 62: 1, 46: 1, 56: 2, 61: 1, 11: 2, 16: 1, 48: 1, 34: 2, 12: 2, 2: 1, 28: 1, 0: 1, 59: 4, 50: 1, 13: 1, 6: 1, 20: 1, 21: 1, 76: 1, 71: 2, 75: 1, 3: 1, 1: 1, 45: 1, 39: 1, 25: 1, 14: 1}","[17, 1668, 3364, 5653, 2131, 2721, 2497, 7761, 1906, 759, 1074, 3314, 748, 3422, 4828, 1835, 3959, 7966, 3818, 4479, 8137, 5872, 1748, 8594, 2155, 8950, 1191, 9697, 3221, 4489, 3752, 4322, 8277, 8599, 7894, 4224, 7915, 8514, 8702, 442]",2386,40,6,False,20
838,card payment not recognised,card payment fee,15,False,False,False,"{66: 2, 5: 1, 36: 1, 47: 1, 62: 1, 46: 1, 56: 2, 61: 1, 11: 2, 16: 1, 48: 1, 34: 2, 12: 2, 2: 1, 28: 1, 0: 1, 59: 4, 50: 1, 13: 1, 6: 1, 20: 1, 21: 1, 76: 1, 71: 2, 75: 1, 3: 1, 1: 1, 45: 1, 39: 1, 25: 1, 14: 1}","[17, 1668, 3364, 5653, 2131, 2721, 2497, 7761, 1906, 759, 1074, 3314, 748, 3422, 4828, 1835, 3959, 7966, 3818, 4479, 8137, 5872, 1748, 8594, 2155, 8950, 1191, 9697, 3221, 4489, 3752, 4322, 8277, 8599, 7894, 4224, 7915, 8514, 8702, 442]",838,40,6,False,20
2267,receiving money,receiving,50,True,True,False,"{66: 2, 5: 1, 36: 1, 47: 1, 62: 1, 46: 1, 56: 2, 61: 1, 11: 2, 16: 1, 48: 1, 34: 2, 12: 2, 2: 1, 28: 1, 0: 1, 59: 4, 50: 1, 13: 1, 6: 1, 20: 1, 21: 1, 76: 1, 71: 2, 75: 1, 3: 1, 1: 1, 45: 1, 39: 1, 25: 1, 14: 1}","[17, 1668, 3364, 5653, 2131, 2721, 2497, 7761, 1906, 759, 1074, 3314, 748, 3422, 4828, 1835, 3959, 7966, 3818, 4479, 8137, 5872, 1748, 8594, 2155, 8950, 1191, 9697, 3221, 4489, 3752, 4322, 8277, 8599, 7894, 4224, 7915, 8514, 8702, 442]",2267,40,6,False,20
2881,extra charge on statement,cash withdrawal charge,19,False,False,False,"{66: 2, 5: 1, 36: 1, 47: 1, 62: 1, 46: 1, 56: 2, 61: 1, 11: 2, 16: 1, 48: 1, 34: 2, 12: 2, 2: 1, 28: 1, 0: 1, 59: 4, 50: 1, 13: 1, 6: 1, 20: 1, 21: 1, 76: 1, 71: 2, 75: 1, 3: 1, 1: 1, 45: 1, 39: 1, 25: 1, 14: 1}","[17, 1668, 3364, 5653, 2131, 2721, 2497, 7761, 1906, 759, 1074, 3314, 748, 3422, 4828, 1835, 3959, 7966, 3818, 4479, 8137, 5872, 1748, 8594, 2155, 8950, 1191, 9697, 3221, 4489, 3752, 4322, 8277, 8599, 7894, 4224, 7915, 8514, 8702, 442]",2881,40,6,False,20
801,card payment not recognised,card payment fee,15,False,False,False,"{66: 2, 5: 1, 36: 1, 47: 1, 62: 1, 46: 1, 56: 2, 61: 1, 11: 2, 16: 1, 48: 1, 34: 2, 12: 2, 2: 1, 28: 1, 0: 1, 59: 4, 50: 1, 13: 1, 6: 1, 20: 1, 21: 1, 76: 1, 71: 2, 75: 1, 3: 1, 1: 1, 45: 1, 39: 1, 25: 1, 14: 1}","[17, 1668, 3364, 5653, 2131, 2721, 2497, 7761, 1906, 759, 1074, 3314, 748, 3422, 4828, 1835, 3959, 7966, 3818, 4479, 8137, 5872, 1748, 8594, 2155, 8950, 1191, 9697, 3221, 4489, 3752, 4322, 8277, 8599, 7894, 4224, 7915, 8514, 8702, 442]",801,40,6,False,20
73,card linking,card linking,13,True,True,True,"{66: 2, 5: 1, 36: 1, 47: 1, 62: 1, 46: 1, 56: 2, 61: 1, 11: 2, 16: 1, 48: 1, 34: 2, 12: 2, 2: 1, 28: 1, 0: 1, 59: 4, 50: 1, 13: 1, 6: 1, 20: 1, 21: 1, 76: 1, 71: 2, 75: 1, 3: 1, 1: 1, 45: 1, 39: 1, 25: 1, 14: 1}","[17, 1668, 3364, 5653, 2131, 2721, 2497, 7761, 1906, 759, 1074, 3314, 748, 3422, 4828, 1835, 3959, 7966, 3818, 4479, 8137, 5872, 1748, 8594, 2155, 8950, 1191, 9697, 3221, 4489, 3752, 4322, 8277, 8599, 7894, 4224, 7915, 8514, 8702, 442]",73,40,6,False,20
1967,card payment not recognised,transaction,63,False,False,False,"{66: 2, 5: 1, 36: 1, 47: 1, 62: 1, 46: 1, 56: 2, 61: 1, 11: 2, 16: 1, 48: 1, 34: 2, 12: 2, 2: 1, 28: 1, 0: 1, 59: 4, 50: 1, 13: 1, 6: 1, 20: 1, 21: 1, 76: 1, 71: 2, 75: 1, 3: 1, 1: 1, 45: 1, 39: 1, 25: 1, 14: 1}","[17, 1668, 3364, 5653, 2131, 2721, 2497, 7761, 1906, 759, 1074, 3314, 748, 3422, 4828, 1835, 3959, 7966, 3818, 4479, 8137, 5872, 1748, 8594, 2155, 8950, 1191, 9697, 3221, 4489, 3752, 4322, 8277, 8599, 7894, 4224, 7915, 8514, 8702, 442]",1967,40,6,False,20
2982,top up by card charge,apple,2,True,False,False,"{66: 2, 5: 1, 36: 1, 47: 1, 62: 1, 46: 1, 56: 2, 61: 1, 11: 2, 16: 1, 48: 1, 34: 2, 12: 2, 2: 1, 28: 1, 0: 1, 59: 4, 50: 1, 13: 1, 6: 1, 20: 1, 21: 1, 76: 1, 71: 2, 75: 1, 3: 1, 1: 1, 45: 1, 39: 1, 25: 1, 14: 1}","[17, 1668, 3364, 5653, 2131, 2721, 2497, 7761, 1906, 759, 1074, 3314, 748, 3422, 4828, 1835, 3959, 7966, 3818, 4479, 8137, 5872, 1748, 8594, 2155, 8950, 1191, 9697, 3221, 4489, 3752, 4322, 8277, 8599, 7894, 4224, 7915, 8514, 8702, 442]",2982,40,6,False,20
46,card not working,card linking,13,True,False,False,"{66: 2, 5: 1, 36: 1, 47: 1, 62: 1, 46: 1, 56: 2, 61: 1, 11: 2, 16: 1, 48: 1, 34: 2, 12: 2, 2: 1, 28: 1, 0: 1, 59: 4, 50: 1, 13: 1, 6: 1, 20: 1, 21: 1, 76: 1, 71: 2, 75: 1, 3: 1, 1: 1, 45: 1, 39: 1, 25: 1, 14: 1}","[17, 1668, 3364, 5653, 2131, 2721, 2497, 7761, 1906, 759, 1074, 3314, 748, 3422, 4828, 1835, 3959, 7966, 3818, 4479, 8137, 5872, 1748, 8594, 2155, 8950, 1191, 9697, 3221, 4489, 3752, 4322, 8277, 8599, 7894, 4224, 7915, 8514, 8702, 442]",46,40,6,False,20
2916,wrong amount of cash received,cash withdrawal charge,19,False,False,False,"{66: 2, 5: 1, 36: 1, 47: 1, 62: 1, 46: 1, 56: 2, 61: 1, 11: 2, 16: 1, 48: 1, 34: 2, 12: 2, 2: 1, 28: 1, 0: 1, 59: 4, 50: 1, 13: 1, 6: 1, 20: 1, 21: 1, 76: 1, 71: 2, 75: 1, 3: 1, 1: 1, 45: 1, 39: 1, 25: 1, 14: 1}","[17, 1668, 3364, 5653, 2131, 2721, 2497, 7761, 1906, 759, 1074, 3314, 748, 3422, 4828, 1835, 3959, 7966, 3818, 4479, 8137, 5872, 1748, 8594, 2155, 8950, 1191, 9697, 3221, 4489, 3752, 4322, 8277, 8599, 7894, 4224, 7915, 8514, 8702, 442]",2916,40,6,False,20
