,outputs,label_tokens,true_numeric_labels,true_label_present_in_prompt,correct,predicted_label_present_in_prompt,prompt_labels,prompt_example_indices,id,n_shots,run_number,unlimiformer,nspw
1693,numeric count,numeric count,38,True,True,True,"{38: 2, 29: 8, 27: 1, 44: 1, 20: 1, 24: 3, 13: 3, 35: 2, 28: 1, 21: 1, 25: 1, 0: 1}","[1693, 435, 1211, 719, 3770, 3239, 5447, 3596, 2529, 1823, 1291, 3851, 5451, 4707, 1376, 3063, 4344, 212, 144, 1071, 4508, 2940, 19, 2857, 2315]",1693,25,0,False,25
435,human individual,human individual,29,True,True,True,"{38: 2, 29: 8, 27: 1, 44: 1, 20: 1, 24: 3, 13: 3, 35: 2, 28: 1, 21: 1, 25: 1, 0: 1}","[1693, 435, 1211, 719, 3770, 3239, 5447, 3596, 2529, 1823, 1291, 3851, 5451, 4707, 1376, 3063, 4344, 212, 144, 1071, 4508, 2940, 19, 2857, 2315]",435,25,0,False,25
1211,description reason,description reason,27,True,True,True,"{38: 2, 29: 8, 27: 1, 44: 1, 20: 1, 24: 3, 13: 3, 35: 2, 28: 1, 21: 1, 25: 1, 0: 1}","[1693, 435, 1211, 719, 3770, 3239, 5447, 3596, 2529, 1823, 1291, 3851, 5451, 4707, 1376, 3063, 4344, 212, 144, 1071, 4508, 2940, 19, 2857, 2315]",1211,25,0,False,25
719,numeric period,numeric period,44,True,True,True,"{38: 2, 29: 8, 27: 1, 44: 1, 20: 1, 24: 3, 13: 3, 35: 2, 28: 1, 21: 1, 25: 1, 0: 1}","[1693, 435, 1211, 719, 3770, 3239, 5447, 3596, 2529, 1823, 1291, 3851, 5451, 4707, 1376, 3063, 4344, 212, 144, 1071, 4508, 2940, 19, 2857, 2315]",719,25,0,False,25
3770,entity technique,entity technique,20,True,True,True,"{38: 2, 29: 8, 27: 1, 44: 1, 20: 1, 24: 3, 13: 3, 35: 2, 28: 1, 21: 1, 25: 1, 0: 1}","[1693, 435, 1211, 719, 3770, 3239, 5447, 3596, 2529, 1823, 1291, 3851, 5451, 4707, 1376, 3063, 4344, 212, 144, 1071, 4508, 2940, 19, 2857, 2315]",3770,25,0,False,25
3239,description definition,description definition,24,True,True,True,"{38: 2, 29: 8, 27: 1, 44: 1, 20: 1, 24: 3, 13: 3, 35: 2, 28: 1, 21: 1, 25: 1, 0: 1}","[1693, 435, 1211, 719, 3770, 3239, 5447, 3596, 2529, 1823, 1291, 3851, 5451, 4707, 1376, 3063, 4344, 212, 144, 1071, 4508, 2940, 19, 2857, 2315]",3239,25,0,False,25
5447,description definition,description definition,24,True,True,True,"{38: 2, 29: 8, 27: 1, 44: 1, 20: 1, 24: 3, 13: 3, 35: 2, 28: 1, 21: 1, 25: 1, 0: 1}","[1693, 435, 1211, 719, 3770, 3239, 5447, 3596, 2529, 1823, 1291, 3851, 5451, 4707, 1376, 3063, 4344, 212, 144, 1071, 4508, 2940, 19, 2857, 2315]",5447,25,0,False,25
3596,human individual,human individual,29,True,True,True,"{38: 2, 29: 8, 27: 1, 44: 1, 20: 1, 24: 3, 13: 3, 35: 2, 28: 1, 21: 1, 25: 1, 0: 1}","[1693, 435, 1211, 719, 3770, 3239, 5447, 3596, 2529, 1823, 1291, 3851, 5451, 4707, 1376, 3063, 4344, 212, 144, 1071, 4508, 2940, 19, 2857, 2315]",3596,25,0,False,25
2529,human individual,human individual,29,True,True,True,"{38: 2, 29: 8, 27: 1, 44: 1, 20: 1, 24: 3, 13: 3, 35: 2, 28: 1, 21: 1, 25: 1, 0: 1}","[1693, 435, 1211, 719, 3770, 3239, 5447, 3596, 2529, 1823, 1291, 3851, 5451, 4707, 1376, 3063, 4344, 212, 144, 1071, 4508, 2940, 19, 2857, 2315]",2529,25,0,False,25
1823,entity other,entity other,13,True,True,True,"{38: 2, 29: 8, 27: 1, 44: 1, 20: 1, 24: 3, 13: 3, 35: 2, 28: 1, 21: 1, 25: 1, 0: 1}","[1693, 435, 1211, 719, 3770, 3239, 5447, 3596, 2529, 1823, 1291, 3851, 5451, 4707, 1376, 3063, 4344, 212, 144, 1071, 4508, 2940, 19, 2857, 2315]",1823,25,0,False,25
1291,entity other,entity other,13,True,True,True,"{38: 2, 29: 8, 27: 1, 44: 1, 20: 1, 24: 3, 13: 3, 35: 2, 28: 1, 21: 1, 25: 1, 0: 1}","[1693, 435, 1211, 719, 3770, 3239, 5447, 3596, 2529, 1823, 1291, 3851, 5451, 4707, 1376, 3063, 4344, 212, 144, 1071, 4508, 2940, 19, 2857, 2315]",1291,25,0,False,25
3851,entity other,entity other,13,True,True,True,"{38: 2, 29: 8, 27: 1, 44: 1, 20: 1, 24: 3, 13: 3, 35: 2, 28: 1, 21: 1, 25: 1, 0: 1}","[1693, 435, 1211, 719, 3770, 3239, 5447, 3596, 2529, 1823, 1291, 3851, 5451, 4707, 1376, 3063, 4344, 212, 144, 1071, 4508, 2940, 19, 2857, 2315]",3851,25,0,False,25
5451,human individual,human individual,29,True,True,True,"{38: 2, 29: 8, 27: 1, 44: 1, 20: 1, 24: 3, 13: 3, 35: 2, 28: 1, 21: 1, 25: 1, 0: 1}","[1693, 435, 1211, 719, 3770, 3239, 5447, 3596, 2529, 1823, 1291, 3851, 5451, 4707, 1376, 3063, 4344, 212, 144, 1071, 4508, 2940, 19, 2857, 2315]",5451,25,0,False,25
4707,description definition,description definition,24,True,True,True,"{38: 2, 29: 8, 27: 1, 44: 1, 20: 1, 24: 3, 13: 3, 35: 2, 28: 1, 21: 1, 25: 1, 0: 1}","[1693, 435, 1211, 719, 3770, 3239, 5447, 3596, 2529, 1823, 1291, 3851, 5451, 4707, 1376, 3063, 4344, 212, 144, 1071, 4508, 2940, 19, 2857, 2315]",4707,25,0,False,25
1376,human individual,human individual,29,True,True,True,"{38: 2, 29: 8, 27: 1, 44: 1, 20: 1, 24: 3, 13: 3, 35: 2, 28: 1, 21: 1, 25: 1, 0: 1}","[1693, 435, 1211, 719, 3770, 3239, 5447, 3596, 2529, 1823, 1291, 3851, 5451, 4707, 1376, 3063, 4344, 212, 144, 1071, 4508, 2940, 19, 2857, 2315]",1376,25,0,False,25
3063,human individual,human individual,29,True,True,True,"{38: 2, 29: 8, 27: 1, 44: 1, 20: 1, 24: 3, 13: 3, 35: 2, 28: 1, 21: 1, 25: 1, 0: 1}","[1693, 435, 1211, 719, 3770, 3239, 5447, 3596, 2529, 1823, 1291, 3851, 5451, 4707, 1376, 3063, 4344, 212, 144, 1071, 4508, 2940, 19, 2857, 2315]",3063,25,0,False,25
4344,location other,location other,35,True,True,True,"{38: 2, 29: 8, 27: 1, 44: 1, 20: 1, 24: 3, 13: 3, 35: 2, 28: 1, 21: 1, 25: 1, 0: 1}","[1693, 435, 1211, 719, 3770, 3239, 5447, 3596, 2529, 1823, 1291, 3851, 5451, 4707, 1376, 3063, 4344, 212, 144, 1071, 4508, 2940, 19, 2857, 2315]",4344,25,0,False,25
212,human individual,human individual,29,True,True,True,"{38: 2, 29: 8, 27: 1, 44: 1, 20: 1, 24: 3, 13: 3, 35: 2, 28: 1, 21: 1, 25: 1, 0: 1}","[1693, 435, 1211, 719, 3770, 3239, 5447, 3596, 2529, 1823, 1291, 3851, 5451, 4707, 1376, 3063, 4344, 212, 144, 1071, 4508, 2940, 19, 2857, 2315]",212,25,0,False,25
144,location other,location other,35,True,True,True,"{38: 2, 29: 8, 27: 1, 44: 1, 20: 1, 24: 3, 13: 3, 35: 2, 28: 1, 21: 1, 25: 1, 0: 1}","[1693, 435, 1211, 719, 3770, 3239, 5447, 3596, 2529, 1823, 1291, 3851, 5451, 4707, 1376, 3063, 4344, 212, 144, 1071, 4508, 2940, 19, 2857, 2315]",144,25,0,False,25
1071,human group,human group,28,True,True,True,"{38: 2, 29: 8, 27: 1, 44: 1, 20: 1, 24: 3, 13: 3, 35: 2, 28: 1, 21: 1, 25: 1, 0: 1}","[1693, 435, 1211, 719, 3770, 3239, 5447, 3596, 2529, 1823, 1291, 3851, 5451, 4707, 1376, 3063, 4344, 212, 144, 1071, 4508, 2940, 19, 2857, 2315]",1071,25,0,False,25
4508,entity term,entity term,21,True,True,True,"{38: 2, 29: 8, 27: 1, 44: 1, 20: 1, 24: 3, 13: 3, 35: 2, 28: 1, 21: 1, 25: 1, 0: 1}","[1693, 435, 1211, 719, 3770, 3239, 5447, 3596, 2529, 1823, 1291, 3851, 5451, 4707, 1376, 3063, 4344, 212, 144, 1071, 4508, 2940, 19, 2857, 2315]",4508,25,0,False,25
2940,human individual,numeric count,38,True,False,True,"{38: 2, 29: 8, 27: 1, 44: 1, 20: 1, 24: 3, 13: 3, 35: 2, 28: 1, 21: 1, 25: 1, 0: 1}","[1693, 435, 1211, 719, 3770, 3239, 5447, 3596, 2529, 1823, 1291, 3851, 5451, 4707, 1376, 3063, 4344, 212, 144, 1071, 4508, 2940, 19, 2857, 2315]",2940,25,0,False,25
19,description description,description description,25,True,True,True,"{38: 2, 29: 8, 27: 1, 44: 1, 20: 1, 24: 3, 13: 3, 35: 2, 28: 1, 21: 1, 25: 1, 0: 1}","[1693, 435, 1211, 719, 3770, 3239, 5447, 3596, 2529, 1823, 1291, 3851, 5451, 4707, 1376, 3063, 4344, 212, 144, 1071, 4508, 2940, 19, 2857, 2315]",19,25,0,False,25
2857,abbreviation abbreviation,abbreviation abbre,0,True,True,False,"{38: 2, 29: 8, 27: 1, 44: 1, 20: 1, 24: 3, 13: 3, 35: 2, 28: 1, 21: 1, 25: 1, 0: 1}","[1693, 435, 1211, 719, 3770, 3239, 5447, 3596, 2529, 1823, 1291, 3851, 5451, 4707, 1376, 3063, 4344, 212, 144, 1071, 4508, 2940, 19, 2857, 2315]",2857,25,0,False,25
2315,human individual,human individual,29,True,True,True,"{38: 2, 29: 8, 27: 1, 44: 1, 20: 1, 24: 3, 13: 3, 35: 2, 28: 1, 21: 1, 25: 1, 0: 1}","[1693, 435, 1211, 719, 3770, 3239, 5447, 3596, 2529, 1823, 1291, 3851, 5451, 4707, 1376, 3063, 4344, 212, 144, 1071, 4508, 2940, 19, 2857, 2315]",2315,25,0,False,25
5151,human individual,human individual,29,True,True,True,"{38: 2, 29: 8, 27: 1, 44: 1, 20: 1, 24: 3, 13: 3, 35: 2, 28: 1, 21: 1, 25: 1, 0: 1}","[1693, 435, 1211, 719, 3770, 3239, 5447, 3596, 2529, 1823, 1291, 3851, 5451, 4707, 1376, 3063, 4344, 212, 144, 1071, 4508, 2940, 19, 2857, 2315]",5151,25,0,False,25
3789,description description,entity term,21,True,False,True,"{38: 2, 29: 8, 27: 1, 44: 1, 20: 1, 24: 3, 13: 3, 35: 2, 28: 1, 21: 1, 25: 1, 0: 1}","[1693, 435, 1211, 719, 3770, 3239, 5447, 3596, 2529, 1823, 1291, 3851, 5451, 4707, 1376, 3063, 4344, 212, 144, 1071, 4508, 2940, 19, 2857, 2315]",3789,25,0,False,25
1779,description reason,description manner,26,False,False,True,"{38: 2, 29: 8, 27: 1, 44: 1, 20: 1, 24: 3, 13: 3, 35: 2, 28: 1, 21: 1, 25: 1, 0: 1}","[1693, 435, 1211, 719, 3770, 3239, 5447, 3596, 2529, 1823, 1291, 3851, 5451, 4707, 1376, 3063, 4344, 212, 144, 1071, 4508, 2940, 19, 2857, 2315]",1779,25,0,False,25
3537,description definition,entity disease,7,False,False,True,"{38: 2, 29: 8, 27: 1, 44: 1, 20: 1, 24: 3, 13: 3, 35: 2, 28: 1, 21: 1, 25: 1, 0: 1}","[1693, 435, 1211, 719, 3770, 3239, 5447, 3596, 2529, 1823, 1291, 3851, 5451, 4707, 1376, 3063, 4344, 212, 144, 1071, 4508, 2940, 19, 2857, 2315]",3537,25,0,False,25
1918,entity other,human group,28,True,False,True,"{38: 2, 29: 8, 27: 1, 44: 1, 20: 1, 24: 3, 13: 3, 35: 2, 28: 1, 21: 1, 25: 1, 0: 1}","[1693, 435, 1211, 719, 3770, 3239, 5447, 3596, 2529, 1823, 1291, 3851, 5451, 4707, 1376, 3063, 4344, 212, 144, 1071, 4508, 2940, 19, 2857, 2315]",1918,25,0,False,25
772,description definition,description definition,24,True,True,True,"{38: 2, 29: 8, 27: 1, 44: 1, 20: 1, 24: 3, 13: 3, 35: 2, 28: 1, 21: 1, 25: 1, 0: 1}","[1693, 435, 1211, 719, 3770, 3239, 5447, 3596, 2529, 1823, 1291, 3851, 5451, 4707, 1376, 3063, 4344, 212, 144, 1071, 4508, 2940, 19, 2857, 2315]",772,25,0,False,25
902,human individual,human individual,29,True,True,True,"{38: 2, 29: 8, 27: 1, 44: 1, 20: 1, 24: 3, 13: 3, 35: 2, 28: 1, 21: 1, 25: 1, 0: 1}","[1693, 435, 1211, 719, 3770, 3239, 5447, 3596, 2529, 1823, 1291, 3851, 5451, 4707, 1376, 3063, 4344, 212, 144, 1071, 4508, 2940, 19, 2857, 2315]",902,25,0,False,25
3459,location other,location country,33,False,False,True,"{38: 2, 29: 8, 27: 1, 44: 1, 20: 1, 24: 3, 13: 3, 35: 2, 28: 1, 21: 1, 25: 1, 0: 1}","[1693, 435, 1211, 719, 3770, 3239, 5447, 3596, 2529, 1823, 1291, 3851, 5451, 4707, 1376, 3063, 4344, 212, 144, 1071, 4508, 2940, 19, 2857, 2315]",3459,25,0,False,25
4564,entity other,entity animal,2,False,False,True,"{38: 2, 29: 8, 27: 1, 44: 1, 20: 1, 24: 3, 13: 3, 35: 2, 28: 1, 21: 1, 25: 1, 0: 1}","[1693, 435, 1211, 719, 3770, 3239, 5447, 3596, 2529, 1823, 1291, 3851, 5451, 4707, 1376, 3063, 4344, 212, 144, 1071, 4508, 2940, 19, 2857, 2315]",4564,25,0,False,25
3105,entity other,entity term,21,True,False,True,"{38: 2, 29: 8, 27: 1, 44: 1, 20: 1, 24: 3, 13: 3, 35: 2, 28: 1, 21: 1, 25: 1, 0: 1}","[1693, 435, 1211, 719, 3770, 3239, 5447, 3596, 2529, 1823, 1291, 3851, 5451, 4707, 1376, 3063, 4344, 212, 144, 1071, 4508, 2940, 19, 2857, 2315]",3105,25,0,False,25
5100,entity other,entity food,9,False,False,True,"{38: 2, 29: 8, 27: 1, 44: 1, 20: 1, 24: 3, 13: 3, 35: 2, 28: 1, 21: 1, 25: 1, 0: 1}","[1693, 435, 1211, 719, 3770, 3239, 5447, 3596, 2529, 1823, 1291, 3851, 5451, 4707, 1376, 3063, 4344, 212, 144, 1071, 4508, 2940, 19, 2857, 2315]",5100,25,0,False,25
4608,description definition,description description,25,True,False,True,"{38: 2, 29: 8, 27: 1, 44: 1, 20: 1, 24: 3, 13: 3, 35: 2, 28: 1, 21: 1, 25: 1, 0: 1}","[1693, 435, 1211, 719, 3770, 3239, 5447, 3596, 2529, 1823, 1291, 3851, 5451, 4707, 1376, 3063, 4344, 212, 144, 1071, 4508, 2940, 19, 2857, 2315]",4608,25,0,False,25
4687,entity other,location other,35,True,False,True,"{38: 2, 29: 8, 27: 1, 44: 1, 20: 1, 24: 3, 13: 3, 35: 2, 28: 1, 21: 1, 25: 1, 0: 1}","[1693, 435, 1211, 719, 3770, 3239, 5447, 3596, 2529, 1823, 1291, 3851, 5451, 4707, 1376, 3063, 4344, 212, 144, 1071, 4508, 2940, 19, 2857, 2315]",4687,25,0,False,25
2765,human individual,human individual,29,True,True,True,"{38: 2, 29: 8, 27: 1, 44: 1, 20: 1, 24: 3, 13: 3, 35: 2, 28: 1, 21: 1, 25: 1, 0: 1}","[1693, 435, 1211, 719, 3770, 3239, 5447, 3596, 2529, 1823, 1291, 3851, 5451, 4707, 1376, 3063, 4344, 212, 144, 1071, 4508, 2940, 19, 2857, 2315]",2765,25,0,False,25
4810,location other,location country,33,False,False,True,"{38: 2, 29: 8, 27: 1, 44: 1, 20: 1, 24: 3, 13: 3, 35: 2, 28: 1, 21: 1, 25: 1, 0: 1}","[1693, 435, 1211, 719, 3770, 3239, 5447, 3596, 2529, 1823, 1291, 3851, 5451, 4707, 1376, 3063, 4344, 212, 144, 1071, 4508, 2940, 19, 2857, 2315]",4810,25,0,False,25
4529,description reason,entity food,9,False,False,True,"{38: 2, 29: 8, 27: 1, 44: 1, 20: 1, 24: 3, 13: 3, 35: 2, 28: 1, 21: 1, 25: 1, 0: 1}","[1693, 435, 1211, 719, 3770, 3239, 5447, 3596, 2529, 1823, 1291, 3851, 5451, 4707, 1376, 3063, 4344, 212, 144, 1071, 4508, 2940, 19, 2857, 2315]",4529,25,0,False,25
1864,description definition,description definition,24,True,True,True,"{38: 2, 29: 8, 27: 1, 44: 1, 20: 1, 24: 3, 13: 3, 35: 2, 28: 1, 21: 1, 25: 1, 0: 1}","[1693, 435, 1211, 719, 3770, 3239, 5447, 3596, 2529, 1823, 1291, 3851, 5451, 4707, 1376, 3063, 4344, 212, 144, 1071, 4508, 2940, 19, 2857, 2315]",1864,25,0,False,25
1168,description description,description description,25,True,True,True,"{38: 2, 29: 8, 27: 1, 44: 1, 20: 1, 24: 3, 13: 3, 35: 2, 28: 1, 21: 1, 25: 1, 0: 1}","[1693, 435, 1211, 719, 3770, 3239, 5447, 3596, 2529, 1823, 1291, 3851, 5451, 4707, 1376, 3063, 4344, 212, 144, 1071, 4508, 2940, 19, 2857, 2315]",1168,25,0,False,25
147,entity other,description reason,27,True,False,True,"{38: 2, 29: 8, 27: 1, 44: 1, 20: 1, 24: 3, 13: 3, 35: 2, 28: 1, 21: 1, 25: 1, 0: 1}","[1693, 435, 1211, 719, 3770, 3239, 5447, 3596, 2529, 1823, 1291, 3851, 5451, 4707, 1376, 3063, 4344, 212, 144, 1071, 4508, 2940, 19, 2857, 2315]",147,25,0,False,25
2618,numeric count,numeric money,41,False,False,True,"{38: 2, 29: 8, 27: 1, 44: 1, 20: 1, 24: 3, 13: 3, 35: 2, 28: 1, 21: 1, 25: 1, 0: 1}","[1693, 435, 1211, 719, 3770, 3239, 5447, 3596, 2529, 1823, 1291, 3851, 5451, 4707, 1376, 3063, 4344, 212, 144, 1071, 4508, 2940, 19, 2857, 2315]",2618,25,0,False,25
4058,entity other,human group,28,True,False,True,"{38: 2, 29: 8, 27: 1, 44: 1, 20: 1, 24: 3, 13: 3, 35: 2, 28: 1, 21: 1, 25: 1, 0: 1}","[1693, 435, 1211, 719, 3770, 3239, 5447, 3596, 2529, 1823, 1291, 3851, 5451, 4707, 1376, 3063, 4344, 212, 144, 1071, 4508, 2940, 19, 2857, 2315]",4058,25,0,False,25
328,numeric count,numeric percent,45,False,False,True,"{38: 2, 29: 8, 27: 1, 44: 1, 20: 1, 24: 3, 13: 3, 35: 2, 28: 1, 21: 1, 25: 1, 0: 1}","[1693, 435, 1211, 719, 3770, 3239, 5447, 3596, 2529, 1823, 1291, 3851, 5451, 4707, 1376, 3063, 4344, 212, 144, 1071, 4508, 2940, 19, 2857, 2315]",328,25,0,False,25
5366,entity other,entity language,11,False,False,True,"{38: 2, 29: 8, 27: 1, 44: 1, 20: 1, 24: 3, 13: 3, 35: 2, 28: 1, 21: 1, 25: 1, 0: 1}","[1693, 435, 1211, 719, 3770, 3239, 5447, 3596, 2529, 1823, 1291, 3851, 5451, 4707, 1376, 3063, 4344, 212, 144, 1071, 4508, 2940, 19, 2857, 2315]",5366,25,0,False,25
1229,human individual,numeric date,39,False,False,True,"{38: 2, 29: 8, 27: 1, 44: 1, 20: 1, 24: 3, 13: 3, 35: 2, 28: 1, 21: 1, 25: 1, 0: 1}","[1693, 435, 1211, 719, 3770, 3239, 5447, 3596, 2529, 1823, 1291, 3851, 5451, 4707, 1376, 3063, 4344, 212, 144, 1071, 4508, 2940, 19, 2857, 2315]",1229,25,0,False,25
219,description definition,entity term,21,True,False,True,"{38: 2, 29: 8, 27: 1, 44: 1, 20: 1, 24: 3, 13: 3, 35: 2, 28: 1, 21: 1, 25: 1, 0: 1}","[1693, 435, 1211, 719, 3770, 3239, 5447, 3596, 2529, 1823, 1291, 3851, 5451, 4707, 1376, 3063, 4344, 212, 144, 1071, 4508, 2940, 19, 2857, 2315]",219,25,0,False,25
5038,location other,numeric code,37,False,False,True,"{38: 2, 29: 8, 27: 1, 44: 1, 20: 1, 24: 3, 13: 3, 35: 2, 28: 1, 21: 1, 25: 1, 0: 1}","[1693, 435, 1211, 719, 3770, 3239, 5447, 3596, 2529, 1823, 1291, 3851, 5451, 4707, 1376, 3063, 4344, 212, 144, 1071, 4508, 2940, 19, 2857, 2315]",5038,25,0,False,25
2324,numeric count,numeric count,38,True,True,True,"{38: 2, 29: 8, 27: 1, 44: 1, 20: 1, 24: 3, 13: 3, 35: 2, 28: 1, 21: 1, 25: 1, 0: 1}","[1693, 435, 1211, 719, 3770, 3239, 5447, 3596, 2529, 1823, 1291, 3851, 5451, 4707, 1376, 3063, 4344, 212, 144, 1071, 4508, 2940, 19, 2857, 2315]",2324,25,0,False,25
3045,entity other,human group,28,True,False,True,"{38: 2, 29: 8, 27: 1, 44: 1, 20: 1, 24: 3, 13: 3, 35: 2, 28: 1, 21: 1, 25: 1, 0: 1}","[1693, 435, 1211, 719, 3770, 3239, 5447, 3596, 2529, 1823, 1291, 3851, 5451, 4707, 1376, 3063, 4344, 212, 144, 1071, 4508, 2940, 19, 2857, 2315]",3045,25,0,False,25
2803,description reason,description manner,26,False,False,True,"{38: 2, 29: 8, 27: 1, 44: 1, 20: 1, 24: 3, 13: 3, 35: 2, 28: 1, 21: 1, 25: 1, 0: 1}","[1693, 435, 1211, 719, 3770, 3239, 5447, 3596, 2529, 1823, 1291, 3851, 5451, 4707, 1376, 3063, 4344, 212, 144, 1071, 4508, 2940, 19, 2857, 2315]",2803,25,0,False,25
667,numeric period,numeric date,39,False,False,True,"{38: 2, 29: 8, 27: 1, 44: 1, 20: 1, 24: 3, 13: 3, 35: 2, 28: 1, 21: 1, 25: 1, 0: 1}","[1693, 435, 1211, 719, 3770, 3239, 5447, 3596, 2529, 1823, 1291, 3851, 5451, 4707, 1376, 3063, 4344, 212, 144, 1071, 4508, 2940, 19, 2857, 2315]",667,25,0,False,25
2340,description definition,description definition,24,True,True,True,"{38: 2, 29: 8, 27: 1, 44: 1, 20: 1, 24: 3, 13: 3, 35: 2, 28: 1, 21: 1, 25: 1, 0: 1}","[1693, 435, 1211, 719, 3770, 3239, 5447, 3596, 2529, 1823, 1291, 3851, 5451, 4707, 1376, 3063, 4344, 212, 144, 1071, 4508, 2940, 19, 2857, 2315]",2340,25,0,False,25
4800,description definition,entity creation,5,False,False,True,"{38: 2, 29: 8, 27: 1, 44: 1, 20: 1, 24: 3, 13: 3, 35: 2, 28: 1, 21: 1, 25: 1, 0: 1}","[1693, 435, 1211, 719, 3770, 3239, 5447, 3596, 2529, 1823, 1291, 3851, 5451, 4707, 1376, 3063, 4344, 212, 144, 1071, 4508, 2940, 19, 2857, 2315]",4800,25,0,False,25
1635,human group,location state,36,False,False,True,"{38: 2, 29: 8, 27: 1, 44: 1, 20: 1, 24: 3, 13: 3, 35: 2, 28: 1, 21: 1, 25: 1, 0: 1}","[1693, 435, 1211, 719, 3770, 3239, 5447, 3596, 2529, 1823, 1291, 3851, 5451, 4707, 1376, 3063, 4344, 212, 144, 1071, 4508, 2940, 19, 2857, 2315]",1635,25,0,False,25
4899,location other,location other,35,True,True,True,"{38: 2, 29: 8, 27: 1, 44: 1, 20: 1, 24: 3, 13: 3, 35: 2, 28: 1, 21: 1, 25: 1, 0: 1}","[1693, 435, 1211, 719, 3770, 3239, 5447, 3596, 2529, 1823, 1291, 3851, 5451, 4707, 1376, 3063, 4344, 212, 144, 1071, 4508, 2940, 19, 2857, 2315]",4899,25,0,False,25
1992,numeric count,numeric count,38,True,True,True,"{38: 2, 29: 8, 27: 1, 44: 1, 20: 1, 24: 3, 13: 3, 35: 2, 28: 1, 21: 1, 25: 1, 0: 1}","[1693, 435, 1211, 719, 3770, 3239, 5447, 3596, 2529, 1823, 1291, 3851, 5451, 4707, 1376, 3063, 4344, 212, 144, 1071, 4508, 2940, 19, 2857, 2315]",1992,25,0,False,25
1652,numeric count,numeric other,43,False,False,True,"{38: 2, 29: 8, 27: 1, 44: 1, 20: 1, 24: 3, 13: 3, 35: 2, 28: 1, 21: 1, 25: 1, 0: 1}","[1693, 435, 1211, 719, 3770, 3239, 5447, 3596, 2529, 1823, 1291, 3851, 5451, 4707, 1376, 3063, 4344, 212, 144, 1071, 4508, 2940, 19, 2857, 2315]",1652,25,0,False,25
4212,location other,description description,25,True,False,True,"{38: 2, 29: 8, 27: 1, 44: 1, 20: 1, 24: 3, 13: 3, 35: 2, 28: 1, 21: 1, 25: 1, 0: 1}","[1693, 435, 1211, 719, 3770, 3239, 5447, 3596, 2529, 1823, 1291, 3851, 5451, 4707, 1376, 3063, 4344, 212, 144, 1071, 4508, 2940, 19, 2857, 2315]",4212,25,0,False,25
1355,numeric count,numeric period,44,True,False,True,"{38: 2, 29: 8, 27: 1, 44: 1, 20: 1, 24: 3, 13: 3, 35: 2, 28: 1, 21: 1, 25: 1, 0: 1}","[1693, 435, 1211, 719, 3770, 3239, 5447, 3596, 2529, 1823, 1291, 3851, 5451, 4707, 1376, 3063, 4344, 212, 144, 1071, 4508, 2940, 19, 2857, 2315]",1355,25,0,False,25
3730,description definition,entity term,21,True,False,True,"{38: 2, 29: 8, 27: 1, 44: 1, 20: 1, 24: 3, 13: 3, 35: 2, 28: 1, 21: 1, 25: 1, 0: 1}","[1693, 435, 1211, 719, 3770, 3239, 5447, 3596, 2529, 1823, 1291, 3851, 5451, 4707, 1376, 3063, 4344, 212, 144, 1071, 4508, 2940, 19, 2857, 2315]",3730,25,0,False,25
1499,entity other,numeric date,39,False,False,True,"{38: 2, 29: 8, 27: 1, 44: 1, 20: 1, 24: 3, 13: 3, 35: 2, 28: 1, 21: 1, 25: 1, 0: 1}","[1693, 435, 1211, 719, 3770, 3239, 5447, 3596, 2529, 1823, 1291, 3851, 5451, 4707, 1376, 3063, 4344, 212, 144, 1071, 4508, 2940, 19, 2857, 2315]",1499,25,0,False,25
390,human individual,human individual,29,True,True,True,"{38: 2, 29: 8, 27: 1, 44: 1, 20: 1, 24: 3, 13: 3, 35: 2, 28: 1, 21: 1, 25: 1, 0: 1}","[1693, 435, 1211, 719, 3770, 3239, 5447, 3596, 2529, 1823, 1291, 3851, 5451, 4707, 1376, 3063, 4344, 212, 144, 1071, 4508, 2940, 19, 2857, 2315]",390,25,0,False,25
2887,numeric count,numeric count,38,True,True,True,"{38: 2, 29: 8, 27: 1, 44: 1, 20: 1, 24: 3, 13: 3, 35: 2, 28: 1, 21: 1, 25: 1, 0: 1}","[1693, 435, 1211, 719, 3770, 3239, 5447, 3596, 2529, 1823, 1291, 3851, 5451, 4707, 1376, 3063, 4344, 212, 144, 1071, 4508, 2940, 19, 2857, 2315]",2887,25,0,False,25
1727,numeric period,numeric date,39,False,False,True,"{38: 2, 29: 8, 27: 1, 44: 1, 20: 1, 24: 3, 13: 3, 35: 2, 28: 1, 21: 1, 25: 1, 0: 1}","[1693, 435, 1211, 719, 3770, 3239, 5447, 3596, 2529, 1823, 1291, 3851, 5451, 4707, 1376, 3063, 4344, 212, 144, 1071, 4508, 2940, 19, 2857, 2315]",1727,25,0,False,25
2089,human individual,entity creation,5,False,False,True,"{38: 2, 29: 8, 27: 1, 44: 1, 20: 1, 24: 3, 13: 3, 35: 2, 28: 1, 21: 1, 25: 1, 0: 1}","[1693, 435, 1211, 719, 3770, 3239, 5447, 3596, 2529, 1823, 1291, 3851, 5451, 4707, 1376, 3063, 4344, 212, 144, 1071, 4508, 2940, 19, 2857, 2315]",2089,25,0,False,25
5326,location other,location other,35,True,True,True,"{38: 2, 29: 8, 27: 1, 44: 1, 20: 1, 24: 3, 13: 3, 35: 2, 28: 1, 21: 1, 25: 1, 0: 1}","[1693, 435, 1211, 719, 3770, 3239, 5447, 3596, 2529, 1823, 1291, 3851, 5451, 4707, 1376, 3063, 4344, 212, 144, 1071, 4508, 2940, 19, 2857, 2315]",5326,25,0,False,25
3634,numeric period,numeric date,39,False,False,True,"{38: 2, 29: 8, 27: 1, 44: 1, 20: 1, 24: 3, 13: 3, 35: 2, 28: 1, 21: 1, 25: 1, 0: 1}","[1693, 435, 1211, 719, 3770, 3239, 5447, 3596, 2529, 1823, 1291, 3851, 5451, 4707, 1376, 3063, 4344, 212, 144, 1071, 4508, 2940, 19, 2857, 2315]",3634,25,0,False,25
3692,location other,location country,33,False,False,True,"{38: 2, 29: 8, 27: 1, 44: 1, 20: 1, 24: 3, 13: 3, 35: 2, 28: 1, 21: 1, 25: 1, 0: 1}","[1693, 435, 1211, 719, 3770, 3239, 5447, 3596, 2529, 1823, 1291, 3851, 5451, 4707, 1376, 3063, 4344, 212, 144, 1071, 4508, 2940, 19, 2857, 2315]",3692,25,0,False,25
3318,location other,location country,33,False,False,True,"{38: 2, 29: 8, 27: 1, 44: 1, 20: 1, 24: 3, 13: 3, 35: 2, 28: 1, 21: 1, 25: 1, 0: 1}","[1693, 435, 1211, 719, 3770, 3239, 5447, 3596, 2529, 1823, 1291, 3851, 5451, 4707, 1376, 3063, 4344, 212, 144, 1071, 4508, 2940, 19, 2857, 2315]",3318,25,0,False,25
919,description definition,entity term,21,True,False,True,"{38: 2, 29: 8, 27: 1, 44: 1, 20: 1, 24: 3, 13: 3, 35: 2, 28: 1, 21: 1, 25: 1, 0: 1}","[1693, 435, 1211, 719, 3770, 3239, 5447, 3596, 2529, 1823, 1291, 3851, 5451, 4707, 1376, 3063, 4344, 212, 144, 1071, 4508, 2940, 19, 2857, 2315]",919,25,0,False,25
4871,human individual,human individual,29,True,True,True,"{38: 2, 29: 8, 27: 1, 44: 1, 20: 1, 24: 3, 13: 3, 35: 2, 28: 1, 21: 1, 25: 1, 0: 1}","[1693, 435, 1211, 719, 3770, 3239, 5447, 3596, 2529, 1823, 1291, 3851, 5451, 4707, 1376, 3063, 4344, 212, 144, 1071, 4508, 2940, 19, 2857, 2315]",4871,25,0,False,25
1891,numeric period,numeric date,39,False,False,True,"{38: 2, 29: 8, 27: 1, 44: 1, 20: 1, 24: 3, 13: 3, 35: 2, 28: 1, 21: 1, 25: 1, 0: 1}","[1693, 435, 1211, 719, 3770, 3239, 5447, 3596, 2529, 1823, 1291, 3851, 5451, 4707, 1376, 3063, 4344, 212, 144, 1071, 4508, 2940, 19, 2857, 2315]",1891,25,0,False,25
2231,numeric count,numeric money,41,False,False,True,"{38: 2, 29: 8, 27: 1, 44: 1, 20: 1, 24: 3, 13: 3, 35: 2, 28: 1, 21: 1, 25: 1, 0: 1}","[1693, 435, 1211, 719, 3770, 3239, 5447, 3596, 2529, 1823, 1291, 3851, 5451, 4707, 1376, 3063, 4344, 212, 144, 1071, 4508, 2940, 19, 2857, 2315]",2231,25,0,False,25
704,human individual,entity creation,5,False,False,True,"{38: 2, 29: 8, 27: 1, 44: 1, 20: 1, 24: 3, 13: 3, 35: 2, 28: 1, 21: 1, 25: 1, 0: 1}","[1693, 435, 1211, 719, 3770, 3239, 5447, 3596, 2529, 1823, 1291, 3851, 5451, 4707, 1376, 3063, 4344, 212, 144, 1071, 4508, 2940, 19, 2857, 2315]",704,25,0,False,25
4232,entity other,location other,35,True,False,True,"{38: 2, 29: 8, 27: 1, 44: 1, 20: 1, 24: 3, 13: 3, 35: 2, 28: 1, 21: 1, 25: 1, 0: 1}","[1693, 435, 1211, 719, 3770, 3239, 5447, 3596, 2529, 1823, 1291, 3851, 5451, 4707, 1376, 3063, 4344, 212, 144, 1071, 4508, 2940, 19, 2857, 2315]",4232,25,0,False,25
2169,description reason,entity other,13,True,False,True,"{38: 2, 29: 8, 27: 1, 44: 1, 20: 1, 24: 3, 13: 3, 35: 2, 28: 1, 21: 1, 25: 1, 0: 1}","[1693, 435, 1211, 719, 3770, 3239, 5447, 3596, 2529, 1823, 1291, 3851, 5451, 4707, 1376, 3063, 4344, 212, 144, 1071, 4508, 2940, 19, 2857, 2315]",2169,25,0,False,25
429,human individual,human individual,29,True,True,True,"{38: 2, 29: 8, 27: 1, 44: 1, 20: 1, 24: 3, 13: 3, 35: 2, 28: 1, 21: 1, 25: 1, 0: 1}","[1693, 435, 1211, 719, 3770, 3239, 5447, 3596, 2529, 1823, 1291, 3851, 5451, 4707, 1376, 3063, 4344, 212, 144, 1071, 4508, 2940, 19, 2857, 2315]",429,25,0,False,25
471,human individual,human individual,29,True,True,True,"{38: 2, 29: 8, 27: 1, 44: 1, 20: 1, 24: 3, 13: 3, 35: 2, 28: 1, 21: 1, 25: 1, 0: 1}","[1693, 435, 1211, 719, 3770, 3239, 5447, 3596, 2529, 1823, 1291, 3851, 5451, 4707, 1376, 3063, 4344, 212, 144, 1071, 4508, 2940, 19, 2857, 2315]",471,25,0,False,25
4758,entity other,entity product,15,False,False,True,"{38: 2, 29: 8, 27: 1, 44: 1, 20: 1, 24: 3, 13: 3, 35: 2, 28: 1, 21: 1, 25: 1, 0: 1}","[1693, 435, 1211, 719, 3770, 3239, 5447, 3596, 2529, 1823, 1291, 3851, 5451, 4707, 1376, 3063, 4344, 212, 144, 1071, 4508, 2940, 19, 2857, 2315]",4758,25,0,False,25
3376,entity color,entity color,4,False,True,False,"{38: 2, 29: 8, 27: 1, 44: 1, 20: 1, 24: 3, 13: 3, 35: 2, 28: 1, 21: 1, 25: 1, 0: 1}","[1693, 435, 1211, 719, 3770, 3239, 5447, 3596, 2529, 1823, 1291, 3851, 5451, 4707, 1376, 3063, 4344, 212, 144, 1071, 4508, 2940, 19, 2857, 2315]",3376,25,0,False,25
2320,human individual,numeric date,39,False,False,True,"{38: 2, 29: 8, 27: 1, 44: 1, 20: 1, 24: 3, 13: 3, 35: 2, 28: 1, 21: 1, 25: 1, 0: 1}","[1693, 435, 1211, 719, 3770, 3239, 5447, 3596, 2529, 1823, 1291, 3851, 5451, 4707, 1376, 3063, 4344, 212, 144, 1071, 4508, 2940, 19, 2857, 2315]",2320,25,0,False,25
3455,entity term,entity technique,20,True,False,True,"{38: 2, 29: 8, 27: 1, 44: 1, 20: 1, 24: 3, 13: 3, 35: 2, 28: 1, 21: 1, 25: 1, 0: 1}","[1693, 435, 1211, 719, 3770, 3239, 5447, 3596, 2529, 1823, 1291, 3851, 5451, 4707, 1376, 3063, 4344, 212, 144, 1071, 4508, 2940, 19, 2857, 2315]",3455,25,0,False,25
4371,abbreviation abbreviation,abbreviation expansion,1,False,False,False,"{38: 2, 29: 8, 27: 1, 44: 1, 20: 1, 24: 3, 13: 3, 35: 2, 28: 1, 21: 1, 25: 1, 0: 1}","[1693, 435, 1211, 719, 3770, 3239, 5447, 3596, 2529, 1823, 1291, 3851, 5451, 4707, 1376, 3063, 4344, 212, 144, 1071, 4508, 2940, 19, 2857, 2315]",4371,25,0,False,25
2634,numeric count,numeric count,38,True,True,True,"{38: 2, 29: 8, 27: 1, 44: 1, 20: 1, 24: 3, 13: 3, 35: 2, 28: 1, 21: 1, 25: 1, 0: 1}","[1693, 435, 1211, 719, 3770, 3239, 5447, 3596, 2529, 1823, 1291, 3851, 5451, 4707, 1376, 3063, 4344, 212, 144, 1071, 4508, 2940, 19, 2857, 2315]",2634,25,0,False,25
2243,human individual,human individual,29,True,True,True,"{38: 2, 29: 8, 27: 1, 44: 1, 20: 1, 24: 3, 13: 3, 35: 2, 28: 1, 21: 1, 25: 1, 0: 1}","[1693, 435, 1211, 719, 3770, 3239, 5447, 3596, 2529, 1823, 1291, 3851, 5451, 4707, 1376, 3063, 4344, 212, 144, 1071, 4508, 2940, 19, 2857, 2315]",2243,25,0,False,25
4283,location other,location other,35,True,True,True,"{38: 2, 29: 8, 27: 1, 44: 1, 20: 1, 24: 3, 13: 3, 35: 2, 28: 1, 21: 1, 25: 1, 0: 1}","[1693, 435, 1211, 719, 3770, 3239, 5447, 3596, 2529, 1823, 1291, 3851, 5451, 4707, 1376, 3063, 4344, 212, 144, 1071, 4508, 2940, 19, 2857, 2315]",4283,25,0,False,25
3758,description reason,description manner,26,False,False,True,"{38: 2, 29: 8, 27: 1, 44: 1, 20: 1, 24: 3, 13: 3, 35: 2, 28: 1, 21: 1, 25: 1, 0: 1}","[1693, 435, 1211, 719, 3770, 3239, 5447, 3596, 2529, 1823, 1291, 3851, 5451, 4707, 1376, 3063, 4344, 212, 144, 1071, 4508, 2940, 19, 2857, 2315]",3758,25,0,False,25
2120,numeric count,numeric count,38,True,True,True,"{38: 2, 29: 8, 27: 1, 44: 1, 20: 1, 24: 3, 13: 3, 35: 2, 28: 1, 21: 1, 25: 1, 0: 1}","[1693, 435, 1211, 719, 3770, 3239, 5447, 3596, 2529, 1823, 1291, 3851, 5451, 4707, 1376, 3063, 4344, 212, 144, 1071, 4508, 2940, 19, 2857, 2315]",2120,25,0,False,25
3637,entity other,entity food,9,False,False,True,"{38: 2, 29: 8, 27: 1, 44: 1, 20: 1, 24: 3, 13: 3, 35: 2, 28: 1, 21: 1, 25: 1, 0: 1}","[1693, 435, 1211, 719, 3770, 3239, 5447, 3596, 2529, 1823, 1291, 3851, 5451, 4707, 1376, 3063, 4344, 212, 144, 1071, 4508, 2940, 19, 2857, 2315]",3637,25,0,False,25
1008,description definition,description description,25,True,False,True,"{38: 2, 29: 8, 27: 1, 44: 1, 20: 1, 24: 3, 13: 3, 35: 2, 28: 1, 21: 1, 25: 1, 0: 1}","[1693, 435, 1211, 719, 3770, 3239, 5447, 3596, 2529, 1823, 1291, 3851, 5451, 4707, 1376, 3063, 4344, 212, 144, 1071, 4508, 2940, 19, 2857, 2315]",1008,25,0,False,25
1610,human individual,human individual,29,True,True,True,"{38: 2, 29: 8, 27: 1, 44: 1, 20: 1, 24: 3, 13: 3, 35: 2, 28: 1, 21: 1, 25: 1, 0: 1}","[1693, 435, 1211, 719, 3770, 3239, 5447, 3596, 2529, 1823, 1291, 3851, 5451, 4707, 1376, 3063, 4344, 212, 144, 1071, 4508, 2940, 19, 2857, 2315]",1610,25,0,False,25
2580,entity other,entity color,4,False,False,True,"{38: 2, 29: 8, 27: 1, 44: 1, 20: 1, 24: 3, 13: 3, 35: 2, 28: 1, 21: 1, 25: 1, 0: 1}","[1693, 435, 1211, 719, 3770, 3239, 5447, 3596, 2529, 1823, 1291, 3851, 5451, 4707, 1376, 3063, 4344, 212, 144, 1071, 4508, 2940, 19, 2857, 2315]",2580,25,0,False,25
2247,description definition,description description,25,True,False,True,"{38: 2, 29: 8, 27: 1, 44: 1, 20: 1, 24: 3, 13: 3, 35: 2, 28: 1, 21: 1, 25: 1, 0: 1}","[1693, 435, 1211, 719, 3770, 3239, 5447, 3596, 2529, 1823, 1291, 3851, 5451, 4707, 1376, 3063, 4344, 212, 144, 1071, 4508, 2940, 19, 2857, 2315]",2247,25,0,False,25
316,location other,location other,35,True,True,True,"{38: 2, 29: 8, 27: 1, 44: 1, 20: 1, 24: 3, 13: 3, 35: 2, 28: 1, 21: 1, 25: 1, 0: 1}","[1693, 435, 1211, 719, 3770, 3239, 5447, 3596, 2529, 1823, 1291, 3851, 5451, 4707, 1376, 3063, 4344, 212, 144, 1071, 4508, 2940, 19, 2857, 2315]",316,25,0,False,25
1047,description definition,entity term,21,True,False,True,"{38: 2, 29: 8, 27: 1, 44: 1, 20: 1, 24: 3, 13: 3, 35: 2, 28: 1, 21: 1, 25: 1, 0: 1}","[1693, 435, 1211, 719, 3770, 3239, 5447, 3596, 2529, 1823, 1291, 3851, 5451, 4707, 1376, 3063, 4344, 212, 144, 1071, 4508, 2940, 19, 2857, 2315]",1047,25,0,False,25
2359,human individual,human individual,29,True,True,True,"{38: 2, 29: 8, 27: 1, 44: 1, 20: 1, 24: 3, 13: 3, 35: 2, 28: 1, 21: 1, 25: 1, 0: 1}","[1693, 435, 1211, 719, 3770, 3239, 5447, 3596, 2529, 1823, 1291, 3851, 5451, 4707, 1376, 3063, 4344, 212, 144, 1071, 4508, 2940, 19, 2857, 2315]",2359,25,0,False,25
3900,location other,location other,35,True,True,True,"{38: 2, 29: 8, 27: 1, 44: 1, 20: 1, 24: 3, 13: 3, 35: 2, 28: 1, 21: 1, 25: 1, 0: 1}","[1693, 435, 1211, 719, 3770, 3239, 5447, 3596, 2529, 1823, 1291, 3851, 5451, 4707, 1376, 3063, 4344, 212, 144, 1071, 4508, 2940, 19, 2857, 2315]",3900,25,0,False,25
1792,entity other,description description,25,True,False,True,"{38: 2, 29: 8, 27: 1, 44: 1, 20: 1, 24: 3, 13: 3, 35: 2, 28: 1, 21: 1, 25: 1, 0: 1}","[1693, 435, 1211, 719, 3770, 3239, 5447, 3596, 2529, 1823, 1291, 3851, 5451, 4707, 1376, 3063, 4344, 212, 144, 1071, 4508, 2940, 19, 2857, 2315]",1792,25,0,False,25
952,description reason,description description,25,True,False,True,"{38: 2, 29: 8, 27: 1, 44: 1, 20: 1, 24: 3, 13: 3, 35: 2, 28: 1, 21: 1, 25: 1, 0: 1}","[1693, 435, 1211, 719, 3770, 3239, 5447, 3596, 2529, 1823, 1291, 3851, 5451, 4707, 1376, 3063, 4344, 212, 144, 1071, 4508, 2940, 19, 2857, 2315]",952,25,0,False,25
3117,human individual,human individual,29,True,True,True,"{38: 2, 29: 8, 27: 1, 44: 1, 20: 1, 24: 3, 13: 3, 35: 2, 28: 1, 21: 1, 25: 1, 0: 1}","[1693, 435, 1211, 719, 3770, 3239, 5447, 3596, 2529, 1823, 1291, 3851, 5451, 4707, 1376, 3063, 4344, 212, 144, 1071, 4508, 2940, 19, 2857, 2315]",3117,25,0,False,25
1503,location other,location other,35,True,True,True,"{38: 2, 29: 8, 27: 1, 44: 1, 20: 1, 24: 3, 13: 3, 35: 2, 28: 1, 21: 1, 25: 1, 0: 1}","[1693, 435, 1211, 719, 3770, 3239, 5447, 3596, 2529, 1823, 1291, 3851, 5451, 4707, 1376, 3063, 4344, 212, 144, 1071, 4508, 2940, 19, 2857, 2315]",1503,25,0,False,25
3272,entity other,entity other,13,True,True,True,"{38: 2, 29: 8, 27: 1, 44: 1, 20: 1, 24: 3, 13: 3, 35: 2, 28: 1, 21: 1, 25: 1, 0: 1}","[1693, 435, 1211, 719, 3770, 3239, 5447, 3596, 2529, 1823, 1291, 3851, 5451, 4707, 1376, 3063, 4344, 212, 144, 1071, 4508, 2940, 19, 2857, 2315]",3272,25,0,False,25
1014,entity other,human group,28,True,False,True,"{38: 2, 29: 8, 27: 1, 44: 1, 20: 1, 24: 3, 13: 3, 35: 2, 28: 1, 21: 1, 25: 1, 0: 1}","[1693, 435, 1211, 719, 3770, 3239, 5447, 3596, 2529, 1823, 1291, 3851, 5451, 4707, 1376, 3063, 4344, 212, 144, 1071, 4508, 2940, 19, 2857, 2315]",1014,25,0,False,25
2835,description definition,description manner,26,False,False,True,"{38: 2, 29: 8, 27: 1, 44: 1, 20: 1, 24: 3, 13: 3, 35: 2, 28: 1, 21: 1, 25: 1, 0: 1}","[1693, 435, 1211, 719, 3770, 3239, 5447, 3596, 2529, 1823, 1291, 3851, 5451, 4707, 1376, 3063, 4344, 212, 144, 1071, 4508, 2940, 19, 2857, 2315]",2835,25,0,False,25
2079,description definition,entity other,13,True,False,True,"{38: 2, 29: 8, 27: 1, 44: 1, 20: 1, 24: 3, 13: 3, 35: 2, 28: 1, 21: 1, 25: 1, 0: 1}","[1693, 435, 1211, 719, 3770, 3239, 5447, 3596, 2529, 1823, 1291, 3851, 5451, 4707, 1376, 3063, 4344, 212, 144, 1071, 4508, 2940, 19, 2857, 2315]",2079,25,0,False,25
2663,numeric count,description definition,24,True,False,True,"{38: 2, 29: 8, 27: 1, 44: 1, 20: 1, 24: 3, 13: 3, 35: 2, 28: 1, 21: 1, 25: 1, 0: 1}","[1693, 435, 1211, 719, 3770, 3239, 5447, 3596, 2529, 1823, 1291, 3851, 5451, 4707, 1376, 3063, 4344, 212, 144, 1071, 4508, 2940, 19, 2857, 2315]",2663,25,0,False,25
1226,entity technique,entity other,13,True,False,True,"{38: 2, 29: 8, 27: 1, 44: 1, 20: 1, 24: 3, 13: 3, 35: 2, 28: 1, 21: 1, 25: 1, 0: 1}","[1693, 435, 1211, 719, 3770, 3239, 5447, 3596, 2529, 1823, 1291, 3851, 5451, 4707, 1376, 3063, 4344, 212, 144, 1071, 4508, 2940, 19, 2857, 2315]",1226,25,0,False,25
4779,entity instrument,entity other,13,True,False,False,"{38: 2, 29: 8, 27: 1, 44: 1, 20: 1, 24: 3, 13: 3, 35: 2, 28: 1, 21: 1, 25: 1, 0: 1}","[1693, 435, 1211, 719, 3770, 3239, 5447, 3596, 2529, 1823, 1291, 3851, 5451, 4707, 1376, 3063, 4344, 212, 144, 1071, 4508, 2940, 19, 2857, 2315]",4779,25,0,False,25
2987,human individual,human individual,29,True,True,True,"{38: 2, 29: 8, 27: 1, 44: 1, 20: 1, 24: 3, 13: 3, 35: 2, 28: 1, 21: 1, 25: 1, 0: 1}","[1693, 435, 1211, 719, 3770, 3239, 5447, 3596, 2529, 1823, 1291, 3851, 5451, 4707, 1376, 3063, 4344, 212, 144, 1071, 4508, 2940, 19, 2857, 2315]",2987,25,0,False,25
3039,description definition,description definition,24,True,True,True,"{38: 2, 29: 8, 27: 1, 44: 1, 20: 1, 24: 3, 13: 3, 35: 2, 28: 1, 21: 1, 25: 1, 0: 1}","[1693, 435, 1211, 719, 3770, 3239, 5447, 3596, 2529, 1823, 1291, 3851, 5451, 4707, 1376, 3063, 4344, 212, 144, 1071, 4508, 2940, 19, 2857, 2315]",3039,25,0,False,25
2152,entity other,entity creation,5,False,False,True,"{38: 2, 29: 8, 27: 1, 44: 1, 20: 1, 24: 3, 13: 3, 35: 2, 28: 1, 21: 1, 25: 1, 0: 1}","[1693, 435, 1211, 719, 3770, 3239, 5447, 3596, 2529, 1823, 1291, 3851, 5451, 4707, 1376, 3063, 4344, 212, 144, 1071, 4508, 2940, 19, 2857, 2315]",2152,25,0,False,25
1120,description reason,entity term,21,True,False,True,"{38: 2, 29: 8, 27: 1, 44: 1, 20: 1, 24: 3, 13: 3, 35: 2, 28: 1, 21: 1, 25: 1, 0: 1}","[1693, 435, 1211, 719, 3770, 3239, 5447, 3596, 2529, 1823, 1291, 3851, 5451, 4707, 1376, 3063, 4344, 212, 144, 1071, 4508, 2940, 19, 2857, 2315]",1120,25,0,False,25
3556,description reason,entity other,13,True,False,True,"{38: 2, 29: 8, 27: 1, 44: 1, 20: 1, 24: 3, 13: 3, 35: 2, 28: 1, 21: 1, 25: 1, 0: 1}","[1693, 435, 1211, 719, 3770, 3239, 5447, 3596, 2529, 1823, 1291, 3851, 5451, 4707, 1376, 3063, 4344, 212, 144, 1071, 4508, 2940, 19, 2857, 2315]",3556,25,0,False,25
2372,entity other,location other,35,True,False,True,"{38: 2, 29: 8, 27: 1, 44: 1, 20: 1, 24: 3, 13: 3, 35: 2, 28: 1, 21: 1, 25: 1, 0: 1}","[1693, 435, 1211, 719, 3770, 3239, 5447, 3596, 2529, 1823, 1291, 3851, 5451, 4707, 1376, 3063, 4344, 212, 144, 1071, 4508, 2940, 19, 2857, 2315]",2372,25,0,False,25
132,description reason,description reason,27,True,True,True,"{38: 2, 29: 8, 27: 1, 44: 1, 20: 1, 24: 3, 13: 3, 35: 2, 28: 1, 21: 1, 25: 1, 0: 1}","[1693, 435, 1211, 719, 3770, 3239, 5447, 3596, 2529, 1823, 1291, 3851, 5451, 4707, 1376, 3063, 4344, 212, 144, 1071, 4508, 2940, 19, 2857, 2315]",132,25,0,False,25
2295,human individual,human individual,29,True,True,True,"{38: 2, 29: 8, 27: 1, 44: 1, 20: 1, 24: 3, 13: 3, 35: 2, 28: 1, 21: 1, 25: 1, 0: 1}","[1693, 435, 1211, 719, 3770, 3239, 5447, 3596, 2529, 1823, 1291, 3851, 5451, 4707, 1376, 3063, 4344, 212, 144, 1071, 4508, 2940, 19, 2857, 2315]",2295,25,0,False,25
406,description definition,description definition,24,True,True,True,"{38: 2, 29: 8, 27: 1, 44: 1, 20: 1, 24: 3, 13: 3, 35: 2, 28: 1, 21: 1, 25: 1, 0: 1}","[1693, 435, 1211, 719, 3770, 3239, 5447, 3596, 2529, 1823, 1291, 3851, 5451, 4707, 1376, 3063, 4344, 212, 144, 1071, 4508, 2940, 19, 2857, 2315]",406,25,0,False,25
2136,human individual,entity creation,5,False,False,True,"{38: 2, 29: 8, 27: 1, 44: 1, 20: 1, 24: 3, 13: 3, 35: 2, 28: 1, 21: 1, 25: 1, 0: 1}","[1693, 435, 1211, 719, 3770, 3239, 5447, 3596, 2529, 1823, 1291, 3851, 5451, 4707, 1376, 3063, 4344, 212, 144, 1071, 4508, 2940, 19, 2857, 2315]",2136,25,0,False,25
717,description description,description description,25,True,True,True,"{38: 2, 29: 8, 27: 1, 44: 1, 20: 1, 24: 3, 13: 3, 35: 2, 28: 1, 21: 1, 25: 1, 0: 1}","[1693, 435, 1211, 719, 3770, 3239, 5447, 3596, 2529, 1823, 1291, 3851, 5451, 4707, 1376, 3063, 4344, 212, 144, 1071, 4508, 2940, 19, 2857, 2315]",717,25,0,False,25
431,description reason,description description,25,True,False,True,"{38: 2, 29: 8, 27: 1, 44: 1, 20: 1, 24: 3, 13: 3, 35: 2, 28: 1, 21: 1, 25: 1, 0: 1}","[1693, 435, 1211, 719, 3770, 3239, 5447, 3596, 2529, 1823, 1291, 3851, 5451, 4707, 1376, 3063, 4344, 212, 144, 1071, 4508, 2940, 19, 2857, 2315]",431,25,0,False,25
2487,description definition,description description,25,True,False,True,"{38: 2, 29: 8, 27: 1, 44: 1, 20: 1, 24: 3, 13: 3, 35: 2, 28: 1, 21: 1, 25: 1, 0: 1}","[1693, 435, 1211, 719, 3770, 3239, 5447, 3596, 2529, 1823, 1291, 3851, 5451, 4707, 1376, 3063, 4344, 212, 144, 1071, 4508, 2940, 19, 2857, 2315]",2487,25,0,False,25
2696,human group,human group,28,True,True,True,"{38: 2, 29: 8, 27: 1, 44: 1, 20: 1, 24: 3, 13: 3, 35: 2, 28: 1, 21: 1, 25: 1, 0: 1}","[1693, 435, 1211, 719, 3770, 3239, 5447, 3596, 2529, 1823, 1291, 3851, 5451, 4707, 1376, 3063, 4344, 212, 144, 1071, 4508, 2940, 19, 2857, 2315]",2696,25,0,False,25
2889,human individual,entity creation,5,False,False,True,"{38: 2, 29: 8, 27: 1, 44: 1, 20: 1, 24: 3, 13: 3, 35: 2, 28: 1, 21: 1, 25: 1, 0: 1}","[1693, 435, 1211, 719, 3770, 3239, 5447, 3596, 2529, 1823, 1291, 3851, 5451, 4707, 1376, 3063, 4344, 212, 144, 1071, 4508, 2940, 19, 2857, 2315]",2889,25,0,False,25
1086,entity other,entity sport,17,False,False,True,"{38: 2, 29: 8, 27: 1, 44: 1, 20: 1, 24: 3, 13: 3, 35: 2, 28: 1, 21: 1, 25: 1, 0: 1}","[1693, 435, 1211, 719, 3770, 3239, 5447, 3596, 2529, 1823, 1291, 3851, 5451, 4707, 1376, 3063, 4344, 212, 144, 1071, 4508, 2940, 19, 2857, 2315]",1086,25,0,False,25
2959,location other,location city,32,False,False,True,"{38: 2, 29: 8, 27: 1, 44: 1, 20: 1, 24: 3, 13: 3, 35: 2, 28: 1, 21: 1, 25: 1, 0: 1}","[1693, 435, 1211, 719, 3770, 3239, 5447, 3596, 2529, 1823, 1291, 3851, 5451, 4707, 1376, 3063, 4344, 212, 144, 1071, 4508, 2940, 19, 2857, 2315]",2959,25,0,False,25
1358,human individual,human individual,29,True,True,True,"{38: 2, 29: 8, 27: 1, 44: 1, 20: 1, 24: 3, 13: 3, 35: 2, 28: 1, 21: 1, 25: 1, 0: 1}","[1693, 435, 1211, 719, 3770, 3239, 5447, 3596, 2529, 1823, 1291, 3851, 5451, 4707, 1376, 3063, 4344, 212, 144, 1071, 4508, 2940, 19, 2857, 2315]",1358,25,0,False,25
3210,numeric count,numeric count,38,True,True,True,"{38: 2, 29: 8, 27: 1, 44: 1, 20: 1, 24: 3, 13: 3, 35: 2, 28: 1, 21: 1, 25: 1, 0: 1}","[1693, 435, 1211, 719, 3770, 3239, 5447, 3596, 2529, 1823, 1291, 3851, 5451, 4707, 1376, 3063, 4344, 212, 144, 1071, 4508, 2940, 19, 2857, 2315]",3210,25,0,False,25
2213,entity other,entity product,15,False,False,True,"{38: 2, 29: 8, 27: 1, 44: 1, 20: 1, 24: 3, 13: 3, 35: 2, 28: 1, 21: 1, 25: 1, 0: 1}","[1693, 435, 1211, 719, 3770, 3239, 5447, 3596, 2529, 1823, 1291, 3851, 5451, 4707, 1376, 3063, 4344, 212, 144, 1071, 4508, 2940, 19, 2857, 2315]",2213,25,0,False,25
5141,human individual,description manner,26,False,False,True,"{38: 2, 29: 8, 27: 1, 44: 1, 20: 1, 24: 3, 13: 3, 35: 2, 28: 1, 21: 1, 25: 1, 0: 1}","[1693, 435, 1211, 719, 3770, 3239, 5447, 3596, 2529, 1823, 1291, 3851, 5451, 4707, 1376, 3063, 4344, 212, 144, 1071, 4508, 2940, 19, 2857, 2315]",5141,25,0,False,25
1782,entity other,description definition,24,True,False,True,"{38: 2, 29: 8, 27: 1, 44: 1, 20: 1, 24: 3, 13: 3, 35: 2, 28: 1, 21: 1, 25: 1, 0: 1}","[1693, 435, 1211, 719, 3770, 3239, 5447, 3596, 2529, 1823, 1291, 3851, 5451, 4707, 1376, 3063, 4344, 212, 144, 1071, 4508, 2940, 19, 2857, 2315]",1782,25,0,False,25
3022,location other,location other,35,True,True,True,"{38: 2, 29: 8, 27: 1, 44: 1, 20: 1, 24: 3, 13: 3, 35: 2, 28: 1, 21: 1, 25: 1, 0: 1}","[1693, 435, 1211, 719, 3770, 3239, 5447, 3596, 2529, 1823, 1291, 3851, 5451, 4707, 1376, 3063, 4344, 212, 144, 1071, 4508, 2940, 19, 2857, 2315]",3022,25,0,False,25
468,human individual,human description,31,False,False,True,"{38: 2, 29: 8, 27: 1, 44: 1, 20: 1, 24: 3, 13: 3, 35: 2, 28: 1, 21: 1, 25: 1, 0: 1}","[1693, 435, 1211, 719, 3770, 3239, 5447, 3596, 2529, 1823, 1291, 3851, 5451, 4707, 1376, 3063, 4344, 212, 144, 1071, 4508, 2940, 19, 2857, 2315]",468,25,0,False,25
4668,human individual,human individual,29,True,True,True,"{38: 2, 29: 8, 27: 1, 44: 1, 20: 1, 24: 3, 13: 3, 35: 2, 28: 1, 21: 1, 25: 1, 0: 1}","[1693, 435, 1211, 719, 3770, 3239, 5447, 3596, 2529, 1823, 1291, 3851, 5451, 4707, 1376, 3063, 4344, 212, 144, 1071, 4508, 2940, 19, 2857, 2315]",4668,25,0,False,25
2559,location other,location other,35,True,True,True,"{38: 2, 29: 8, 27: 1, 44: 1, 20: 1, 24: 3, 13: 3, 35: 2, 28: 1, 21: 1, 25: 1, 0: 1}","[1693, 435, 1211, 719, 3770, 3239, 5447, 3596, 2529, 1823, 1291, 3851, 5451, 4707, 1376, 3063, 4344, 212, 144, 1071, 4508, 2940, 19, 2857, 2315]",2559,25,0,False,25
2308,description definition,description definition,24,True,True,True,"{38: 2, 29: 8, 27: 1, 44: 1, 20: 1, 24: 3, 13: 3, 35: 2, 28: 1, 21: 1, 25: 1, 0: 1}","[1693, 435, 1211, 719, 3770, 3239, 5447, 3596, 2529, 1823, 1291, 3851, 5451, 4707, 1376, 3063, 4344, 212, 144, 1071, 4508, 2940, 19, 2857, 2315]",2308,25,0,False,25
1537,numeric period,numeric date,39,False,False,True,"{38: 2, 29: 8, 27: 1, 44: 1, 20: 1, 24: 3, 13: 3, 35: 2, 28: 1, 21: 1, 25: 1, 0: 1}","[1693, 435, 1211, 719, 3770, 3239, 5447, 3596, 2529, 1823, 1291, 3851, 5451, 4707, 1376, 3063, 4344, 212, 144, 1071, 4508, 2940, 19, 2857, 2315]",1537,25,0,False,25
2885,human individual,entity creation,5,False,False,True,"{38: 2, 29: 8, 27: 1, 44: 1, 20: 1, 24: 3, 13: 3, 35: 2, 28: 1, 21: 1, 25: 1, 0: 1}","[1693, 435, 1211, 719, 3770, 3239, 5447, 3596, 2529, 1823, 1291, 3851, 5451, 4707, 1376, 3063, 4344, 212, 144, 1071, 4508, 2940, 19, 2857, 2315]",2885,25,0,False,25
4768,numeric period,numeric distance,40,False,False,True,"{38: 2, 29: 8, 27: 1, 44: 1, 20: 1, 24: 3, 13: 3, 35: 2, 28: 1, 21: 1, 25: 1, 0: 1}","[1693, 435, 1211, 719, 3770, 3239, 5447, 3596, 2529, 1823, 1291, 3851, 5451, 4707, 1376, 3063, 4344, 212, 144, 1071, 4508, 2940, 19, 2857, 2315]",4768,25,0,False,25
2927,entity other,entity other,13,True,True,True,"{38: 2, 29: 8, 27: 1, 44: 1, 20: 1, 24: 3, 13: 3, 35: 2, 28: 1, 21: 1, 25: 1, 0: 1}","[1693, 435, 1211, 719, 3770, 3239, 5447, 3596, 2529, 1823, 1291, 3851, 5451, 4707, 1376, 3063, 4344, 212, 144, 1071, 4508, 2940, 19, 2857, 2315]",2927,25,0,False,25
1682,description definition,entity term,21,True,False,True,"{38: 2, 29: 8, 27: 1, 44: 1, 20: 1, 24: 3, 13: 3, 35: 2, 28: 1, 21: 1, 25: 1, 0: 1}","[1693, 435, 1211, 719, 3770, 3239, 5447, 3596, 2529, 1823, 1291, 3851, 5451, 4707, 1376, 3063, 4344, 212, 144, 1071, 4508, 2940, 19, 2857, 2315]",1682,25,0,False,25
3157,description definition,description definition,24,True,True,True,"{38: 2, 29: 8, 27: 1, 44: 1, 20: 1, 24: 3, 13: 3, 35: 2, 28: 1, 21: 1, 25: 1, 0: 1}","[1693, 435, 1211, 719, 3770, 3239, 5447, 3596, 2529, 1823, 1291, 3851, 5451, 4707, 1376, 3063, 4344, 212, 144, 1071, 4508, 2940, 19, 2857, 2315]",3157,25,0,False,25
4112,description definition,description definition,24,True,True,True,"{38: 2, 29: 8, 27: 1, 44: 1, 20: 1, 24: 3, 13: 3, 35: 2, 28: 1, 21: 1, 25: 1, 0: 1}","[1693, 435, 1211, 719, 3770, 3239, 5447, 3596, 2529, 1823, 1291, 3851, 5451, 4707, 1376, 3063, 4344, 212, 144, 1071, 4508, 2940, 19, 2857, 2315]",4112,25,0,False,25
4384,numeric count,numeric count,38,True,True,True,"{38: 2, 29: 8, 27: 1, 44: 1, 20: 1, 24: 3, 13: 3, 35: 2, 28: 1, 21: 1, 25: 1, 0: 1}","[1693, 435, 1211, 719, 3770, 3239, 5447, 3596, 2529, 1823, 1291, 3851, 5451, 4707, 1376, 3063, 4344, 212, 144, 1071, 4508, 2940, 19, 2857, 2315]",4384,25,0,False,25
759,human individual,entity animal,2,False,False,True,"{38: 2, 29: 8, 27: 1, 44: 1, 20: 1, 24: 3, 13: 3, 35: 2, 28: 1, 21: 1, 25: 1, 0: 1}","[1693, 435, 1211, 719, 3770, 3239, 5447, 3596, 2529, 1823, 1291, 3851, 5451, 4707, 1376, 3063, 4344, 212, 144, 1071, 4508, 2940, 19, 2857, 2315]",759,25,0,False,25
1723,entity term,description description,25,True,False,True,"{38: 2, 29: 8, 27: 1, 44: 1, 20: 1, 24: 3, 13: 3, 35: 2, 28: 1, 21: 1, 25: 1, 0: 1}","[1693, 435, 1211, 719, 3770, 3239, 5447, 3596, 2529, 1823, 1291, 3851, 5451, 4707, 1376, 3063, 4344, 212, 144, 1071, 4508, 2940, 19, 2857, 2315]",1723,25,0,False,25
477,entity other,human group,28,True,False,True,"{38: 2, 29: 8, 27: 1, 44: 1, 20: 1, 24: 3, 13: 3, 35: 2, 28: 1, 21: 1, 25: 1, 0: 1}","[1693, 435, 1211, 719, 3770, 3239, 5447, 3596, 2529, 1823, 1291, 3851, 5451, 4707, 1376, 3063, 4344, 212, 144, 1071, 4508, 2940, 19, 2857, 2315]",477,25,0,False,25
3801,location other,location other,35,True,True,True,"{38: 2, 29: 8, 27: 1, 44: 1, 20: 1, 24: 3, 13: 3, 35: 2, 28: 1, 21: 1, 25: 1, 0: 1}","[1693, 435, 1211, 719, 3770, 3239, 5447, 3596, 2529, 1823, 1291, 3851, 5451, 4707, 1376, 3063, 4344, 212, 144, 1071, 4508, 2940, 19, 2857, 2315]",3801,25,0,False,25
2708,human individual,human individual,29,True,True,True,"{38: 2, 29: 8, 27: 1, 44: 1, 20: 1, 24: 3, 13: 3, 35: 2, 28: 1, 21: 1, 25: 1, 0: 1}","[1693, 435, 1211, 719, 3770, 3239, 5447, 3596, 2529, 1823, 1291, 3851, 5451, 4707, 1376, 3063, 4344, 212, 144, 1071, 4508, 2940, 19, 2857, 2315]",2708,25,0,False,25
1819,entity other,location other,35,True,False,True,"{38: 2, 29: 8, 27: 1, 44: 1, 20: 1, 24: 3, 13: 3, 35: 2, 28: 1, 21: 1, 25: 1, 0: 1}","[1693, 435, 1211, 719, 3770, 3239, 5447, 3596, 2529, 1823, 1291, 3851, 5451, 4707, 1376, 3063, 4344, 212, 144, 1071, 4508, 2940, 19, 2857, 2315]",1819,25,0,False,25
3468,abbreviation abbreviation,abbreviation expansion,1,False,False,False,"{38: 2, 29: 8, 27: 1, 44: 1, 20: 1, 24: 3, 13: 3, 35: 2, 28: 1, 21: 1, 25: 1, 0: 1}","[1693, 435, 1211, 719, 3770, 3239, 5447, 3596, 2529, 1823, 1291, 3851, 5451, 4707, 1376, 3063, 4344, 212, 144, 1071, 4508, 2940, 19, 2857, 2315]",3468,25,0,False,25
4917,human individual,human individual,29,True,True,True,"{38: 2, 29: 8, 27: 1, 44: 1, 20: 1, 24: 3, 13: 3, 35: 2, 28: 1, 21: 1, 25: 1, 0: 1}","[1693, 435, 1211, 719, 3770, 3239, 5447, 3596, 2529, 1823, 1291, 3851, 5451, 4707, 1376, 3063, 4344, 212, 144, 1071, 4508, 2940, 19, 2857, 2315]",4917,25,0,False,25
5121,description definition,description description,25,True,False,True,"{38: 2, 29: 8, 27: 1, 44: 1, 20: 1, 24: 3, 13: 3, 35: 2, 28: 1, 21: 1, 25: 1, 0: 1}","[1693, 435, 1211, 719, 3770, 3239, 5447, 3596, 2529, 1823, 1291, 3851, 5451, 4707, 1376, 3063, 4344, 212, 144, 1071, 4508, 2940, 19, 2857, 2315]",5121,25,0,False,25
3054,human individual,human individual,29,True,True,True,"{38: 2, 29: 8, 27: 1, 44: 1, 20: 1, 24: 3, 13: 3, 35: 2, 28: 1, 21: 1, 25: 1, 0: 1}","[1693, 435, 1211, 719, 3770, 3239, 5447, 3596, 2529, 1823, 1291, 3851, 5451, 4707, 1376, 3063, 4344, 212, 144, 1071, 4508, 2940, 19, 2857, 2315]",3054,25,0,False,25
5057,human individual,human individual,29,True,True,True,"{38: 2, 29: 8, 27: 1, 44: 1, 20: 1, 24: 3, 13: 3, 35: 2, 28: 1, 21: 1, 25: 1, 0: 1}","[1693, 435, 1211, 719, 3770, 3239, 5447, 3596, 2529, 1823, 1291, 3851, 5451, 4707, 1376, 3063, 4344, 212, 144, 1071, 4508, 2940, 19, 2857, 2315]",5057,25,0,False,25
2065,entity term,entity letter,12,False,False,True,"{38: 2, 29: 8, 27: 1, 44: 1, 20: 1, 24: 3, 13: 3, 35: 2, 28: 1, 21: 1, 25: 1, 0: 1}","[1693, 435, 1211, 719, 3770, 3239, 5447, 3596, 2529, 1823, 1291, 3851, 5451, 4707, 1376, 3063, 4344, 212, 144, 1071, 4508, 2940, 19, 2857, 2315]",2065,25,0,False,25
1698,entity other,entity other,13,True,True,True,"{38: 2, 29: 8, 27: 1, 44: 1, 20: 1, 24: 3, 13: 3, 35: 2, 28: 1, 21: 1, 25: 1, 0: 1}","[1693, 435, 1211, 719, 3770, 3239, 5447, 3596, 2529, 1823, 1291, 3851, 5451, 4707, 1376, 3063, 4344, 212, 144, 1071, 4508, 2940, 19, 2857, 2315]",1698,25,0,False,25
3346,human individual,human individual,29,True,True,True,"{38: 2, 29: 8, 27: 1, 44: 1, 20: 1, 24: 3, 13: 3, 35: 2, 28: 1, 21: 1, 25: 1, 0: 1}","[1693, 435, 1211, 719, 3770, 3239, 5447, 3596, 2529, 1823, 1291, 3851, 5451, 4707, 1376, 3063, 4344, 212, 144, 1071, 4508, 2940, 19, 2857, 2315]",3346,25,0,False,25
1007,location other,location other,35,True,True,True,"{38: 2, 29: 8, 27: 1, 44: 1, 20: 1, 24: 3, 13: 3, 35: 2, 28: 1, 21: 1, 25: 1, 0: 1}","[1693, 435, 1211, 719, 3770, 3239, 5447, 3596, 2529, 1823, 1291, 3851, 5451, 4707, 1376, 3063, 4344, 212, 144, 1071, 4508, 2940, 19, 2857, 2315]",1007,25,0,False,25
3125,entity other,location other,35,True,False,True,"{38: 2, 29: 8, 27: 1, 44: 1, 20: 1, 24: 3, 13: 3, 35: 2, 28: 1, 21: 1, 25: 1, 0: 1}","[1693, 435, 1211, 719, 3770, 3239, 5447, 3596, 2529, 1823, 1291, 3851, 5451, 4707, 1376, 3063, 4344, 212, 144, 1071, 4508, 2940, 19, 2857, 2315]",3125,25,0,False,25
2883,human individual,human individual,29,True,True,True,"{38: 2, 29: 8, 27: 1, 44: 1, 20: 1, 24: 3, 13: 3, 35: 2, 28: 1, 21: 1, 25: 1, 0: 1}","[1693, 435, 1211, 719, 3770, 3239, 5447, 3596, 2529, 1823, 1291, 3851, 5451, 4707, 1376, 3063, 4344, 212, 144, 1071, 4508, 2940, 19, 2857, 2315]",2883,25,0,False,25
3359,numeric count,numeric count,38,True,True,True,"{38: 2, 29: 8, 27: 1, 44: 1, 20: 1, 24: 3, 13: 3, 35: 2, 28: 1, 21: 1, 25: 1, 0: 1}","[1693, 435, 1211, 719, 3770, 3239, 5447, 3596, 2529, 1823, 1291, 3851, 5451, 4707, 1376, 3063, 4344, 212, 144, 1071, 4508, 2940, 19, 2857, 2315]",3359,25,0,False,25
460,description reason,description reason,27,True,True,True,"{38: 2, 29: 8, 27: 1, 44: 1, 20: 1, 24: 3, 13: 3, 35: 2, 28: 1, 21: 1, 25: 1, 0: 1}","[1693, 435, 1211, 719, 3770, 3239, 5447, 3596, 2529, 1823, 1291, 3851, 5451, 4707, 1376, 3063, 4344, 212, 144, 1071, 4508, 2940, 19, 2857, 2315]",460,25,0,False,25
3847,description definition,description definition,24,True,True,True,"{38: 2, 29: 8, 27: 1, 44: 1, 20: 1, 24: 3, 13: 3, 35: 2, 28: 1, 21: 1, 25: 1, 0: 1}","[1693, 435, 1211, 719, 3770, 3239, 5447, 3596, 2529, 1823, 1291, 3851, 5451, 4707, 1376, 3063, 4344, 212, 144, 1071, 4508, 2940, 19, 2857, 2315]",3847,25,0,False,25
2385,human individual,human individual,29,True,True,True,"{38: 2, 29: 8, 27: 1, 44: 1, 20: 1, 24: 3, 13: 3, 35: 2, 28: 1, 21: 1, 25: 1, 0: 1}","[1693, 435, 1211, 719, 3770, 3239, 5447, 3596, 2529, 1823, 1291, 3851, 5451, 4707, 1376, 3063, 4344, 212, 144, 1071, 4508, 2940, 19, 2857, 2315]",2385,25,0,False,25
2332,description description,entity disease,7,False,False,True,"{38: 2, 29: 8, 27: 1, 44: 1, 20: 1, 24: 3, 13: 3, 35: 2, 28: 1, 21: 1, 25: 1, 0: 1}","[1693, 435, 1211, 719, 3770, 3239, 5447, 3596, 2529, 1823, 1291, 3851, 5451, 4707, 1376, 3063, 4344, 212, 144, 1071, 4508, 2940, 19, 2857, 2315]",2332,25,0,False,25
2466,description definition,entity word,23,False,False,True,"{38: 2, 29: 8, 27: 1, 44: 1, 20: 1, 24: 3, 13: 3, 35: 2, 28: 1, 21: 1, 25: 1, 0: 1}","[1693, 435, 1211, 719, 3770, 3239, 5447, 3596, 2529, 1823, 1291, 3851, 5451, 4707, 1376, 3063, 4344, 212, 144, 1071, 4508, 2940, 19, 2857, 2315]",2466,25,0,False,25
3032,human group,human group,28,True,True,True,"{38: 2, 29: 8, 27: 1, 44: 1, 20: 1, 24: 3, 13: 3, 35: 2, 28: 1, 21: 1, 25: 1, 0: 1}","[1693, 435, 1211, 719, 3770, 3239, 5447, 3596, 2529, 1823, 1291, 3851, 5451, 4707, 1376, 3063, 4344, 212, 144, 1071, 4508, 2940, 19, 2857, 2315]",3032,25,0,False,25
4775,description definition,description definition,24,True,True,True,"{38: 2, 29: 8, 27: 1, 44: 1, 20: 1, 24: 3, 13: 3, 35: 2, 28: 1, 21: 1, 25: 1, 0: 1}","[1693, 435, 1211, 719, 3770, 3239, 5447, 3596, 2529, 1823, 1291, 3851, 5451, 4707, 1376, 3063, 4344, 212, 144, 1071, 4508, 2940, 19, 2857, 2315]",4775,25,0,False,25
604,entity other,entity animal,2,False,False,True,"{38: 2, 29: 8, 27: 1, 44: 1, 20: 1, 24: 3, 13: 3, 35: 2, 28: 1, 21: 1, 25: 1, 0: 1}","[1693, 435, 1211, 719, 3770, 3239, 5447, 3596, 2529, 1823, 1291, 3851, 5451, 4707, 1376, 3063, 4344, 212, 144, 1071, 4508, 2940, 19, 2857, 2315]",604,25,0,False,25
953,numeric count,numeric percent,45,False,False,True,"{38: 2, 29: 8, 27: 1, 44: 1, 20: 1, 24: 3, 13: 3, 35: 2, 28: 1, 21: 1, 25: 1, 0: 1}","[1693, 435, 1211, 719, 3770, 3239, 5447, 3596, 2529, 1823, 1291, 3851, 5451, 4707, 1376, 3063, 4344, 212, 144, 1071, 4508, 2940, 19, 2857, 2315]",953,25,0,False,25
4282,entity other,entity word,23,False,False,True,"{38: 2, 29: 8, 27: 1, 44: 1, 20: 1, 24: 3, 13: 3, 35: 2, 28: 1, 21: 1, 25: 1, 0: 1}","[1693, 435, 1211, 719, 3770, 3239, 5447, 3596, 2529, 1823, 1291, 3851, 5451, 4707, 1376, 3063, 4344, 212, 144, 1071, 4508, 2940, 19, 2857, 2315]",4282,25,0,False,25
5402,entity other,description definition,24,True,False,True,"{38: 2, 29: 8, 27: 1, 44: 1, 20: 1, 24: 3, 13: 3, 35: 2, 28: 1, 21: 1, 25: 1, 0: 1}","[1693, 435, 1211, 719, 3770, 3239, 5447, 3596, 2529, 1823, 1291, 3851, 5451, 4707, 1376, 3063, 4344, 212, 144, 1071, 4508, 2940, 19, 2857, 2315]",5402,25,0,False,25
4494,entity other,description manner,26,False,False,True,"{38: 2, 29: 8, 27: 1, 44: 1, 20: 1, 24: 3, 13: 3, 35: 2, 28: 1, 21: 1, 25: 1, 0: 1}","[1693, 435, 1211, 719, 3770, 3239, 5447, 3596, 2529, 1823, 1291, 3851, 5451, 4707, 1376, 3063, 4344, 212, 144, 1071, 4508, 2940, 19, 2857, 2315]",4494,25,0,False,25
307,entity other,entity product,15,False,False,True,"{38: 2, 29: 8, 27: 1, 44: 1, 20: 1, 24: 3, 13: 3, 35: 2, 28: 1, 21: 1, 25: 1, 0: 1}","[1693, 435, 1211, 719, 3770, 3239, 5447, 3596, 2529, 1823, 1291, 3851, 5451, 4707, 1376, 3063, 4344, 212, 144, 1071, 4508, 2940, 19, 2857, 2315]",307,25,0,False,25
3713,human individual,entity creation,5,False,False,True,"{38: 2, 29: 8, 27: 1, 44: 1, 20: 1, 24: 3, 13: 3, 35: 2, 28: 1, 21: 1, 25: 1, 0: 1}","[1693, 435, 1211, 719, 3770, 3239, 5447, 3596, 2529, 1823, 1291, 3851, 5451, 4707, 1376, 3063, 4344, 212, 144, 1071, 4508, 2940, 19, 2857, 2315]",3713,25,0,False,25
34,human individual,human individual,29,True,True,True,"{38: 2, 29: 8, 27: 1, 44: 1, 20: 1, 24: 3, 13: 3, 35: 2, 28: 1, 21: 1, 25: 1, 0: 1}","[1693, 435, 1211, 719, 3770, 3239, 5447, 3596, 2529, 1823, 1291, 3851, 5451, 4707, 1376, 3063, 4344, 212, 144, 1071, 4508, 2940, 19, 2857, 2315]",34,25,0,False,25
555,human individual,location country,33,False,False,True,"{38: 2, 29: 8, 27: 1, 44: 1, 20: 1, 24: 3, 13: 3, 35: 2, 28: 1, 21: 1, 25: 1, 0: 1}","[1693, 435, 1211, 719, 3770, 3239, 5447, 3596, 2529, 1823, 1291, 3851, 5451, 4707, 1376, 3063, 4344, 212, 144, 1071, 4508, 2940, 19, 2857, 2315]",555,25,0,False,25
580,human individual,human individual,29,True,True,True,"{38: 2, 29: 8, 27: 1, 44: 1, 20: 1, 24: 3, 13: 3, 35: 2, 28: 1, 21: 1, 25: 1, 0: 1}","[1693, 435, 1211, 719, 3770, 3239, 5447, 3596, 2529, 1823, 1291, 3851, 5451, 4707, 1376, 3063, 4344, 212, 144, 1071, 4508, 2940, 19, 2857, 2315]",580,25,0,False,25
3323,human individual,entity creation,5,False,False,True,"{38: 2, 29: 8, 27: 1, 44: 1, 20: 1, 24: 3, 13: 3, 35: 2, 28: 1, 21: 1, 25: 1, 0: 1}","[1693, 435, 1211, 719, 3770, 3239, 5447, 3596, 2529, 1823, 1291, 3851, 5451, 4707, 1376, 3063, 4344, 212, 144, 1071, 4508, 2940, 19, 2857, 2315]",3323,25,0,False,25
3756,location other,location country,33,False,False,True,"{38: 2, 29: 8, 27: 1, 44: 1, 20: 1, 24: 3, 13: 3, 35: 2, 28: 1, 21: 1, 25: 1, 0: 1}","[1693, 435, 1211, 719, 3770, 3239, 5447, 3596, 2529, 1823, 1291, 3851, 5451, 4707, 1376, 3063, 4344, 212, 144, 1071, 4508, 2940, 19, 2857, 2315]",3756,25,0,False,25
2834,human individual,human individual,29,True,True,True,"{38: 2, 29: 8, 27: 1, 44: 1, 20: 1, 24: 3, 13: 3, 35: 2, 28: 1, 21: 1, 25: 1, 0: 1}","[1693, 435, 1211, 719, 3770, 3239, 5447, 3596, 2529, 1823, 1291, 3851, 5451, 4707, 1376, 3063, 4344, 212, 144, 1071, 4508, 2940, 19, 2857, 2315]",2834,25,0,False,25
325,numeric period,numeric size,48,False,False,True,"{38: 2, 29: 8, 27: 1, 44: 1, 20: 1, 24: 3, 13: 3, 35: 2, 28: 1, 21: 1, 25: 1, 0: 1}","[1693, 435, 1211, 719, 3770, 3239, 5447, 3596, 2529, 1823, 1291, 3851, 5451, 4707, 1376, 3063, 4344, 212, 144, 1071, 4508, 2940, 19, 2857, 2315]",325,25,0,False,25
5046,human individual,entity term,21,True,False,True,"{38: 2, 29: 8, 27: 1, 44: 1, 20: 1, 24: 3, 13: 3, 35: 2, 28: 1, 21: 1, 25: 1, 0: 1}","[1693, 435, 1211, 719, 3770, 3239, 5447, 3596, 2529, 1823, 1291, 3851, 5451, 4707, 1376, 3063, 4344, 212, 144, 1071, 4508, 2940, 19, 2857, 2315]",5046,25,0,False,25
3682,human individual,entity creation,5,False,False,True,"{38: 2, 29: 8, 27: 1, 44: 1, 20: 1, 24: 3, 13: 3, 35: 2, 28: 1, 21: 1, 25: 1, 0: 1}","[1693, 435, 1211, 719, 3770, 3239, 5447, 3596, 2529, 1823, 1291, 3851, 5451, 4707, 1376, 3063, 4344, 212, 144, 1071, 4508, 2940, 19, 2857, 2315]",3682,25,0,False,25
3696,description definition,description definition,24,True,True,True,"{38: 2, 29: 8, 27: 1, 44: 1, 20: 1, 24: 3, 13: 3, 35: 2, 28: 1, 21: 1, 25: 1, 0: 1}","[1693, 435, 1211, 719, 3770, 3239, 5447, 3596, 2529, 1823, 1291, 3851, 5451, 4707, 1376, 3063, 4344, 212, 144, 1071, 4508, 2940, 19, 2857, 2315]",3696,25,0,False,25
771,numeric period,numeric date,39,False,False,True,"{38: 2, 29: 8, 27: 1, 44: 1, 20: 1, 24: 3, 13: 3, 35: 2, 28: 1, 21: 1, 25: 1, 0: 1}","[1693, 435, 1211, 719, 3770, 3239, 5447, 3596, 2529, 1823, 1291, 3851, 5451, 4707, 1376, 3063, 4344, 212, 144, 1071, 4508, 2940, 19, 2857, 2315]",771,25,0,False,25
5176,description reason,entity technique,20,True,False,True,"{38: 2, 29: 8, 27: 1, 44: 1, 20: 1, 24: 3, 13: 3, 35: 2, 28: 1, 21: 1, 25: 1, 0: 1}","[1693, 435, 1211, 719, 3770, 3239, 5447, 3596, 2529, 1823, 1291, 3851, 5451, 4707, 1376, 3063, 4344, 212, 144, 1071, 4508, 2940, 19, 2857, 2315]",5176,25,0,False,25
514,location other,description description,25,True,False,True,"{38: 2, 29: 8, 27: 1, 44: 1, 20: 1, 24: 3, 13: 3, 35: 2, 28: 1, 21: 1, 25: 1, 0: 1}","[1693, 435, 1211, 719, 3770, 3239, 5447, 3596, 2529, 1823, 1291, 3851, 5451, 4707, 1376, 3063, 4344, 212, 144, 1071, 4508, 2940, 19, 2857, 2315]",514,25,0,False,25
2793,human individual,human individual,29,True,True,True,"{38: 2, 29: 8, 27: 1, 44: 1, 20: 1, 24: 3, 13: 3, 35: 2, 28: 1, 21: 1, 25: 1, 0: 1}","[1693, 435, 1211, 719, 3770, 3239, 5447, 3596, 2529, 1823, 1291, 3851, 5451, 4707, 1376, 3063, 4344, 212, 144, 1071, 4508, 2940, 19, 2857, 2315]",2793,25,0,False,25
821,human individual,human individual,29,True,True,True,"{38: 2, 29: 8, 27: 1, 44: 1, 20: 1, 24: 3, 13: 3, 35: 2, 28: 1, 21: 1, 25: 1, 0: 1}","[1693, 435, 1211, 719, 3770, 3239, 5447, 3596, 2529, 1823, 1291, 3851, 5451, 4707, 1376, 3063, 4344, 212, 144, 1071, 4508, 2940, 19, 2857, 2315]",821,25,0,False,25
1793,abbreviation abbreviation,abbreviation expansion,1,False,False,False,"{38: 2, 29: 8, 27: 1, 44: 1, 20: 1, 24: 3, 13: 3, 35: 2, 28: 1, 21: 1, 25: 1, 0: 1}","[1693, 435, 1211, 719, 3770, 3239, 5447, 3596, 2529, 1823, 1291, 3851, 5451, 4707, 1376, 3063, 4344, 212, 144, 1071, 4508, 2940, 19, 2857, 2315]",1793,25,0,False,25
646,human individual,human individual,29,True,True,True,"{38: 2, 29: 8, 27: 1, 44: 1, 20: 1, 24: 3, 13: 3, 35: 2, 28: 1, 21: 1, 25: 1, 0: 1}","[1693, 435, 1211, 719, 3770, 3239, 5447, 3596, 2529, 1823, 1291, 3851, 5451, 4707, 1376, 3063, 4344, 212, 144, 1071, 4508, 2940, 19, 2857, 2315]",646,25,0,False,25
1485,numeric count,numeric count,38,True,True,True,"{38: 2, 29: 8, 27: 1, 44: 1, 20: 1, 24: 3, 13: 3, 35: 2, 28: 1, 21: 1, 25: 1, 0: 1}","[1693, 435, 1211, 719, 3770, 3239, 5447, 3596, 2529, 1823, 1291, 3851, 5451, 4707, 1376, 3063, 4344, 212, 144, 1071, 4508, 2940, 19, 2857, 2315]",1485,25,0,False,25
2670,location other,location other,35,True,True,True,"{38: 2, 29: 8, 27: 1, 44: 1, 20: 1, 24: 3, 13: 3, 35: 2, 28: 1, 21: 1, 25: 1, 0: 1}","[1693, 435, 1211, 719, 3770, 3239, 5447, 3596, 2529, 1823, 1291, 3851, 5451, 4707, 1376, 3063, 4344, 212, 144, 1071, 4508, 2940, 19, 2857, 2315]",2670,25,0,False,25
1735,human group,location city,32,False,False,True,"{38: 2, 29: 8, 27: 1, 44: 1, 20: 1, 24: 3, 13: 3, 35: 2, 28: 1, 21: 1, 25: 1, 0: 1}","[1693, 435, 1211, 719, 3770, 3239, 5447, 3596, 2529, 1823, 1291, 3851, 5451, 4707, 1376, 3063, 4344, 212, 144, 1071, 4508, 2940, 19, 2857, 2315]",1735,25,0,False,25
532,location other,location country,33,False,False,True,"{38: 2, 29: 8, 27: 1, 44: 1, 20: 1, 24: 3, 13: 3, 35: 2, 28: 1, 21: 1, 25: 1, 0: 1}","[1693, 435, 1211, 719, 3770, 3239, 5447, 3596, 2529, 1823, 1291, 3851, 5451, 4707, 1376, 3063, 4344, 212, 144, 1071, 4508, 2940, 19, 2857, 2315]",532,25,0,False,25
2980,entity other,entity animal,2,False,False,True,"{38: 2, 29: 8, 27: 1, 44: 1, 20: 1, 24: 3, 13: 3, 35: 2, 28: 1, 21: 1, 25: 1, 0: 1}","[1693, 435, 1211, 719, 3770, 3239, 5447, 3596, 2529, 1823, 1291, 3851, 5451, 4707, 1376, 3063, 4344, 212, 144, 1071, 4508, 2940, 19, 2857, 2315]",2980,25,0,False,25
3330,human group,location city,32,False,False,True,"{38: 2, 29: 8, 27: 1, 44: 1, 20: 1, 24: 3, 13: 3, 35: 2, 28: 1, 21: 1, 25: 1, 0: 1}","[1693, 435, 1211, 719, 3770, 3239, 5447, 3596, 2529, 1823, 1291, 3851, 5451, 4707, 1376, 3063, 4344, 212, 144, 1071, 4508, 2940, 19, 2857, 2315]",3330,25,0,False,25
795,human individual,human individual,29,True,True,True,"{38: 2, 29: 8, 27: 1, 44: 1, 20: 1, 24: 3, 13: 3, 35: 2, 28: 1, 21: 1, 25: 1, 0: 1}","[1693, 435, 1211, 719, 3770, 3239, 5447, 3596, 2529, 1823, 1291, 3851, 5451, 4707, 1376, 3063, 4344, 212, 144, 1071, 4508, 2940, 19, 2857, 2315]",795,25,0,False,25
5242,human individual,human individual,29,True,True,True,"{38: 2, 29: 8, 27: 1, 44: 1, 20: 1, 24: 3, 13: 3, 35: 2, 28: 1, 21: 1, 25: 1, 0: 1}","[1693, 435, 1211, 719, 3770, 3239, 5447, 3596, 2529, 1823, 1291, 3851, 5451, 4707, 1376, 3063, 4344, 212, 144, 1071, 4508, 2940, 19, 2857, 2315]",5242,25,0,False,25
5351,human individual,description definition,24,True,False,True,"{38: 2, 29: 8, 27: 1, 44: 1, 20: 1, 24: 3, 13: 3, 35: 2, 28: 1, 21: 1, 25: 1, 0: 1}","[1693, 435, 1211, 719, 3770, 3239, 5447, 3596, 2529, 1823, 1291, 3851, 5451, 4707, 1376, 3063, 4344, 212, 144, 1071, 4508, 2940, 19, 2857, 2315]",5351,25,0,False,25
4785,numeric period,numeric date,39,False,False,True,"{38: 2, 29: 8, 27: 1, 44: 1, 20: 1, 24: 3, 13: 3, 35: 2, 28: 1, 21: 1, 25: 1, 0: 1}","[1693, 435, 1211, 719, 3770, 3239, 5447, 3596, 2529, 1823, 1291, 3851, 5451, 4707, 1376, 3063, 4344, 212, 144, 1071, 4508, 2940, 19, 2857, 2315]",4785,25,0,False,25
5196,description definition,description reason,27,True,False,True,"{38: 2, 29: 8, 27: 1, 44: 1, 20: 1, 24: 3, 13: 3, 35: 2, 28: 1, 21: 1, 25: 1, 0: 1}","[1693, 435, 1211, 719, 3770, 3239, 5447, 3596, 2529, 1823, 1291, 3851, 5451, 4707, 1376, 3063, 4344, 212, 144, 1071, 4508, 2940, 19, 2857, 2315]",5196,25,0,False,25
4951,human individual,human individual,29,True,True,True,"{38: 2, 29: 8, 27: 1, 44: 1, 20: 1, 24: 3, 13: 3, 35: 2, 28: 1, 21: 1, 25: 1, 0: 1}","[1693, 435, 1211, 719, 3770, 3239, 5447, 3596, 2529, 1823, 1291, 3851, 5451, 4707, 1376, 3063, 4344, 212, 144, 1071, 4508, 2940, 19, 2857, 2315]",4951,25,0,False,25
3388,description reason,description reason,27,True,True,True,"{38: 2, 29: 8, 27: 1, 44: 1, 20: 1, 24: 3, 13: 3, 35: 2, 28: 1, 21: 1, 25: 1, 0: 1}","[1693, 435, 1211, 719, 3770, 3239, 5447, 3596, 2529, 1823, 1291, 3851, 5451, 4707, 1376, 3063, 4344, 212, 144, 1071, 4508, 2940, 19, 2857, 2315]",3388,25,0,False,25
1399,human individual,entity creation,5,False,False,True,"{38: 2, 29: 8, 27: 1, 44: 1, 20: 1, 24: 3, 13: 3, 35: 2, 28: 1, 21: 1, 25: 1, 0: 1}","[1693, 435, 1211, 719, 3770, 3239, 5447, 3596, 2529, 1823, 1291, 3851, 5451, 4707, 1376, 3063, 4344, 212, 144, 1071, 4508, 2940, 19, 2857, 2315]",1399,25,0,False,25
935,numeric count,numeric count,38,True,True,True,"{38: 2, 29: 8, 27: 1, 44: 1, 20: 1, 24: 3, 13: 3, 35: 2, 28: 1, 21: 1, 25: 1, 0: 1}","[1693, 435, 1211, 719, 3770, 3239, 5447, 3596, 2529, 1823, 1291, 3851, 5451, 4707, 1376, 3063, 4344, 212, 144, 1071, 4508, 2940, 19, 2857, 2315]",935,25,0,False,25
2269,human individual,human individual,29,True,True,True,"{38: 2, 29: 8, 27: 1, 44: 1, 20: 1, 24: 3, 13: 3, 35: 2, 28: 1, 21: 1, 25: 1, 0: 1}","[1693, 435, 1211, 719, 3770, 3239, 5447, 3596, 2529, 1823, 1291, 3851, 5451, 4707, 1376, 3063, 4344, 212, 144, 1071, 4508, 2940, 19, 2857, 2315]",2269,25,0,False,25
543,human individual,human individual,29,True,True,True,"{38: 2, 29: 8, 27: 1, 44: 1, 20: 1, 24: 3, 13: 3, 35: 2, 28: 1, 21: 1, 25: 1, 0: 1}","[1693, 435, 1211, 719, 3770, 3239, 5447, 3596, 2529, 1823, 1291, 3851, 5451, 4707, 1376, 3063, 4344, 212, 144, 1071, 4508, 2940, 19, 2857, 2315]",543,25,0,False,25
4274,location other,location state,36,False,False,True,"{38: 2, 29: 8, 27: 1, 44: 1, 20: 1, 24: 3, 13: 3, 35: 2, 28: 1, 21: 1, 25: 1, 0: 1}","[1693, 435, 1211, 719, 3770, 3239, 5447, 3596, 2529, 1823, 1291, 3851, 5451, 4707, 1376, 3063, 4344, 212, 144, 1071, 4508, 2940, 19, 2857, 2315]",4274,25,0,False,25
983,description definition,entity color,4,False,False,True,"{38: 2, 29: 8, 27: 1, 44: 1, 20: 1, 24: 3, 13: 3, 35: 2, 28: 1, 21: 1, 25: 1, 0: 1}","[1693, 435, 1211, 719, 3770, 3239, 5447, 3596, 2529, 1823, 1291, 3851, 5451, 4707, 1376, 3063, 4344, 212, 144, 1071, 4508, 2940, 19, 2857, 2315]",983,25,0,False,25
3708,human individual,human individual,29,True,True,True,"{38: 2, 29: 8, 27: 1, 44: 1, 20: 1, 24: 3, 13: 3, 35: 2, 28: 1, 21: 1, 25: 1, 0: 1}","[1693, 435, 1211, 719, 3770, 3239, 5447, 3596, 2529, 1823, 1291, 3851, 5451, 4707, 1376, 3063, 4344, 212, 144, 1071, 4508, 2940, 19, 2857, 2315]",3708,25,0,False,25
1820,entity other,location other,35,True,False,True,"{38: 2, 29: 8, 27: 1, 44: 1, 20: 1, 24: 3, 13: 3, 35: 2, 28: 1, 21: 1, 25: 1, 0: 1}","[1693, 435, 1211, 719, 3770, 3239, 5447, 3596, 2529, 1823, 1291, 3851, 5451, 4707, 1376, 3063, 4344, 212, 144, 1071, 4508, 2940, 19, 2857, 2315]",1820,25,0,False,25
2326,human individual,human individual,29,True,True,True,"{38: 2, 29: 8, 27: 1, 44: 1, 20: 1, 24: 3, 13: 3, 35: 2, 28: 1, 21: 1, 25: 1, 0: 1}","[1693, 435, 1211, 719, 3770, 3239, 5447, 3596, 2529, 1823, 1291, 3851, 5451, 4707, 1376, 3063, 4344, 212, 144, 1071, 4508, 2940, 19, 2857, 2315]",2326,25,0,False,25
5428,human individual,human individual,29,True,True,True,"{38: 2, 29: 8, 27: 1, 44: 1, 20: 1, 24: 3, 13: 3, 35: 2, 28: 1, 21: 1, 25: 1, 0: 1}","[1693, 435, 1211, 719, 3770, 3239, 5447, 3596, 2529, 1823, 1291, 3851, 5451, 4707, 1376, 3063, 4344, 212, 144, 1071, 4508, 2940, 19, 2857, 2315]",5428,25,0,False,25
192,entity other,location other,35,True,False,True,"{38: 2, 29: 8, 27: 1, 44: 1, 20: 1, 24: 3, 13: 3, 35: 2, 28: 1, 21: 1, 25: 1, 0: 1}","[1693, 435, 1211, 719, 3770, 3239, 5447, 3596, 2529, 1823, 1291, 3851, 5451, 4707, 1376, 3063, 4344, 212, 144, 1071, 4508, 2940, 19, 2857, 2315]",192,25,0,False,25
1521,description definition,location other,35,True,False,True,"{38: 2, 29: 8, 27: 1, 44: 1, 20: 1, 24: 3, 13: 3, 35: 2, 28: 1, 21: 1, 25: 1, 0: 1}","[1693, 435, 1211, 719, 3770, 3239, 5447, 3596, 2529, 1823, 1291, 3851, 5451, 4707, 1376, 3063, 4344, 212, 144, 1071, 4508, 2940, 19, 2857, 2315]",1521,25,0,False,25
1338,human individual,human individual,29,True,True,True,"{38: 2, 29: 8, 27: 1, 44: 1, 20: 1, 24: 3, 13: 3, 35: 2, 28: 1, 21: 1, 25: 1, 0: 1}","[1693, 435, 1211, 719, 3770, 3239, 5447, 3596, 2529, 1823, 1291, 3851, 5451, 4707, 1376, 3063, 4344, 212, 144, 1071, 4508, 2940, 19, 2857, 2315]",1338,25,0,False,25
2938,description definition,entity subst,18,False,False,True,"{38: 2, 29: 8, 27: 1, 44: 1, 20: 1, 24: 3, 13: 3, 35: 2, 28: 1, 21: 1, 25: 1, 0: 1}","[1693, 435, 1211, 719, 3770, 3239, 5447, 3596, 2529, 1823, 1291, 3851, 5451, 4707, 1376, 3063, 4344, 212, 144, 1071, 4508, 2940, 19, 2857, 2315]",2938,25,0,False,25
2504,numeric period,numeric date,39,False,False,True,"{38: 2, 29: 8, 27: 1, 44: 1, 20: 1, 24: 3, 13: 3, 35: 2, 28: 1, 21: 1, 25: 1, 0: 1}","[1693, 435, 1211, 719, 3770, 3239, 5447, 3596, 2529, 1823, 1291, 3851, 5451, 4707, 1376, 3063, 4344, 212, 144, 1071, 4508, 2940, 19, 2857, 2315]",2504,25,0,False,25
5245,numeric count,numeric count,38,True,True,True,"{38: 2, 29: 8, 27: 1, 44: 1, 20: 1, 24: 3, 13: 3, 35: 2, 28: 1, 21: 1, 25: 1, 0: 1}","[1693, 435, 1211, 719, 3770, 3239, 5447, 3596, 2529, 1823, 1291, 3851, 5451, 4707, 1376, 3063, 4344, 212, 144, 1071, 4508, 2940, 19, 2857, 2315]",5245,25,0,False,25
1858,description definition,description description,25,True,False,True,"{38: 2, 29: 8, 27: 1, 44: 1, 20: 1, 24: 3, 13: 3, 35: 2, 28: 1, 21: 1, 25: 1, 0: 1}","[1693, 435, 1211, 719, 3770, 3239, 5447, 3596, 2529, 1823, 1291, 3851, 5451, 4707, 1376, 3063, 4344, 212, 144, 1071, 4508, 2940, 19, 2857, 2315]",1858,25,0,False,25
4641,human individual,human individual,29,True,True,True,"{38: 2, 29: 8, 27: 1, 44: 1, 20: 1, 24: 3, 13: 3, 35: 2, 28: 1, 21: 1, 25: 1, 0: 1}","[1693, 435, 1211, 719, 3770, 3239, 5447, 3596, 2529, 1823, 1291, 3851, 5451, 4707, 1376, 3063, 4344, 212, 144, 1071, 4508, 2940, 19, 2857, 2315]",4641,25,0,False,25
415,location other,location other,35,True,True,True,"{38: 2, 29: 8, 27: 1, 44: 1, 20: 1, 24: 3, 13: 3, 35: 2, 28: 1, 21: 1, 25: 1, 0: 1}","[1693, 435, 1211, 719, 3770, 3239, 5447, 3596, 2529, 1823, 1291, 3851, 5451, 4707, 1376, 3063, 4344, 212, 144, 1071, 4508, 2940, 19, 2857, 2315]",415,25,0,False,25
742,abbreviation abbreviation,abbreviation expansion,1,False,False,False,"{38: 2, 29: 8, 27: 1, 44: 1, 20: 1, 24: 3, 13: 3, 35: 2, 28: 1, 21: 1, 25: 1, 0: 1}","[1693, 435, 1211, 719, 3770, 3239, 5447, 3596, 2529, 1823, 1291, 3851, 5451, 4707, 1376, 3063, 4344, 212, 144, 1071, 4508, 2940, 19, 2857, 2315]",742,25,0,False,25
4218,numeric count,numeric count,38,True,True,True,"{38: 2, 29: 8, 27: 1, 44: 1, 20: 1, 24: 3, 13: 3, 35: 2, 28: 1, 21: 1, 25: 1, 0: 1}","[1693, 435, 1211, 719, 3770, 3239, 5447, 3596, 2529, 1823, 1291, 3851, 5451, 4707, 1376, 3063, 4344, 212, 144, 1071, 4508, 2940, 19, 2857, 2315]",4218,25,0,False,25
3218,numeric count,numeric period,44,True,False,True,"{38: 2, 29: 8, 27: 1, 44: 1, 20: 1, 24: 3, 13: 3, 35: 2, 28: 1, 21: 1, 25: 1, 0: 1}","[1693, 435, 1211, 719, 3770, 3239, 5447, 3596, 2529, 1823, 1291, 3851, 5451, 4707, 1376, 3063, 4344, 212, 144, 1071, 4508, 2940, 19, 2857, 2315]",3218,25,0,False,25
2961,numeric count,numeric count,38,True,True,True,"{38: 2, 29: 8, 27: 1, 44: 1, 20: 1, 24: 3, 13: 3, 35: 2, 28: 1, 21: 1, 25: 1, 0: 1}","[1693, 435, 1211, 719, 3770, 3239, 5447, 3596, 2529, 1823, 1291, 3851, 5451, 4707, 1376, 3063, 4344, 212, 144, 1071, 4508, 2940, 19, 2857, 2315]",2961,25,0,False,25
1112,entity technique,description manner,26,False,False,True,"{38: 2, 29: 8, 27: 1, 44: 1, 20: 1, 24: 3, 13: 3, 35: 2, 28: 1, 21: 1, 25: 1, 0: 1}","[1693, 435, 1211, 719, 3770, 3239, 5447, 3596, 2529, 1823, 1291, 3851, 5451, 4707, 1376, 3063, 4344, 212, 144, 1071, 4508, 2940, 19, 2857, 2315]",1112,25,0,False,25
2377,location other,location country,33,False,False,True,"{38: 2, 29: 8, 27: 1, 44: 1, 20: 1, 24: 3, 13: 3, 35: 2, 28: 1, 21: 1, 25: 1, 0: 1}","[1693, 435, 1211, 719, 3770, 3239, 5447, 3596, 2529, 1823, 1291, 3851, 5451, 4707, 1376, 3063, 4344, 212, 144, 1071, 4508, 2940, 19, 2857, 2315]",2377,25,0,False,25
4325,location other,location other,35,True,True,True,"{38: 2, 29: 8, 27: 1, 44: 1, 20: 1, 24: 3, 13: 3, 35: 2, 28: 1, 21: 1, 25: 1, 0: 1}","[1693, 435, 1211, 719, 3770, 3239, 5447, 3596, 2529, 1823, 1291, 3851, 5451, 4707, 1376, 3063, 4344, 212, 144, 1071, 4508, 2940, 19, 2857, 2315]",4325,25,0,False,25
1383,location other,location country,33,False,False,True,"{38: 2, 29: 8, 27: 1, 44: 1, 20: 1, 24: 3, 13: 3, 35: 2, 28: 1, 21: 1, 25: 1, 0: 1}","[1693, 435, 1211, 719, 3770, 3239, 5447, 3596, 2529, 1823, 1291, 3851, 5451, 4707, 1376, 3063, 4344, 212, 144, 1071, 4508, 2940, 19, 2857, 2315]",1383,25,0,False,25
251,numeric period,numeric speed,46,False,False,True,"{38: 2, 29: 8, 27: 1, 44: 1, 20: 1, 24: 3, 13: 3, 35: 2, 28: 1, 21: 1, 25: 1, 0: 1}","[1693, 435, 1211, 719, 3770, 3239, 5447, 3596, 2529, 1823, 1291, 3851, 5451, 4707, 1376, 3063, 4344, 212, 144, 1071, 4508, 2940, 19, 2857, 2315]",251,25,0,False,25
4746,description reason,description manner,26,False,False,True,"{38: 2, 29: 8, 27: 1, 44: 1, 20: 1, 24: 3, 13: 3, 35: 2, 28: 1, 21: 1, 25: 1, 0: 1}","[1693, 435, 1211, 719, 3770, 3239, 5447, 3596, 2529, 1823, 1291, 3851, 5451, 4707, 1376, 3063, 4344, 212, 144, 1071, 4508, 2940, 19, 2857, 2315]",4746,25,0,False,25
4444,entity other,entity product,15,False,False,True,"{38: 2, 29: 8, 27: 1, 44: 1, 20: 1, 24: 3, 13: 3, 35: 2, 28: 1, 21: 1, 25: 1, 0: 1}","[1693, 435, 1211, 719, 3770, 3239, 5447, 3596, 2529, 1823, 1291, 3851, 5451, 4707, 1376, 3063, 4344, 212, 144, 1071, 4508, 2940, 19, 2857, 2315]",4444,25,0,False,25
2342,numeric count,description definition,24,True,False,True,"{38: 2, 29: 8, 27: 1, 44: 1, 20: 1, 24: 3, 13: 3, 35: 2, 28: 1, 21: 1, 25: 1, 0: 1}","[1693, 435, 1211, 719, 3770, 3239, 5447, 3596, 2529, 1823, 1291, 3851, 5451, 4707, 1376, 3063, 4344, 212, 144, 1071, 4508, 2940, 19, 2857, 2315]",2342,25,0,False,25
4439,human group,human group,28,True,True,True,"{38: 2, 29: 8, 27: 1, 44: 1, 20: 1, 24: 3, 13: 3, 35: 2, 28: 1, 21: 1, 25: 1, 0: 1}","[1693, 435, 1211, 719, 3770, 3239, 5447, 3596, 2529, 1823, 1291, 3851, 5451, 4707, 1376, 3063, 4344, 212, 144, 1071, 4508, 2940, 19, 2857, 2315]",4439,25,0,False,25
2988,abbreviation abbreviation,abbreviation abbre,0,True,True,False,"{38: 2, 29: 8, 27: 1, 44: 1, 20: 1, 24: 3, 13: 3, 35: 2, 28: 1, 21: 1, 25: 1, 0: 1}","[1693, 435, 1211, 719, 3770, 3239, 5447, 3596, 2529, 1823, 1291, 3851, 5451, 4707, 1376, 3063, 4344, 212, 144, 1071, 4508, 2940, 19, 2857, 2315]",2988,25,0,False,25
1318,human individual,human individual,29,True,True,True,"{38: 2, 29: 8, 27: 1, 44: 1, 20: 1, 24: 3, 13: 3, 35: 2, 28: 1, 21: 1, 25: 1, 0: 1}","[1693, 435, 1211, 719, 3770, 3239, 5447, 3596, 2529, 1823, 1291, 3851, 5451, 4707, 1376, 3063, 4344, 212, 144, 1071, 4508, 2940, 19, 2857, 2315]",1318,25,0,False,25
1804,numeric count,numeric period,44,True,False,True,"{38: 2, 29: 8, 27: 1, 44: 1, 20: 1, 24: 3, 13: 3, 35: 2, 28: 1, 21: 1, 25: 1, 0: 1}","[1693, 435, 1211, 719, 3770, 3239, 5447, 3596, 2529, 1823, 1291, 3851, 5451, 4707, 1376, 3063, 4344, 212, 144, 1071, 4508, 2940, 19, 2857, 2315]",1804,25,0,False,25
4108,entity term,entity word,23,False,False,True,"{38: 2, 29: 8, 27: 1, 44: 1, 20: 1, 24: 3, 13: 3, 35: 2, 28: 1, 21: 1, 25: 1, 0: 1}","[1693, 435, 1211, 719, 3770, 3239, 5447, 3596, 2529, 1823, 1291, 3851, 5451, 4707, 1376, 3063, 4344, 212, 144, 1071, 4508, 2940, 19, 2857, 2315]",4108,25,0,False,25
601,description definition,description description,25,True,False,True,"{38: 2, 29: 8, 27: 1, 44: 1, 20: 1, 24: 3, 13: 3, 35: 2, 28: 1, 21: 1, 25: 1, 0: 1}","[1693, 435, 1211, 719, 3770, 3239, 5447, 3596, 2529, 1823, 1291, 3851, 5451, 4707, 1376, 3063, 4344, 212, 144, 1071, 4508, 2940, 19, 2857, 2315]",601,25,0,False,25
4088,entity other,entity plant,14,False,False,True,"{38: 2, 29: 8, 27: 1, 44: 1, 20: 1, 24: 3, 13: 3, 35: 2, 28: 1, 21: 1, 25: 1, 0: 1}","[1693, 435, 1211, 719, 3770, 3239, 5447, 3596, 2529, 1823, 1291, 3851, 5451, 4707, 1376, 3063, 4344, 212, 144, 1071, 4508, 2940, 19, 2857, 2315]",4088,25,0,False,25
1314,description definition,entity animal,2,False,False,True,"{38: 2, 29: 8, 27: 1, 44: 1, 20: 1, 24: 3, 13: 3, 35: 2, 28: 1, 21: 1, 25: 1, 0: 1}","[1693, 435, 1211, 719, 3770, 3239, 5447, 3596, 2529, 1823, 1291, 3851, 5451, 4707, 1376, 3063, 4344, 212, 144, 1071, 4508, 2940, 19, 2857, 2315]",1314,25,0,False,25
4693,numeric period,numeric date,39,False,False,True,"{38: 2, 29: 8, 27: 1, 44: 1, 20: 1, 24: 3, 13: 3, 35: 2, 28: 1, 21: 1, 25: 1, 0: 1}","[1693, 435, 1211, 719, 3770, 3239, 5447, 3596, 2529, 1823, 1291, 3851, 5451, 4707, 1376, 3063, 4344, 212, 144, 1071, 4508, 2940, 19, 2857, 2315]",4693,25,0,False,25
3146,description definition,entity term,21,True,False,True,"{38: 2, 29: 8, 27: 1, 44: 1, 20: 1, 24: 3, 13: 3, 35: 2, 28: 1, 21: 1, 25: 1, 0: 1}","[1693, 435, 1211, 719, 3770, 3239, 5447, 3596, 2529, 1823, 1291, 3851, 5451, 4707, 1376, 3063, 4344, 212, 144, 1071, 4508, 2940, 19, 2857, 2315]",3146,25,0,False,25
